building_id,damage_grade
300051,3
99355,2
890251,2
745817,1
421793,3
871976,2
691228,1
896100,3
343471,2
766647,2
800548,2
652685,2
590834,2
612530,3
535718,2
269418,2
281421,2
797571,2
216579,2
81554,2
132785,2
976125,3
851237,3
322922,3
786774,2
922680,2
134349,3
551456,2
194812,2
520031,3
765502,3
517764,1
174470,2
395012,2
159776,2
62638,2
65760,2
761527,2
37201,2
853163,2
562505,2
349010,3
780817,2
179897,2
845103,3
171560,3
586661,2
84102,2
610806,3
269531,2
3781,2
127674,3
820462,2
955190,2
405557,2
143219,3
360041,1
378036,2
613583,3
992040,2
849585,2
491236,3
847580,3
229211,3
173624,2
642562,2
86467,2
684629,1
304627,2
255913,3
861624,2
367328,1
13216,3
838446,3
981040,2
335849,2
823769,2
666855,2
398783,2
829946,2
326177,3
359387,3
924578,2
712624,2
946541,2
373943,2
865274,1
522404,2
841632,3
649142,2
332157,1
722082,1
279597,2
107512,2
26477,2
138895,2
553866,2
157718,3
582842,3
123399,2
189875,2
70843,1
225218,2
703273,2
245176,2
760257,3
641933,2
76772,2
302226,2
535232,3
311900,2
859468,2
496582,3
970295,2
38184,2
533972,2
787930,2
706637,2
684359,2
744804,2
675284,2
900064,2
13833,2
483231,2
993785,2
91756,2
116435,3
27649,2
806119,2
527762,2
119879,2
521901,2
960588,2
150992,1
136949,2
681857,3
676342,3
85413,2
242230,3
46916,3
343837,3
693348,3
826208,2
639042,2
180348,3
997642,2
1014983,3
995476,2
599482,2
405738,2
209844,2
51119,2
1009242,2
260072,2
504317,2
678345,2
96671,2
738466,2
475174,2
767788,2
73477,1
140388,3
514634,3
59716,3
1038485,3
531485,2
666051,3
799813,2
420703,2
589536,2
661373,3
183074,3
875195,2
734876,3
988161,2
596967,3
370776,3
422000,1
829879,2
622400,2
789622,3
780895,2
14602,2
988846,3
1052375,2
101200,2
1005009,3
892887,3
582579,2
643663,2
420773,2
593771,2
678254,2
842277,2
797666,2
247831,2
987658,2
738804,3
803821,2
450829,2
490713,3
317799,2
260213,2
563507,2
890921,3
358475,2
877097,2
611331,3
140112,2
489116,2
751219,2
637592,1
363399,2
349807,2
1010213,2
274275,2
422044,2
635742,1
162240,2
380659,3
39235,2
594817,2
276267,2
622421,2
411651,3
528011,3
851293,2
669376,2
1753,2
638718,2
751101,3
559460,2
76515,3
80460,1
553776,1
312150,3
772309,3
437345,2
487537,3
393387,2
891125,1
1023631,2
107261,2
126191,2
137116,3
929006,2
222150,2
910002,2
86044,3
176074,2
153074,1
610702,1
856941,2
617478,2
485928,2
922208,1
306370,2
236678,2
419900,2
699568,3
771219,2
991482,2
211384,2
607193,3
911675,2
526435,2
303475,2
592882,3
715235,3
493169,2
981940,2
991842,2
942957,2
547080,2
636191,2
823756,2
151559,2
467575,2
17506,2
356258,2
235542,2
950690,2
715814,2
755888,3
550420,2
447977,2
490413,3
497546,2
975798,2
27136,2
705001,3
827358,3
812768,3
198545,2
69810,2
687284,2
169271,2
560991,3
89659,2
196494,3
978469,3
541401,2
762181,3
887981,2
974381,1
214827,2
14115,2
150603,3
236827,2
826290,3
1016586,2
417251,2
199989,2
41040,2
329865,2
446380,3
573543,2
79534,2
543998,3
675804,1
631605,1
715430,2
727165,3
453777,3
887410,2
808062,3
1953,2
540933,2
623996,2
352967,2
709290,1
68067,2
968956,2
1012455,2
774608,2
240334,2
696228,2
559784,2
769031,3
474176,2
507163,2
603898,2
759753,3
645053,1
847961,2
163437,1
205013,2
937195,2
817641,2
343929,3
734640,3
906212,3
1001446,3
42716,2
419453,3
340413,2
721995,2
652323,2
458622,3
1005075,2
331964,1
931599,2
180058,3
1035486,2
922921,2
691109,2
244922,3
124734,2
545585,2
51735,3
668804,2
817800,2
505387,2
927828,2
667734,2
71864,1
275425,1
253666,3
38136,3
1045388,1
834056,2
830675,3
172719,2
281148,1
940273,2
321838,2
486381,2
653205,3
835269,2
81648,2
172425,3
727971,3
928472,3
895215,3
1023647,2
997859,2
29304,2
57153,3
528607,2
749817,2
706544,2
760999,2
778465,3
987945,3
177903,1
639871,1
829665,2
823007,2
877761,2
960378,3
994124,2
461282,2
569582,2
474338,2
446462,3
489129,2
66319,2
639951,3
4119,2
359974,1
543191,1
595402,3
1022182,2
216000,3
938235,3
292853,2
904254,2
694129,2
63746,2
925788,2
1040364,2
231970,2
667627,3
24760,2
281116,2
628374,2
927502,2
917261,1
925061,2
754879,2
648017,2
1048403,2
345848,2
206436,3
163503,2
612314,2
319962,3
652056,2
1014522,2
13140,2
214595,2
766431,2
127828,3
762655,3
79942,2
531579,2
762192,2
517526,2
790207,3
403017,3
325920,2
707937,2
788206,2
139898,3
296391,2
142435,3
133505,2
869304,2
842457,2
202608,3
161175,2
405360,2
86071,2
367521,2
432450,2
673069,2
580987,2
165889,2
482079,2
258213,2
746545,2
807496,1
63435,2
929945,2
454423,2
125564,3
1039578,2
821925,3
611670,2
848791,2
315114,2
806337,3
885249,2
44495,2
822683,3
65363,2
479789,3
935930,2
1038670,2
591363,3
897543,1
1021192,2
432497,3
626116,2
802777,2
458484,2
1016345,2
414200,2
332952,2
720464,2
674703,2
1010825,2
321516,2
417928,3
333110,3
182263,3
393724,2
39202,2
908606,2
396017,2
304135,2
164793,2
482805,2
943235,2
748629,2
533604,2
987726,2
183332,2
919789,2
525426,3
492097,3
445632,3
135396,2
89664,2
74349,2
431439,2
86065,3
32461,2
682601,2
842096,3
880209,3
729985,2
376156,3
1037740,2
870218,2
1030997,2
483615,2
710508,2
313014,2
454847,3
671272,2
53161,2
506799,3
268052,2
876028,2
760509,3
861075,2
365895,1
1007691,2
274188,2
309808,3
209749,1
318976,2
918521,2
395641,2
749278,2
267894,2
640918,1
152525,2
343831,2
1001165,3
924792,3
367506,2
334478,2
339989,3
339923,3
539661,3
933154,2
592975,2
954433,3
277788,2
307330,3
705397,2
583334,3
693735,2
518430,2
978725,2
653594,2
329473,2
207762,2
712636,2
538475,3
880616,2
118979,2
737798,2
366420,2
982240,3
486292,2
126336,2
96487,2
59634,2
664938,3
177258,3
965004,2
126895,2
265161,3
842959,2
173423,3
620874,2
323367,2
532370,3
612947,1
175841,3
275722,1
368768,2
120903,2
572270,2
308404,2
205929,2
840774,3
486200,2
412846,2
632415,2
1040817,2
628648,2
708385,2
909863,2
233843,1
111109,2
4292,3
800414,2
528939,2
833874,2
755543,2
874881,1
158145,3
589873,2
818158,2
858851,3
424589,2
762852,2
870345,3
634026,3
1018649,3
520532,2
940151,2
749772,3
898810,2
704627,3
975015,2
356457,2
287647,2
942541,2
594747,1
741464,2
91322,3
318398,2
927932,2
570044,3
443801,3
287863,2
535407,3
1017768,3
704824,2
740522,1
715884,2
132334,2
563372,2
771983,2
532594,1
423153,2
71122,2
398223,2
366404,3
238434,2
401221,2
349631,2
584806,2
927035,3
680955,2
90234,3
316892,1
1047200,2
415823,2
720019,3
852047,2
429279,3
787250,2
292896,2
753758,3
520399,2
624468,2
901271,2
230481,2
315428,2
113116,3
571049,2
949230,3
215504,2
896543,2
554433,2
1038953,1
168925,2
458736,2
806870,2
760371,3
618714,3
318145,2
536583,2
259130,1
500582,2
925915,3
86077,2
273217,2
350688,2
888691,3
146226,2
820883,3
525863,3
317365,2
223739,2
413605,2
524136,2
816052,3
478700,2
392273,1
634265,3
412986,2
668012,2
542492,1
732332,2
594982,2
67682,3
727629,2
37736,3
828278,3
91944,3
39638,1
983758,2
546088,2
103063,2
166373,2
424619,1
734119,2
251749,2
287239,3
1032709,2
422001,3
617850,3
1032294,3
943078,2
764108,2
234124,2
752055,3
903784,2
575256,2
300171,3
616284,2
243056,2
211269,3
359377,3
1012900,2
603982,3
608052,3
313351,3
214283,2
11017,2
833642,2
379498,2
583312,2
427877,2
241390,2
935643,2
894875,3
738062,2
569988,3
897228,2
897742,3
802442,3
378934,2
434104,2
130131,2
917504,3
381221,2
842945,2
19464,2
782611,3
678886,3
181643,2
468227,2
22122,2
673126,2
251086,2
1011460,2
865409,2
161348,2
944349,2
703805,2
379057,2
1031958,2
939133,1
699842,2
911850,2
39094,3
1011128,2
692163,3
618447,2
408273,1
664557,3
685263,2
153823,2
946135,2
973862,3
147075,3
358849,2
657631,2
227355,3
259404,2
676019,2
112975,3
301498,1
697832,1
62130,2
103664,2
267310,3
714969,3
563223,2
318160,3
905730,3
224906,1
951251,3
674971,3
556501,2
190313,2
269967,2
93171,2
814381,2
914057,3
4331,1
314332,2
316847,2
750027,2
102105,3
887552,3
588392,2
1004091,2
660054,3
704125,2
612306,2
694889,2
412612,3
949659,2
801510,2
169955,2
642259,3
82044,3
877316,2
360857,3
833784,2
421265,2
471919,3
297701,2
869548,2
939321,2
620062,1
783029,2
51891,2
943158,2
853263,3
757894,2
324907,2
301015,3
34666,2
378699,2
104751,2
259680,3
477024,2
825292,2
125276,2
521704,2
458784,2
492045,2
55288,2
461718,1
463178,2
821733,2
640126,1
1027551,3
109429,2
741166,1
431261,2
336147,2
39964,3
82447,2
1044850,2
363165,2
477063,3
138024,2
1008103,2
889218,2
931531,1
2922,2
883493,2
442767,3
951395,3
314494,3
88036,2
705353,2
536090,2
642505,2
116454,1
243354,2
538164,2
818210,3
732326,1
1006654,3
130803,2
644770,3
605417,2
353537,2
488394,2
594096,3
391578,2
25760,2
369955,2
18976,3
988973,3
725241,2
383180,3
820491,2
868557,2
254588,2
929901,2
1011643,2
614702,3
781560,2
531699,2
678120,3
9583,2
504972,3
484828,2
370796,2
124489,2
893653,2
104152,2
5533,2
30085,3
802619,2
138430,3
40504,2
456354,2
690267,2
197692,3
770574,3
321893,2
361256,2
756641,2
86005,3
457486,2
50276,2
579407,2
485678,2
543332,2
238843,2
57574,3
948385,1
900533,2
590421,2
502113,3
961122,1
548568,3
37646,2
318413,3
248449,1
820987,3
628283,2
589164,1
265063,2
245121,2
771015,2
717511,1
225200,1
11451,2
1374,2
1030810,2
950432,2
852734,3
532154,3
116157,2
917555,2
866869,3
712043,2
178034,2
670046,3
782494,3
305942,3
925513,2
356148,3
279932,3
49257,2
452498,2
445656,1
475079,2
623887,2
291814,2
740676,1
440988,3
578059,2
349622,2
64403,2
587609,2
462019,2
884731,3
61093,3
595448,2
469550,2
498825,2
691069,2
300188,1
456642,2
985913,2
260374,2
479829,2
881296,2
90970,3
340415,2
779807,3
597432,2
912303,2
467447,3
368068,3
207086,2
53665,3
458054,2
364935,3
30690,3
355897,2
954123,1
730526,2
121546,1
87515,3
659412,2
80885,2
451318,3
684580,2
404916,3
426415,2
335986,2
872123,2
502783,1
814431,3
537980,2
541801,2
164926,2
174699,2
432699,3
673198,1
572582,2
636377,2
87215,3
200284,2
139355,2
815643,2
152343,2
509782,2
95131,2
603803,3
742884,2
5131,2
206466,2
509106,3
170483,2
646997,2
854151,3
865174,3
399351,2
315218,3
561266,2
914524,2
845565,3
1049713,2
777483,3
282804,1
781009,2
251417,2
416032,1
404068,3
281507,3
18115,2
981798,2
368464,2
125975,2
901872,3
834186,3
215356,2
706519,2
647632,3
378645,2
83896,2
992557,2
123359,1
201195,1
459457,2
470938,2
509680,2
869612,2
185016,2
106665,3
81728,3
982291,2
862637,3
170836,2
736534,1
343073,2
32973,2
993314,2
219142,2
614937,2
1039817,2
145301,3
729808,2
385399,3
807471,3
942411,1
800609,2
951343,2
310961,2
256931,3
411445,2
541725,2
338618,2
683701,2
696406,2
841711,2
38085,2
108810,2
807038,1
1048790,2
689491,3
278467,3
176110,2
1052818,2
378835,2
73832,2
317184,2
314336,3
962331,2
616593,2
622750,2
478613,2
65879,2
870445,3
496426,3
686071,2
104274,3
50095,3
711641,2
88854,2
759844,2
674817,2
948830,3
265657,2
705412,2
980066,3
629351,1
116790,3
877579,2
781403,2
236423,2
146774,2
716073,2
905669,3
847689,2
986474,2
403223,2
672514,2
535861,3
96757,2
758819,2
367120,3
319374,3
908274,3
995785,2
416047,2
728074,2
389014,3
22159,3
779969,2
848549,3
841982,2
993506,2
647786,2
453916,2
1026030,2
941094,2
231313,2
94633,2
403987,2
204938,2
623940,2
190958,2
920541,2
375277,2
861681,3
229447,2
712068,2
146702,2
462048,2
743166,3
214461,3
884218,2
917637,3
264752,2
459530,2
371072,2
635906,2
791708,2
476346,3
524002,2
189853,2
83387,3
805017,3
360426,2
21372,3
79924,1
555525,2
587601,3
560189,3
258517,2
857200,3
751622,2
811792,2
403064,2
883431,2
186504,2
46643,2
763052,2
17402,2
890177,2
520057,3
813124,2
825547,2
429240,3
978836,1
860940,2
537736,3
778584,2
795670,2
891973,3
329457,2
753523,1
153928,2
948754,2
197055,2
900423,2
402445,2
191347,2
669916,1
460534,2
489883,2
916388,1
954983,2
98375,2
764776,3
702629,1
212531,3
310398,3
154721,2
346534,2
172050,3
405923,2
428442,3
894676,2
295962,2
533977,2
368460,2
936472,2
835645,3
413294,2
939323,2
126349,3
680581,3
499119,2
881381,2
15677,2
51472,3
661107,2
140667,3
230371,2
795162,3
21348,3
400932,3
1047288,1
415304,2
169364,2
178074,3
281231,2
4060,2
188073,3
992564,2
86895,3
838669,2
251159,1
945382,2
167927,3
766390,2
71018,3
415893,2
382779,2
289031,2
264217,3
670913,2
591316,2
624757,2
250674,2
873161,2
962200,2
185545,2
396854,3
123061,1
379523,2
477138,2
613578,1
555909,2
840455,2
36950,2
939011,2
786018,2
302522,2
205157,3
495689,2
567330,2
480366,2
700664,2
848039,3
196348,3
383896,2
364173,3
310285,2
255879,2
23339,1
918573,3
296993,2
973609,2
511876,2
45623,2
561826,2
864934,2
11987,2
149129,2
98410,3
932515,2
421394,2
486836,2
548882,2
679405,2
118935,2
379784,2
943229,2
691862,2
175809,2
1017630,2
131394,2
669939,2
891922,2
514559,2
418829,2
834883,2
7493,3
39443,2
188267,2
792519,2
33497,3
384158,2
549823,3
553971,2
645982,1
833252,2
463392,2
702612,2
421297,2
828235,2
904154,3
181944,2
663903,1
590976,2
606755,2
309290,2
879039,2
319453,2
726870,2
435457,2
270822,3
988469,1
740879,2
521020,2
213793,2
276687,1
818046,2
456935,1
169453,2
1032424,2
838996,2
415969,2
832138,2
300515,3
352028,2
483993,2
136231,2
583178,1
238706,2
190064,2
789660,2
93752,2
849862,2
488452,2
316025,2
179036,2
649036,2
122755,2
84887,2
238742,2
609441,3
753985,2
940750,2
199646,1
694027,1
560090,2
630363,2
503468,3
483073,2
472189,2
112013,2
751566,2
989842,2
557415,2
869866,3
288584,2
1000239,3
885328,2
127626,3
160262,3
375487,2
749089,1
743196,2
762422,2
902995,2
742896,2
809318,3
555248,3
590206,2
57455,1
1015819,2
222747,2
402519,2
19999,2
939824,3
338453,2
227386,3
995994,2
895001,2
581433,3
518082,2
10087,2
474509,3
543482,2
156610,2
383203,2
157896,2
397412,3
640732,2
31360,3
877202,2
460248,3
791260,2
836303,2
1013859,2
281024,2
512657,3
888481,3
792049,2
707,3
562559,2
614067,2
344796,2
51990,2
39433,2
714259,2
906003,2
833401,2
350994,2
270586,2
489731,3
436102,2
907909,3
851285,3
467106,2
1029978,1
151245,2
5094,2
227819,2
806189,2
544796,1
768619,2
602353,2
580598,2
83535,1
263515,2
558060,2
654739,3
736020,2
231719,3
433368,3
686464,2
159064,3
105688,2
1031235,2
693774,2
416512,2
758723,2
213966,3
289978,2
121750,2
168371,2
433929,3
983866,2
89878,2
136835,3
558314,2
984346,2
363936,3
102237,2
973668,2
388851,2
398415,2
531252,2
796,2
763046,2
1005924,2
2406,3
228238,2
297740,2
284657,3
877332,2
529767,3
527886,1
942105,1
612426,3
408854,2
164821,2
810940,3
110310,3
212248,3
693821,2
417066,2
313317,2
877464,1
790350,2
963249,2
156288,2
159558,2
121691,1
398976,2
313329,2
244735,2
461314,3
708984,3
703484,2
415298,2
18864,3
831455,3
624550,3
1032305,1
372510,2
733736,3
895224,2
551208,2
810930,2
102973,3
107905,3
427853,2
383689,1
640297,2
83031,2
395653,3
230507,3
347204,2
1015591,3
602955,2
645802,2
654922,3
1020409,2
242526,3
429856,3
264338,2
446376,3
385120,2
349858,2
980362,2
277366,2
881087,2
476608,3
476096,2
199294,3
697327,2
340752,3
540676,3
146802,1
149414,3
795371,2
819555,2
315042,3
673388,2
820155,2
1001779,2
163347,2
951993,3
406816,2
924654,2
793420,3
795567,2
138176,2
882961,3
556734,2
279760,2
936844,2
604038,2
589520,2
846384,2
942326,3
198960,2
57377,3
582287,2
122553,2
110280,2
248550,3
82649,2
924718,2
278597,2
931830,2
537739,3
376497,2
156787,2
987218,2
227339,2
701871,2
72083,2
80615,2
809005,2
13872,3
377523,2
428761,2
281564,2
41749,2
997896,2
995259,3
131889,3
846133,3
110971,3
841050,2
905814,2
838915,2
507260,2
379517,3
852861,2
848422,2
1049426,2
833917,2
467895,2
150791,3
146946,1
61721,2
162656,3
501173,3
183711,3
444878,3
322117,2
970807,2
697610,2
869791,2
667150,2
634417,3
454992,2
833499,2
206449,2
103437,3
862620,3
819801,2
502820,3
230035,2
456852,2
364425,3
247996,3
324271,2
447731,3
988021,2
715801,3
471066,2
313,3
1042879,2
545936,2
271819,2
373928,2
344087,3
532507,2
93257,1
929211,3
85328,3
235813,3
1016972,2
199696,2
1802,2
677374,3
165326,2
707205,2
68853,3
786678,2
1026695,1
700035,2
83648,3
375861,3
697950,3
671009,2
813724,3
387109,2
207568,3
640061,3
204084,2
81560,2
433322,2
765326,3
732412,3
381818,3
63618,1
46655,2
710358,2
967485,3
747013,2
560844,2
795713,2
68835,2
378255,2
126981,3
442672,2
676863,2
851494,3
401326,2
590758,2
44909,2
237747,3
856401,2
522005,2
1035423,2
432188,2
1039527,2
467734,2
44286,3
139215,3
612373,3
593254,2
332216,3
927631,3
612651,3
412191,2
232483,2
619227,1
807310,2
66500,3
68419,2
771864,1
964198,2
880171,2
66333,3
365774,2
665443,2
735633,3
265814,1
658328,3
63909,2
811707,3
152440,2
1016341,2
618363,3
650308,2
457271,3
1032941,2
227805,2
479016,2
866410,1
531451,2
292337,2
1005484,2
73991,2
366821,3
908732,2
667333,2
215197,1
894897,3
459277,3
138365,2
1042378,2
390170,3
986842,1
497152,2
588246,2
313754,2
658879,2
270141,1
135167,3
801080,2
390241,2
679307,3
549638,2
653482,2
466081,2
441274,3
593654,2
171896,2
643490,1
879821,3
460259,3
859363,2
530025,3
770784,2
430211,2
90669,2
565982,1
375806,2
304069,2
136127,2
673173,2
701635,2
479984,2
180076,3
922568,3
454935,2
68771,2
946528,3
122092,2
862555,2
77489,2
893243,2
323623,3
133712,3
775022,3
558615,2
549207,1
976399,2
417058,1
512105,3
41100,2
524035,2
138158,2
637551,2
249895,2
397469,3
574600,2
25146,2
792901,2
73187,3
92057,3
722497,3
446675,3
741358,2
307823,3
564518,2
219391,2
107542,2
631000,2
803635,3
241183,2
801689,3
196675,3
607549,2
861774,2
609576,2
671192,3
802406,2
671833,2
243775,1
212868,2
99038,3
193881,2
271913,3
352247,2
975793,2
224922,3
519800,2
474464,3
582491,2
920676,3
900033,2
801329,2
473747,3
103098,2
784452,2
423863,2
55005,2
855372,1
138646,3
401286,1
471875,2
18254,3
647376,1
546538,2
301773,3
656468,2
619517,3
1020561,2
928875,2
73856,2
813200,2
748054,2
137373,2
112080,2
387751,3
527217,3
381149,3
450111,2
694678,2
216060,2
612429,2
221901,3
814799,2
52798,2
480940,1
623400,3
283567,2
182418,2
1001742,3
593374,3
1026251,2
171122,2
125957,3
648957,3
137776,2
395531,2
261167,2
105104,2
467818,2
100011,2
355125,2
296552,2
987485,2
93074,3
334480,1
1034545,3
1038222,2
896557,1
403377,2
1034856,2
532536,3
24458,2
875297,2
965816,2
720010,2
718606,3
9300,2
94857,3
783056,2
923497,2
746519,2
643449,2
528570,3
840397,2
604753,1
417285,3
572303,3
923522,2
942781,2
639953,1
1036420,3
990660,3
140012,2
814994,1
493143,2
711871,2
258017,3
1047210,3
337407,3
398586,2
88294,3
165840,2
685862,2
652811,1
939355,2
443070,1
767264,3
691552,2
317385,2
607699,2
709835,2
309048,1
640846,2
972006,2
488845,2
1000659,2
281171,2
379243,1
315298,2
54919,2
379067,2
367312,3
647683,2
813613,2
1044194,3
692558,3
17884,2
719688,2
20498,2
632667,2
469807,2
1042435,2
204039,3
1032237,3
941626,2
736668,2
151142,2
206637,2
839448,2
794283,3
513866,1
371599,1
966229,3
892217,2
1624,3
85464,3
374761,2
531495,2
595596,2
495177,2
834435,2
415265,2
373599,2
687199,2
140198,2
380176,3
88188,2
977505,2
625121,2
242681,2
718351,3
757401,3
600876,2
886025,2
381309,2
138580,2
1001569,2
87829,3
114463,2
165040,3
612960,2
790306,2
892111,2
48058,2
431401,3
374005,2
232064,1
320216,2
109738,2
48699,2
434684,2
827236,3
673094,2
1021143,2
93551,2
512285,2
864800,2
887570,3
972776,2
791208,2
914230,1
41666,2
212638,3
13967,1
574089,2
306843,3
629928,3
460344,2
661369,3
514735,3
443410,3
58645,3
425635,3
163672,2
29889,3
817179,3
681412,2
863958,3
834443,3
205027,3
507321,2
30568,2
827186,2
74726,3
134016,3
369370,2
919977,2
825988,3
289632,2
239238,2
343061,1
909978,2
552104,2
718958,2
697850,2
183829,2
123730,2
211209,2
157695,2
317276,3
861337,2
697097,1
623633,3
33731,3
800310,2
63595,3
499135,3
752615,2
225399,2
223953,2
197859,3
177295,2
393000,3
523605,2
997734,3
361513,2
90453,3
461652,2
530624,2
956410,1
206907,3
34825,2
880022,2
384416,2
402729,2
306489,2
978854,2
811801,3
66624,2
660321,2
462018,2
1357,2
636263,3
31508,2
339130,2
39260,2
156841,2
37820,2
701727,2
470806,2
1040878,2
242755,2
835922,3
950508,3
535888,2
530287,3
558903,2
366764,1
385025,3
150584,3
94389,2
93520,2
926604,2
947,2
84773,2
390877,2
123477,2
350775,2
797534,2
628827,2
307771,2
944267,3
584162,3
958913,2
113361,2
777277,2
694349,2
507263,3
55246,1
772508,2
794129,3
46668,2
687527,2
307632,1
700225,2
466327,2
950512,2
798943,2
384580,2
755617,2
167338,2
293955,3
69353,2
938360,2
410207,2
842709,2
963503,1
807128,3
729815,1
235734,2
937120,2
522934,2
316715,2
593824,2
497722,2
840642,2
309978,2
739109,2
92557,2
839260,2
36325,1
640695,2
542701,2
910365,2
634322,2
2205,2
858480,3
864982,2
359824,3
543413,2
371657,2
318787,2
439123,2
342769,3
916421,2
727227,3
592335,2
328858,2
1022552,2
742513,1
351010,3
203487,2
897348,1
53103,2
187149,3
900865,2
164233,2
337373,2
916195,2
880850,2
96580,2
760516,2
331056,2
50439,2
232463,1
393652,2
252809,1
106161,1
1000426,2
407907,1
361179,3
9886,2
411575,2
334714,3
512,2
907512,2
466870,1
468976,2
434278,2
48546,2
85819,2
805961,3
695852,1
1000494,2
653658,2
681011,1
522302,2
287762,3
845587,3
564937,2
406398,2
107223,3
649768,2
890625,2
148870,2
1040551,3
323747,2
841249,2
298092,2
741740,2
234015,2
724433,3
319817,3
367664,2
377310,2
657135,3
789462,3
864383,2
659187,2
580778,2
369173,3
107316,2
893051,2
605930,2
998669,2
524655,2
148443,3
922191,2
270890,2
342018,3
723433,2
549116,2
369987,2
654399,3
43609,3
1028011,2
319143,3
274418,2
505877,2
456454,3
341616,2
657223,1
190649,1
186297,2
328396,3
412827,3
950879,2
464989,2
1016321,3
625970,2
984386,2
789185,3
971700,2
516197,2
367782,2
253654,2
948566,2
126665,2
921902,2
291004,2
378713,3
198223,2
955452,2
798648,3
526193,3
273379,2
86298,2
804827,2
373939,2
808163,2
93053,2
858820,2
710054,3
243086,3
158064,3
278672,2
122179,3
596256,2
648241,2
237470,2
748175,2
1038851,2
411430,2
741329,3
641846,2
1038257,2
580941,2
520523,2
500705,2
959845,2
456456,2
502033,3
488313,2
789610,2
668356,2
656490,2
609973,2
416406,2
366591,3
853305,2
877398,2
731586,2
605920,2
457298,2
165246,2
499860,2
604892,2
239289,2
184075,2
304952,2
926428,2
885113,3
758002,3
713827,2
573955,1
576461,2
786976,2
601854,3
470813,2
787190,2
362161,2
963709,1
934808,3
930807,2
73933,3
505231,1
812416,2
434771,2
396275,3
437082,2
832282,3
447867,2
1021674,2
291851,2
646353,2
984801,3
32321,2
759054,2
998568,3
278512,2
451687,2
471675,3
876391,3
577668,3
928581,2
734159,2
849974,3
10368,2
653756,2
525527,2
494734,2
541132,2
282122,2
731811,1
294593,3
873644,1
341692,2
611658,2
819667,3
13860,2
76067,2
271153,3
50577,2
109947,3
436541,3
315657,2
813243,1
206381,2
214902,2
95776,2
841218,2
336244,3
607573,2
502418,3
685884,3
249246,2
81421,2
616670,2
184736,3
391800,2
755775,2
867073,3
658604,2
176477,2
827820,2
504865,2
330719,3
411166,2
922886,3
858432,2
746021,2
254597,2
75478,2
518168,2
614609,2
510682,2
1015252,3
419301,2
307434,2
723993,2
267891,2
534595,3
542242,2
239049,2
718655,2
365330,3
717818,3
12046,2
176501,2
523952,3
218484,2
583600,2
70730,2
813682,2
1035662,2
260335,2
580552,3
673120,2
734674,2
1023675,2
864532,1
359907,2
527630,2
699257,2
194837,2
270351,2
801791,2
515422,2
343353,2
664783,3
79422,2
525793,3
636447,2
60950,2
895753,2
496011,3
303547,3
390301,2
8153,3
40936,2
529629,2
595298,2
926705,2
121560,2
921186,2
72015,2
960466,2
712646,2
91974,3
890980,2
71771,2
951080,2
566336,2
1043805,2
35110,2
1023099,2
199481,3
106168,3
682044,2
723481,2
933900,2
447105,2
620154,3
933412,2
839503,2
123633,3
99919,2
147031,2
457647,2
796250,2
988099,2
125556,2
554734,2
759580,1
51655,2
193115,2
412636,2
154767,3
635557,2
1039294,2
248389,2
107036,3
151108,3
92912,3
559805,3
91871,1
899906,2
574426,2
683820,3
498887,2
502302,2
999992,3
91549,3
61303,2
387429,2
97527,2
1003604,3
1051069,2
620840,2
492678,2
47437,2
398187,2
48653,2
772631,3
61868,2
838802,2
609151,2
853982,1
316918,2
662928,2
4196,3
415715,2
553075,2
846524,1
811916,2
322683,2
631193,2
1009666,3
71768,2
1001212,2
381110,3
75473,3
101504,3
545050,1
862801,2
1043843,2
577889,2
364673,3
306608,2
550456,2
739512,2
934606,2
579997,2
883181,2
656945,2
747850,3
649188,3
166686,2
635147,2
720369,2
648137,3
901912,2
141878,1
199771,2
848248,3
882819,2
992044,1
418113,2
504976,2
182807,2
666448,3
932852,3
388273,1
644983,2
413176,1
211317,2
688474,3
772873,3
965431,2
474355,2
254497,3
372483,2
583822,2
974972,1
843385,2
159506,2
1035204,2
1007124,2
285917,3
551023,2
470351,3
341987,2
938366,3
817971,2
161899,2
402202,2
841105,2
485960,3
877206,3
429592,2
677402,2
647234,2
1020279,3
386200,2
754307,2
991303,2
922850,2
79620,2
587899,2
546509,2
754691,2
978164,3
202909,1
841698,2
852177,2
251999,3
699931,3
890433,2
173615,2
552592,1
725401,3
530765,2
473094,2
1030501,3
177444,3
804649,2
60658,2
675170,3
572557,2
554298,2
494923,3
180491,2
195285,3
465932,3
485347,1
777146,3
123027,1
41403,2
911474,2
303235,3
98873,2
358850,3
339114,3
403904,2
737648,2
207859,2
598296,1
801718,3
304660,3
531685,2
496896,2
713988,2
503341,3
619090,2
149089,2
694583,2
615248,2
125460,3
923829,3
929423,2
856264,2
727398,2
689158,2
182811,1
52619,2
682621,3
1014733,2
949691,2
222946,2
409823,3
989744,2
545991,2
199128,2
921820,2
165573,2
715873,2
473160,2
591568,2
138864,3
543430,2
354131,2
344307,2
195335,2
850235,2
1013844,2
868396,2
727523,3
906575,2
600043,3
430560,3
765403,2
140002,3
948486,2
974906,2
1024097,2
644465,2
942521,2
508105,2
86898,3
542110,2
763095,2
59704,2
248581,3
756935,3
894366,2
506694,2
550765,2
949222,3
715501,2
863155,3
436530,2
349716,2
1036705,2
803467,2
626880,2
788552,2
554564,2
305086,3
928934,3
511585,2
699036,3
627750,1
492495,2
799420,2
42341,1
650573,3
390644,2
386124,1
855004,2
137443,2
984201,1
724925,2
442604,2
391460,3
307465,2
888923,2
877099,2
992499,2
828016,2
279214,2
1029082,3
21367,2
587218,2
748884,2
962972,2
142495,2
865372,2
736673,2
843229,2
195316,2
334052,2
602999,1
665159,2
451653,1
561156,2
910756,2
62211,2
869366,2
432519,3
193170,2
736676,3
13741,3
1012164,2
780368,2
570798,3
959730,2
82945,2
12696,3
1016751,2
711779,2
607890,3
321139,2
404315,2
804545,2
628680,2
1025574,1
293049,3
610989,2
523008,3
87950,2
491830,3
322983,3
931705,1
1015220,2
638544,2
602413,3
132171,2
274504,2
514448,2
486262,2
626961,2
1026990,2
268842,1
59734,2
856589,2
258193,3
642072,2
859725,2
489461,2
371529,2
1025124,2
529996,2
131657,3
549174,2
117994,2
982124,2
685869,2
21655,2
83291,3
156230,3
497485,2
22706,3
372412,3
111725,2
996663,2
355468,2
1037785,1
693609,2
1011835,1
493015,2
981100,2
1021011,2
100313,2
584385,2
46745,2
441245,2
383882,2
102944,2
54598,1
489978,3
842536,3
862402,2
162345,2
580434,3
214004,2
658644,2
75722,3
451190,2
998908,2
531830,2
689566,3
829722,2
224856,2
383909,2
192009,3
495629,3
606216,1
206974,2
732569,2
562311,2
345227,2
85161,3
266023,3
358960,2
174884,3
924327,2
42529,2
728397,3
203832,1
587437,2
131142,2
10370,3
203573,2
203944,2
780489,1
886181,2
438689,3
40524,2
549843,2
302922,3
708285,2
703183,2
390027,2
710736,2
345932,2
459833,2
4563,2
938855,2
134429,2
938332,3
299811,2
443483,2
214788,2
842890,3
303814,3
888489,2
555391,3
76810,3
37870,2
1026847,3
705697,3
513229,3
243138,2
882920,3
416196,2
393500,2
880665,3
280389,2
189273,3
338882,2
921311,1
1040167,2
830300,2
80024,3
169489,2
1022302,2
267471,3
601298,2
541618,2
59675,2
177579,2
568066,3
181573,2
677343,1
797831,2
611696,3
484539,2
45166,2
821205,2
856242,2
990985,2
420067,1
419323,3
367771,2
567100,2
1044250,2
329626,2
790607,3
561005,2
570013,2
878058,3
885998,3
662115,2
234185,1
805007,2
259472,2
1010101,2
724751,3
881469,2
645147,3
653583,2
1031341,3
124483,3
57241,3
208358,2
999367,2
669874,2
657242,2
401691,1
522751,2
983246,3
522858,1
501620,3
952613,2
706696,3
540371,2
549863,2
186496,2
468820,2
1027512,2
1019217,2
390284,2
811367,2
937307,2
134901,3
354234,2
811641,2
1037587,2
41532,3
559213,3
198948,2
724864,3
751616,1
32232,2
921949,2
448454,2
289272,2
220395,2
678688,2
869842,2
854444,2
75574,2
206707,2
725438,2
588736,2
134921,2
588333,2
232022,2
257886,3
538161,3
658940,2
337372,1
249526,2
45212,3
10817,2
610423,2
460705,3
276222,2
1019727,2
213478,3
91041,3
287798,3
124507,2
596380,3
687316,2
61164,3
42477,2
187102,2
612812,2
619637,2
9665,2
326577,2
882513,2
655557,2
327572,2
611376,3
69602,3
670164,3
817602,2
381934,2
228488,2
381227,2
636604,2
260946,2
932534,3
1025198,3
119765,2
63775,1
580026,2
528587,3
364907,3
27466,2
123930,3
91203,2
20531,3
75866,2
213286,3
281651,2
618036,1
574051,2
809959,2
711409,2
781433,3
683571,2
440471,2
184706,1
793144,3
1032857,2
527820,2
634296,3
657772,3
99227,3
2832,3
383862,2
564800,3
432744,2
653115,2
835930,3
11192,1
520872,2
117329,2
458645,2
119270,3
930502,2
78949,2
560643,2
715688,2
1000146,3
781781,1
845708,3
227664,2
827571,2
600842,2
106014,2
595170,2
29987,2
929265,3
750497,2
719790,3
802803,2
612388,2
1039589,2
575506,2
422011,2
415370,2
997614,2
490927,1
408295,2
45476,2
284361,2
523536,2
897593,2
849320,2
1048355,2
419610,1
267236,3
497946,2
550110,2
526677,2
975856,2
975452,2
1049031,3
497298,2
40664,2
196694,2
431394,3
72983,3
49217,2
141908,2
352064,2
602917,3
1025878,3
6201,3
742682,3
68815,2
530375,1
507096,2
927037,2
676596,2
254177,2
9099,2
394584,2
391293,1
684070,2
983294,2
94569,3
87518,2
369642,2
839172,2
651034,1
574528,2
738107,2
484945,2
960746,2
132469,2
1036049,3
82850,2
938320,2
45128,3
362086,2
252597,2
19493,2
821508,3
707199,2
469256,1
751824,2
524391,2
746854,2
873821,3
8004,2
902819,2
506449,2
21676,1
949688,2
676262,2
344540,2
829570,2
507566,1
895267,3
638100,2
24778,3
804843,2
500139,2
912740,3
793925,2
552952,2
757166,3
426784,2
35578,1
553262,2
883671,2
922090,2
606675,2
25188,2
542801,3
501421,2
952238,2
388759,2
327224,3
339469,2
398481,3
218081,2
853780,2
472006,2
669857,2
291484,3
844896,2
1006290,1
103404,3
122139,2
393063,2
459014,2
478393,3
292777,2
940449,2
835478,3
471115,3
361900,2
599561,1
949352,3
313827,2
487876,3
717372,2
946383,2
205906,2
712439,2
840992,2
717299,2
711378,3
562754,3
196158,2
618526,3
658339,2
864091,3
871272,2
435857,2
386565,3
195234,3
543143,2
1048587,2
688381,1
776822,3
118130,3
316350,2
466695,2
504134,2
44797,2
634879,3
233096,2
926600,3
266428,2
492138,2
548980,2
778733,3
579033,2
349204,2
71105,2
445389,2
167595,2
732552,2
577822,3
998592,3
153648,2
97938,3
305509,2
176866,1
472668,3
37852,2
126847,2
370560,2
733939,3
579084,2
476110,2
182671,2
602044,2
256192,3
1017969,2
981611,2
985312,2
351154,3
347418,2
1000740,2
896183,2
832632,2
544879,3
145697,2
338009,2
411664,3
101578,2
161296,2
327008,2
682059,2
433328,2
753665,3
257012,3
986437,2
802908,3
674723,2
160686,3
176089,2
531448,2
342013,3
642365,2
737264,2
378552,2
221096,2
437931,2
177997,2
883703,2
749482,3
469963,2
592898,2
391521,3
622635,2
913090,2
779096,2
818505,3
730501,2
980713,3
944151,2
69572,2
890232,2
1044225,3
552285,2
109868,3
9032,1
99672,2
688524,2
1006912,2
849228,2
27168,3
472455,3
449627,2
622592,3
514633,2
596593,3
164115,2
196339,3
986210,2
160936,2
209557,2
879107,3
183990,2
883405,2
387453,2
715836,1
252451,2
100122,2
51724,2
993247,2
400177,2
934481,2
380898,3
579653,2
605853,3
817229,2
260196,2
612354,1
347142,2
271307,2
199808,2
540944,3
623962,3
59744,2
992263,2
652940,2
36455,2
25322,2
395699,3
92633,2
832144,2
544051,2
322421,1
641382,2
972095,2
54929,3
39066,3
677712,2
430893,2
352315,2
362414,3
813117,1
278098,3
560402,2
458899,3
707549,2
895228,2
713240,2
160565,3
929746,3
138006,1
866288,2
886289,3
420467,2
709384,3
649226,2
611710,2
904990,2
972994,2
660723,1
880988,2
564284,2
337279,2
416018,2
31682,2
322454,3
567557,2
872072,3
200717,2
191753,2
397010,2
1043363,2
839478,2
874348,3
600286,2
652212,2
509738,3
21126,2
607514,2
898746,2
333500,3
683587,2
472783,2
593737,2
848867,1
406438,3
284662,2
449915,2
816404,3
159894,1
615802,3
15157,2
841194,2
24370,2
22143,2
45062,3
1003057,2
992728,1
433496,3
624054,2
107616,2
86350,2
784569,2
9005,2
362392,2
251731,2
886731,2
697656,3
923285,2
221542,2
511178,2
361037,3
75450,2
856600,3
746564,1
186947,1
470530,3
776595,2
192255,3
26623,3
481927,2
25461,2
701986,3
1044986,3
451313,2
440747,2
170157,3
338550,2
532118,2
399399,2
298180,2
52435,3
393909,2
965468,3
656143,2
596943,2
213363,2
1028696,2
133114,2
311445,1
717131,2
741392,3
817445,2
237425,3
454985,2
635312,3
495089,2
271234,2
570588,2
296277,3
946412,3
613887,3
955379,1
282946,3
1007076,2
283749,2
237189,2
136582,3
662645,2
682896,2
44072,3
615165,2
345933,3
320261,3
245767,2
941716,2
761079,2
1035900,2
183788,2
392785,2
686943,2
820860,3
666340,2
395850,2
429153,2
483710,2
366139,2
252986,2
518578,2
455151,3
954189,1
581230,2
587980,2
898818,3
447952,2
541907,2
975660,2
145387,3
393226,2
193785,1
485832,2
588710,2
328388,2
923919,2
997597,3
335687,3
938399,2
219689,2
296766,2
200926,2
511939,3
946648,3
732275,2
636623,2
239014,2
852253,3
549029,3
938948,2
53870,2
827590,2
978644,2
967693,3
269890,1
433100,1
620624,3
347078,2
961964,1
1002012,3
193689,2
525161,3
33190,2
208390,1
918214,2
390929,1
1014612,2
124976,2
696126,3
373335,2
452871,3
50972,2
669245,3
406385,2
382672,1
527352,2
744041,2
1017876,3
260646,1
451679,3
266686,2
1040184,3
32362,1
577106,1
715593,2
888753,2
711291,3
985042,3
58734,2
340726,2
370124,2
284036,3
8433,3
344192,2
983220,3
6292,2
227936,2
486261,2
268203,1
135348,3
575709,3
575757,2
595910,3
487383,2
364309,3
872715,2
1003791,2
165857,2
130177,2
240044,2
189331,2
163868,2
927238,2
203915,1
98552,3
813965,2
317523,1
43911,2
1046319,3
1023511,2
537129,3
928646,3
366189,3
327595,3
61636,2
245451,3
329008,1
274158,3
726041,2
950540,2
337053,3
384749,2
320523,3
1008476,3
1045270,2
896422,1
719328,3
765829,3
95347,2
114211,3
596312,3
920663,2
1026197,2
564510,2
480701,3
714920,3
561769,2
689332,2
332135,2
274539,2
886479,3
702481,3
126641,1
472240,3
333839,2
166428,2
65904,2
493042,2
1034359,2
781813,3
181876,3
685460,2
468371,2
839714,2
1036058,2
51262,2
748091,3
96864,2
510943,2
955988,2
763416,2
823073,3
928223,2
850390,2
111123,2
437623,3
579139,3
817013,2
843767,2
829571,1
733245,2
797538,3
485802,2
47488,1
96279,1
570474,2
913781,2
400315,2
169075,1
548969,1
655604,2
548916,1
800144,2
794953,1
797807,1
893519,2
632252,3
1109,2
535973,3
652001,2
885223,2
720507,2
219084,2
851837,3
467238,2
713768,2
1004784,2
136222,2
743623,2
360635,2
924725,3
261041,3
227313,2
34495,3
176398,2
835770,2
356335,2
669335,2
166393,1
946923,2
490745,2
577278,3
143554,2
403577,1
902967,2
150147,3
772660,3
456504,2
174827,3
263374,2
367445,3
777766,2
168910,3
92746,3
1002390,2
193350,2
767273,3
592679,2
860377,2
242662,3
501988,3
972849,3
116609,3
514562,2
690399,2
701144,2
401709,2
102026,3
998553,2
19318,2
431031,2
512146,2
35695,3
209809,3
75403,3
360316,2
58031,3
139555,2
572193,2
655123,1
658341,2
411495,2
580227,2
357102,2
696878,3
912348,2
851895,3
865598,2
588171,3
337537,3
455843,2
863890,2
115937,2
724782,2
993903,2
735020,3
88960,3
74926,3
237671,2
159459,2
121886,3
502756,3
378814,2
146329,2
944133,3
499847,2
869216,2
445305,2
528851,3
193963,2
408511,2
64041,2
204280,2
894256,3
42472,2
446629,1
1011159,2
96317,3
948515,2
105549,2
328561,2
51792,3
843354,2
121882,2
743692,2
424486,2
972343,2
911035,2
196804,3
250168,2
166276,2
301580,3
312692,3
912315,2
871678,2
492128,2
257099,2
485037,2
496671,1
497582,2
338348,1
330857,2
389407,2
459789,3
102086,3
495260,2
757232,3
1017603,3
232327,2
110356,2
350313,2
281241,2
964531,2
499241,2
11756,2
421779,2
866580,3
152580,2
233641,2
201506,3
753543,2
233779,2
602686,3
407031,3
618102,2
131528,2
180885,3
780497,2
238971,2
268356,2
447377,3
762840,3
100209,2
640,2
341975,2
343501,2
139371,2
853610,2
361414,2
535991,3
592452,2
667912,2
87060,2
66935,2
674967,2
214962,2
748364,3
595501,3
360800,2
862315,2
753108,2
202591,2
271634,2
855286,1
270917,3
335810,2
1019486,3
436376,1
592857,3
334553,2
1004414,3
935193,2
726156,2
233788,3
104942,2
62733,3
312332,3
953442,3
855453,3
22557,2
91824,1
72881,2
258062,2
410674,2
412993,2
1043856,3
209995,2
437011,2
827598,1
549702,2
612008,3
578097,2
570760,2
178119,2
410263,2
180417,3
778754,2
180613,2
1024830,2
927831,3
839215,2
341566,2
355265,3
74443,3
549528,2
150062,2
507479,2
301167,2
239577,3
233764,3
197263,3
505447,3
227907,2
1011501,3
745288,2
555327,3
620536,2
6789,3
540798,2
747666,3
601543,2
728520,3
565487,2
293132,2
548621,3
169727,2
313106,2
135310,3
701456,2
476869,3
493538,2
216450,3
561392,3
578839,2
480609,2
201704,2
750951,2
161101,2
759531,2
164488,3
151601,1
506143,2
747422,2
514371,3
763792,2
275638,2
192029,2
960530,2
469754,2
23736,2
446189,1
621546,3
1034397,3
917824,2
313628,2
260261,2
40689,2
724558,3
50383,3
235410,1
1014300,2
272462,3
421164,2
667036,2
905723,2
198431,3
615726,3
747675,2
314304,2
364926,2
252355,2
404832,3
505610,3
920799,2
419266,2
274757,3
512358,1
609834,2
512773,2
232097,1
947218,2
665250,2
647076,2
543373,2
396951,2
884836,2
299246,3
237068,1
884737,2
49573,3
280007,2
210757,3
575982,3
838559,2
287381,2
708248,2
469312,2
461002,1
702375,2
714320,2
732291,1
423847,2
154,2
183536,2
854723,1
390731,2
419102,2
260574,3
986867,2
486348,2
216321,2
662088,1
240578,2
688945,2
474499,3
640871,1
970024,2
931242,2
302120,3
308033,1
753086,2
744367,2
722134,2
648931,2
919221,2
908294,2
107971,3
562486,2
995436,2
623385,2
774118,2
473804,2
789909,3
335725,2
499524,3
406573,2
909862,3
778391,2
304456,2
672134,2
482886,2
124851,2
571993,3
751902,2
913595,3
296681,3
94091,2
160127,2
83344,2
869769,3
1019314,2
7566,3
177048,3
542794,2
31209,2
53000,2
979128,2
40803,2
27261,2
522593,1
602849,2
808854,2
84046,2
386905,2
46714,3
851474,2
144490,2
620533,3
107322,2
773619,2
903659,2
559621,2
152940,2
325654,2
403282,2
405566,2
251869,3
826655,2
603835,2
124372,3
388704,1
948058,1
595278,2
557383,2
305519,1
875874,3
319479,2
43822,2
778153,2
678578,2
28923,3
290290,3
832222,3
667962,2
255622,3
290416,2
28391,2
801323,3
1024839,2
577375,2
128001,2
798892,3
36783,2
181092,2
71325,3
343053,2
501023,2
648407,2
832249,2
770206,2
776931,3
677467,2
476603,2
396431,2
60507,3
790026,3
106972,3
788703,2
786815,2
355964,2
62490,2
34554,2
450782,2
481105,2
179631,3
230090,3
310221,2
735200,2
273442,2
578308,2
18882,1
827653,3
500699,2
835943,2
254108,2
34652,2
695870,2
718813,2
360658,2
345788,2
121409,2
518584,2
500713,2
278729,3
500065,3
995368,2
549741,2
4895,2
503050,3
302727,3
627435,2
46797,2
616472,3
234056,3
88395,3
940350,2
204251,2
738025,3
878034,2
397985,2
972267,3
869130,2
747431,3
1043586,2
286793,2
961137,1
547447,2
38301,2
38233,2
814813,2
868663,3
602610,3
1032209,2
50820,3
505335,2
439953,2
294132,3
509834,2
984834,2
380971,3
1748,2
74391,2
946627,2
218961,3
149774,3
599469,3
283262,3
779944,2
881824,1
592824,2
570159,3
378662,3
1052091,3
634541,3
560685,2
496478,2
601910,2
415051,2
12394,1
875736,2
18653,2
814193,2
577405,2
32849,1
621198,2
104191,2
701075,2
24049,1
96464,2
77446,3
716081,3
569442,2
237342,2
516966,2
431151,2
752464,3
913642,2
119717,2
652636,1
493895,2
380216,3
617574,2
582433,2
438285,2
571920,1
124401,3
329005,2
339775,2
935013,2
825110,2
992806,2
759683,3
134317,2
755399,2
10760,3
922640,2
633752,2
573680,2
656061,2
23323,3
421260,3
320169,2
667124,2
1010088,3
96083,2
801367,2
83743,2
374794,1
207154,2
846795,2
13815,2
480842,2
927294,3
500599,2
978760,2
265880,2
695065,2
17326,3
527450,3
1003605,3
431355,2
49064,2
570771,3
501467,2
143118,2
745068,2
932020,3
427005,2
563126,3
767552,3
99040,2
721249,3
897614,3
584777,2
254842,2
765293,3
181765,2
637489,2
664485,2
178208,2
893889,2
409464,3
133896,2
958423,3
1009145,2
251309,2
954257,2
999660,2
873702,2
718982,2
375101,1
572021,3
727916,2
110654,3
269691,2
823541,1
472537,2
1023519,2
367127,3
659544,2
467887,3
335292,1
1022473,2
756246,2
566475,2
320542,2
2150,2
1009889,2
1001348,2
934113,2
125321,3
356108,3
3306,2
997971,3
318082,3
890440,2
409573,3
117343,2
568831,3
538119,3
545469,2
685724,2
121719,3
944453,2
361023,3
697332,2
616904,2
632690,2
193450,3
221448,3
880330,2
924411,2
380107,3
374600,2
978509,3
167267,3
184458,2
780698,2
1012353,3
113306,3
455999,2
938279,3
65568,2
999432,2
651653,3
426950,3
129195,2
441689,2
647093,2
320001,2
429063,2
516832,3
561473,2
154117,2
864559,2
908765,1
352224,2
897916,3
82064,2
985952,2
129923,3
751818,2
646092,3
288606,2
394012,2
474480,2
198072,3
390783,2
79300,2
782178,3
140887,3
258336,3
308218,2
973573,2
130616,2
861121,3
792031,3
448461,2
466746,2
858442,2
542036,2
560631,3
318716,2
1049317,3
231127,2
570745,2
930108,1
153137,2
464734,2
1044737,2
28833,2
817571,2
264938,2
71476,3
103776,3
794966,2
969910,2
442550,2
204253,2
872043,2
62247,3
962909,2
27906,2
292576,2
953472,2
413942,3
611546,3
976548,1
793280,2
679495,3
724714,1
776173,2
971802,1
362376,2
101624,3
626164,2
167647,2
852449,2
984397,2
807618,2
9297,2
76237,3
515203,2
289357,2
447295,2
147310,2
274412,3
709038,2
746405,2
746654,2
775742,3
372434,2
193326,2
599626,2
289655,2
766552,3
853525,2
729601,3
241784,3
629472,2
243807,2
557950,3
1030403,2
864108,1
706860,2
643969,2
259656,2
958228,3
382923,1
850216,3
243118,1
867256,2
666228,2
408663,2
84256,3
98950,2
475600,2
400164,2
444415,2
333147,2
1049466,3
613728,2
661446,2
485785,2
603479,3
778077,2
5916,1
246801,3
553666,2
238597,2
1039991,1
181710,2
919794,2
541567,2
546895,2
824026,2
34498,2
623930,2
583487,2
544401,3
368135,1
760970,2
429371,3
245681,2
984796,1
887415,2
864017,2
293396,2
63287,3
178763,2
1018692,2
381248,2
463245,1
59105,2
709839,2
931949,2
985883,2
597287,2
512047,3
552403,2
148956,2
811693,2
364884,2
559027,2
530385,2
899273,2
579965,2
668872,3
111010,2
1013981,2
245962,3
612333,3
352904,1
694485,2
917972,3
809696,2
302824,2
296775,2
675085,1
137915,1
736414,2
219153,3
258597,2
772371,3
617543,2
819056,2
1045744,2
571764,2
426240,3
818942,3
696292,2
870605,2
807400,2
197310,2
72625,3
177711,3
377475,2
590750,3
339349,2
60072,2
784457,3
556085,2
643582,3
824502,2
444115,2
902391,2
748934,2
597937,3
571516,3
745715,2
51107,2
783822,3
226490,3
843537,2
59890,2
1014000,3
39312,2
639974,2
106780,2
780666,2
697458,2
100289,2
431075,1
918561,2
279536,3
268208,2
265200,2
86482,3
782856,2
119998,2
580411,2
663117,3
488647,2
209619,2
999643,2
424997,2
936286,2
121953,2
157957,2
616688,2
711148,3
184418,2
199100,2
658407,2
297544,2
320654,2
94195,3
837436,2
61265,2
162820,3
442435,2
173156,2
437564,3
489294,2
860979,2
460022,2
237200,1
1034308,2
1051439,2
563363,2
171756,3
35318,2
712556,2
825643,3
603672,3
171659,3
224133,3
195026,2
316677,2
344781,3
278734,2
501621,3
598298,3
869337,1
111980,2
120332,1
1027439,2
782805,2
18521,2
970884,1
112084,2
438931,2
31850,2
172863,3
805706,2
984493,3
838292,2
811853,3
933370,3
338750,2
147157,3
122437,3
174254,3
35861,2
388849,2
22474,2
526183,3
807944,2
350158,2
772564,2
1045599,2
741563,2
321037,3
636023,2
609551,3
486855,2
411447,3
45704,3
171907,3
549994,3
1048198,2
217514,2
85631,2
123387,2
716713,2
183539,3
705586,2
846725,2
202927,2
307856,2
877224,3
184916,2
956144,2
501469,3
504226,1
759690,1
731163,2
482978,3
615816,1
120242,2
723441,2
187245,3
753430,2
240203,2
826792,2
933513,3
869094,2
675286,2
734405,2
906958,2
861483,3
368418,2
143235,3
578338,3
222026,2
468685,3
116421,3
92583,3
361020,2
749491,3
124678,2
521238,3
135946,3
792982,3
947643,2
722513,1
713052,2
836227,2
593697,3
1045947,1
674440,2
943547,3
821345,3
91934,2
417635,3
690617,2
646068,2
871212,3
1010249,2
797162,2
353144,3
730537,2
76685,2
500631,2
785857,2
718779,3
525709,3
765411,3
317934,1
624196,3
41328,2
848520,2
327828,2
724563,3
991935,2
405163,3
702521,1
757013,3
247109,3
127427,2
512527,2
660,2
902403,2
217643,2
901185,2
862280,3
404240,2
42253,2
431755,2
284741,2
677581,2
993899,2
229069,2
115412,2
1047319,2
437023,2
1048112,3
204055,2
238803,2
509691,3
421857,3
468922,3
479677,3
595738,2
779286,3
352101,2
721706,2
506404,2
637305,2
995870,3
755047,2
219820,2
894747,2
219352,2
152304,2
141311,3
593095,2
424496,2
12699,1
883018,3
20282,2
197806,2
546345,3
766465,2
369793,3
569556,2
1051283,2
610214,2
776044,2
769234,1
937563,2
52494,2
282860,2
35315,1
292806,2
61999,2
1000111,2
187192,2
946509,2
477904,2
127203,3
824766,2
1050268,2
728665,2
539540,3
1011768,3
712207,1
150818,2
925598,2
468205,2
810054,2
245051,2
823833,3
494227,2
336332,3
127210,3
685956,1
35258,2
833520,2
908831,2
202483,2
56795,2
857478,2
160276,2
383833,3
639472,2
911213,2
317943,2
537780,2
505663,2
862524,2
336982,1
667550,2
700906,3
253556,3
801898,3
603236,2
314661,2
324597,2
73153,2
322565,3
187721,2
217156,2
1007923,3
880889,2
397099,2
824723,2
759114,2
766062,2
809038,3
890269,2
867884,2
312431,3
391330,2
912045,2
73508,2
169168,2
591641,2
597753,3
200612,2
761794,3
209858,3
594338,2
985354,2
114360,2
281180,2
593007,1
998588,2
960726,3
270117,2
102304,2
592429,3
619111,3
11549,3
818368,2
312925,2
404270,3
119952,3
635940,2
167209,2
683139,2
824366,2
663530,3
971252,1
726184,2
606280,2
312439,3
403632,2
773530,2
197735,2
90293,2
274523,2
313474,2
350768,2
669436,1
217304,3
937523,2
679178,2
765893,2
271625,2
774374,2
184021,2
822913,2
764044,3
483087,2
282762,2
183454,3
753247,2
160065,2
401271,3
222220,2
600003,2
57397,2
173485,2
540496,2
270313,2
485407,2
517306,3
201414,3
966380,2
42653,2
588579,3
494516,2
465290,2
821413,2
42664,2
618906,2
229785,2
22628,2
112,2
535742,2
1030643,2
374493,2
291401,2
712959,2
427424,3
290038,2
113841,2
656894,2
230050,3
401092,2
794864,3
627451,1
110543,2
315216,3
284269,2
888265,2
885816,2
220850,3
615662,2
825305,2
674368,2
682947,2
607272,2
695952,2
411831,1
112765,2
368535,2
481160,2
11401,2
129162,3
931240,3
183613,3
530622,2
977823,3
604540,3
236645,1
666353,2
378792,3
223941,3
570804,2
874102,3
650056,2
677184,3
1036234,3
523525,2
1019663,3
1020609,3
943052,3
86413,2
120762,2
485075,2
1020362,2
922687,3
485304,2
861647,2
348207,3
326041,2
442287,2
855071,2
475917,3
579304,2
174085,3
779647,2
620163,2
836356,2
577584,2
705883,1
614571,3
1052395,2
791937,2
977998,2
979668,1
475792,2
363966,3
567384,2
910314,3
403308,2
731892,2
153110,3
179870,2
832745,2
622633,3
577189,2
868328,2
836517,2
935023,2
32793,2
931629,2
603963,2
589201,2
426957,2
309171,3
292963,3
685822,1
229355,2
1026587,2
853688,2
355708,2
976158,2
956858,2
276208,2
390155,2
22148,2
1045972,3
394874,3
782804,3
274648,3
996247,2
186248,1
503591,2
407625,2
356257,3
69973,2
856812,2
181444,2
952743,2
898141,3
99671,2
543491,2
888092,3
479304,2
772713,2
962145,2
920025,2
258638,2
121326,2
666917,2
862688,2
908669,1
8632,2
280,3
1038068,2
75643,2
793935,2
136816,3
44887,2
726970,1
811315,2
959517,2
15619,2
908017,3
542140,3
344179,2
46735,2
854400,2
282808,3
258747,2
837009,2
336780,2
74338,3
424819,2
115439,2
890898,2
680659,3
774157,2
407234,3
202124,3
458855,3
600261,3
853254,3
563194,2
200211,2
225905,2
422315,3
785732,3
326372,2
868263,3
991757,3
353228,2
1043428,3
468909,2
506947,2
519403,3
1039241,2
205371,2
571323,3
262888,2
122896,2
115116,2
141503,3
654104,2
819970,2
552329,2
1033565,2
782347,2
81148,2
500614,3
1014884,3
142516,2
674402,2
74491,3
645123,1
391416,2
181332,2
811772,2
629067,2
831317,2
220970,2
176207,2
303965,2
1016191,3
235206,2
459571,2
448439,3
260311,2
531932,2
649999,3
103572,3
9744,2
764069,2
469806,2
350227,2
312774,3
178928,2
376281,2
883063,2
599236,2
110673,2
329354,3
566131,2
670259,1
934882,2
280756,3
586921,2
981760,2
109602,2
1026942,3
822824,3
835382,2
572408,2
387942,3
677757,2
624795,3
899283,2
559755,1
740859,3
61497,2
1034637,3
659708,1
1015289,3
864700,2
322130,2
547220,1
469995,2
288454,2
686992,1
716623,2
218522,2
117641,2
380886,1
644139,2
762491,3
1034036,2
567193,3
195784,2
596071,2
362141,3
242620,2
765392,2
524454,3
402509,3
477699,2
413191,2
329260,3
126397,2
615844,2
506474,3
694411,2
224617,2
306919,2
611293,2
290373,2
589431,3
934031,2
30044,2
266349,2
710602,1
287462,2
119421,2
791924,2
1003226,3
414949,2
566124,2
1049269,3
744760,2
372879,2
690312,2
647159,2
985134,2
923632,2
371263,3
318592,2
671782,2
96460,2
901919,3
643694,2
904334,2
578279,2
594371,3
163488,1
1028416,2
599093,2
666843,3
144364,2
890793,2
614584,2
299079,2
105786,2
1022270,3
479102,2
346761,3
226714,2
14230,3
355646,2
581567,2
429363,2
442970,2
890093,1
212542,2
389942,1
609540,2
247979,2
573152,2
607391,2
539414,3
627573,2
362633,2
224591,2
210944,2
137211,2
427087,2
152455,2
111136,3
1000889,2
132879,2
20852,2
206248,2
1050796,2
191654,2
260768,2
311758,3
369077,2
506239,2
244301,2
1039726,2
700979,2
396912,2
631018,3
245361,2
652243,2
470736,3
765197,1
102241,3
350504,3
894915,2
5377,2
547856,2
876001,3
386047,2
10526,2
364656,2
179613,2
658513,3
93406,3
538150,2
608893,2
467425,3
605378,3
718185,2
703768,2
403497,2
184150,2
788456,2
132568,2
808024,3
22373,2
366650,2
148013,3
268474,2
976315,2
991751,2
599699,2
785035,2
844557,1
743731,3
380038,3
429555,2
236577,2
285389,2
138928,2
995283,2
1007393,2
201892,3
88550,2
137027,2
458769,2
658319,2
49127,2
773342,2
378754,2
812799,1
539636,3
95911,2
726567,2
291378,2
269621,2
1036163,3
227140,2
708088,2
683182,3
454114,1
766705,2
780921,2
250263,3
556715,2
206294,3
892647,2
283703,3
127854,3
716487,2
974699,3
704209,2
1019915,3
740394,2
980036,3
955601,2
954284,2
179560,1
416344,3
774154,3
727777,1
25874,3
159024,2
916639,3
971089,3
872982,2
872923,2
892321,2
199053,2
129008,2
215811,1
724140,2
32315,2
890074,3
2577,2
867340,3
888203,3
610019,3
718798,3
548410,2
1032774,2
526469,2
561556,2
618246,3
619141,2
417704,2
94532,3
124983,2
254372,3
710595,2
851578,3
283344,2
249074,2
463744,2
883042,1
972960,1
393658,2
809725,2
770100,2
192260,2
355641,2
468298,2
381355,1
253451,3
534846,2
634724,2
927458,2
400432,2
1000698,2
59295,2
508722,3
671035,2
301472,2
942900,2
757755,2
436922,3
57882,3
749134,2
200268,2
153129,3
802179,1
848407,2
448118,3
735259,2
385802,2
1039483,3
752840,1
555169,2
99993,3
558275,3
471365,3
836059,3
143387,3
622195,3
941899,1
588362,2
817783,3
825153,2
896825,2
517946,3
212341,2
980284,2
1015737,2
18658,2
1007668,2
958501,2
177816,2
191514,3
882472,2
531245,3
1047049,2
689014,1
76523,2
126477,2
941799,3
249854,1
601465,2
558469,2
478943,2
551157,2
618910,3
197814,2
676217,2
9900,2
136368,2
191001,2
1011696,2
13957,2
686282,2
718021,2
848362,3
629108,2
212275,2
594530,2
705328,3
1040269,1
863960,2
515905,2
373995,2
581530,2
182714,3
123260,2
787453,2
273007,2
550127,3
43161,3
814260,3
425989,2
298554,2
583673,2
294378,3
227476,2
83937,2
729119,2
135437,2
125790,2
789857,3
136533,2
380923,1
273589,1
445228,3
1044510,2
820959,2
1036023,2
330359,2
230301,2
161916,2
695161,2
176507,3
610356,2
658334,2
909033,1
1015611,2
320645,2
639581,1
369266,3
1017684,3
193004,2
216582,2
53698,2
832450,2
900255,2
890992,2
648680,3
55397,2
146836,2
898964,2
412411,2
158790,2
973048,3
389314,2
571657,2
391286,2
272613,3
880134,3
980081,2
659066,2
275423,2
77418,2
318025,2
538406,3
792782,2
258301,2
862211,2
977354,3
834415,2
652489,2
545217,3
157698,2
1032888,2
215970,2
517789,1
42546,2
67941,3
772450,2
534479,3
371013,2
538818,2
436275,3
482427,3
643014,2
84557,2
345321,3
85855,2
395603,2
767076,3
962134,2
378725,3
981397,3
896959,2
720456,2
502942,2
354094,3
428432,2
1040868,2
520297,2
573085,2
67518,3
137979,2
65083,2
780035,3
999879,3
162583,2
580830,2
381874,3
696080,1
80096,2
322667,3
162277,2
466804,2
391954,3
1045377,2
30623,2
252114,2
54097,1
386716,2
850571,2
601868,2
282780,3
450651,2
57379,3
593353,2
350299,2
236298,2
500239,2
82184,2
51221,2
319349,2
961354,2
869999,2
932152,2
552571,1
433972,3
71681,2
319067,2
571087,2
106915,2
901227,2
268197,1
335429,2
708413,2
1020309,3
277828,2
479454,3
946794,2
1012711,2
6942,2
503703,3
580121,3
92219,2
850944,2
457152,3
546872,2
324956,1
726831,2
173792,3
481836,2
52487,2
1051983,2
14633,2
570962,2
254550,3
474761,2
116909,2
615134,2
255734,3
493104,2
774301,2
741635,2
311255,2
538392,2
352372,3
753101,2
226209,2
947969,3
434721,2
68228,2
925809,2
323764,3
975080,2
326476,3
11394,3
161271,2
400139,2
1012447,2
382856,2
118783,2
967484,2
237799,2
983147,2
629384,2
272155,2
961870,2
477982,1
173932,2
250467,3
584572,3
299896,2
605684,2
511529,3
1050213,2
979006,2
501016,2
453854,1
592474,3
794135,2
994430,2
706831,2
752410,2
646080,3
878520,3
114867,2
43902,2
371717,2
70277,2
290967,3
39926,2
852612,2
803407,2
603307,2
805615,3
687846,2
18200,2
146709,3
980126,2
114269,2
543946,2
131140,2
927019,3
787838,2
782270,2
393334,2
74925,2
585888,2
1009286,2
209548,2
599947,2
513473,3
558328,2
475286,2
957593,3
909345,2
768640,2
252652,2
875962,2
828829,2
756215,2
334776,3
697070,3
422934,3
693591,2
611080,2
664105,2
1025718,2
348094,2
439042,2
201276,2
120894,2
579778,2
584164,2
779527,2
928873,2
457846,2
798142,2
792112,2
997728,1
944308,2
795321,3
502235,2
59458,2
926264,2
453778,2
438227,2
109448,2
421697,2
584403,2
768796,2
152675,2
931595,1
921905,2
268530,2
429447,2
910643,2
1001834,3
603603,3
77046,3
912777,3
222007,2
793818,2
418766,2
265972,2
253785,3
158628,2
163033,2
205960,2
891497,2
297990,2
935621,2
353704,3
547790,3
102709,2
967256,3
524385,1
38307,2
743339,3
812800,2
949393,2
182937,2
506113,2
97783,3
1010194,2
848433,3
1033402,2
956138,2
590084,2
703064,2
712049,3
448320,2
463684,2
858578,1
334257,2
829356,2
10329,2
1040070,2
441814,3
489033,2
705769,2
359983,1
289024,2
749554,2
269460,2
61300,3
846554,3
206513,2
493426,3
232607,1
558624,3
470873,2
1024420,2
395797,2
195336,2
748514,2
602530,2
908592,3
920904,2
672494,2
785852,3
75190,3
488240,3
241504,2
1041209,2
785999,3
78628,2
297624,3
177441,3
496446,2
1049477,1
236743,2
34576,3
235003,1
661006,2
1043476,1
708544,2
877069,2
528991,2
818249,2
328193,2
240843,3
121891,2
364205,3
228032,2
266286,3
438557,2
543584,2
145817,2
456530,2
790275,2
548308,3
436969,2
296321,1
424764,1
889642,2
153897,3
322066,2
612448,2
970443,2
872124,3
845865,2
656633,2
750451,2
600644,2
342035,3
614529,2
137826,2
62781,2
152988,2
947187,2
157637,2
933169,2
139926,2
437366,1
103791,2
802263,3
1006335,2
393797,2
956745,2
154657,3
826046,2
761783,3
269277,3
706971,2
922035,2
329230,2
8691,2
163618,2
690586,3
472838,2
711267,2
482538,2
1048431,1
705483,3
968797,2
1029147,2
578555,3
389774,3
201707,2
558617,3
1023793,3
306269,3
15460,3
366859,3
960634,2
123368,3
682616,2
3250,3
617193,2
575485,2
568914,3
816717,2
69865,2
829774,3
591870,3
145943,2
976452,1
374815,3
715532,2
740212,3
103778,2
500846,3
208758,2
1026123,2
588025,2
50929,1
487604,2
97012,3
1037037,1
82951,3
13292,2
88193,2
641822,2
218051,2
343529,2
1033737,2
943662,2
346798,2
862601,3
795872,2
413805,3
433695,2
975742,2
379983,2
514257,2
856532,3
808963,3
185608,3
538940,3
6660,3
635359,2
405239,1
200098,2
898540,2
973711,2
405262,2
240830,3
999061,2
932716,3
682310,2
647354,2
308513,2
654345,2
598977,2
455386,3
176848,2
580282,3
302050,2
399675,2
886889,1
209982,1
694564,1
853695,2
125885,2
790075,2
14808,1
582050,3
1008163,2
483423,3
596196,2
1002993,3
499864,2
871064,3
876612,2
544781,1
704195,2
415349,3
967054,2
49057,2
759184,2
755979,3
716826,3
214568,2
62316,2
447159,2
956634,1
1039297,2
441738,2
299915,3
953060,3
150413,1
65402,2
455661,3
148759,2
340559,2
85388,1
836255,2
31946,2
589539,3
680815,2
766167,1
581723,2
132856,3
601160,2
551354,2
406261,3
19654,3
377450,2
109485,3
324952,2
729067,2
559665,2
288805,3
263902,3
162867,2
842489,2
147907,2
1029683,2
550729,1
324403,2
906839,1
1018743,3
26602,3
384297,2
790865,3
932743,2
1042990,3
1027637,3
296036,1
842407,2
256611,3
102961,3
452446,2
28501,1
299686,2
381108,2
594201,2
234219,2
467549,2
783020,3
368994,2
269746,2
339889,2
946933,2
309595,2
806255,3
142270,3
924780,2
290880,3
343536,2
660632,2
560851,2
759254,2
175873,2
616313,2
426505,2
845218,3
913120,3
21663,3
499651,1
671800,2
645575,3
473575,2
757851,3
280521,2
113280,2
155044,2
330933,3
303652,3
765387,2
854602,2
501172,2
592383,2
340093,3
584667,2
592000,3
102048,2
447660,3
173018,2
596067,2
457435,2
534347,3
393955,3
842007,3
232266,2
479374,2
193954,2
63675,2
939854,2
848214,2
256158,2
626356,2
793120,3
168387,2
880558,2
919407,3
356572,2
618618,2
927056,1
932344,1
1052648,2
728288,2
715272,2
202466,3
470019,2
42316,1
168853,3
339641,2
764898,3
890315,2
177401,2
171719,3
676796,3
131258,3
958985,2
721257,2
340779,2
179029,3
887141,3
598340,2
65158,3
936535,2
528698,2
572089,2
949559,2
307457,2
932930,2
1032325,1
513978,2
723827,2
185106,2
832820,2
978687,2
1033710,2
705271,2
670203,2
413760,2
397680,2
637831,1
558299,2
754934,3
330054,2
1008997,2
539587,2
955510,2
781932,2
632155,2
820179,2
724027,2
419016,2
159646,2
657833,3
975272,2
577862,2
742374,2
360404,2
87790,3
884170,1
378095,3
314036,2
4970,3
873775,2
378186,3
220293,2
82690,3
653476,3
1046700,3
390063,1
582998,2
25287,3
913163,2
716444,2
489285,3
514223,2
221075,3
504999,3
433890,2
268061,2
448306,2
225153,2
243878,3
967955,2
1041521,3
542189,2
925316,2
564501,2
745117,2
887258,2
776619,2
82239,2
184997,2
383034,2
584135,2
583295,2
542347,2
697588,2
655313,2
850314,2
191785,3
518780,3
832463,2
583217,3
334606,3
608519,2
1022706,2
538195,2
279154,2
607957,2
578134,2
185827,3
388176,1
620426,2
322299,2
514150,3
917651,1
570512,3
689028,2
231062,2
929911,2
666146,2
844272,2
452360,2
820669,2
33439,2
129830,3
536519,2
373692,2
713888,3
604122,2
602803,3
874604,1
208676,2
931901,2
724583,3
362026,3
696040,3
139794,3
319444,2
456884,3
68777,2
197827,3
578892,2
269183,2
544425,2
142717,2
15574,2
605888,2
846937,1
368589,2
795939,2
914998,2
865728,2
1028591,2
831999,2
464951,2
306322,1
499387,2
583753,2
119328,2
1016520,2
202802,3
366632,1
775257,2
130828,3
1041956,2
850194,2
910983,2
605151,1
294566,2
283213,2
805549,2
581677,2
650122,2
15604,2
566405,3
684551,2
420286,2
309217,2
114047,3
393551,2
124771,2
478096,3
17893,2
647218,2
1005798,2
138911,2
802119,3
713496,3
509905,2
297023,2
600316,2
109229,2
398109,2
499484,1
816572,2
21517,2
208384,2
671726,1
770856,2
342790,2
33883,2
906853,3
703305,2
721117,3
746345,2
457997,2
656740,2
665241,2
37960,3
782685,3
947186,2
1033722,2
607350,2
944690,2
877653,3
476731,3
731721,3
436221,1
788380,3
310061,1
879878,2
597392,2
175401,2
428050,2
284415,2
127946,2
394365,3
1049727,2
107352,2
456475,2
647764,3
728080,2
379152,1
509664,2
176449,2
1030240,2
532667,3
291228,2
868725,2
512790,2
113548,2
601440,2
1011845,2
29707,3
219783,3
318924,2
61058,2
52289,3
359807,1
531742,3
650921,2
589842,2
271873,2
224606,2
390270,2
748621,2
360767,3
145404,1
160494,2
89925,3
1030895,3
478690,3
347210,1
661643,2
64418,2
915736,2
515033,3
667219,2
213408,2
63661,3
361554,3
417501,1
298257,2
342094,2
783879,2
765711,2
15614,3
634609,3
1019743,3
534099,2
336653,2
785874,2
406254,2
869970,2
434015,3
769716,2
88531,2
235082,3
1039837,2
363061,2
941826,3
511711,3
242031,2
1037055,2
260502,3
663285,2
788761,2
563269,1
551454,2
623165,2
863712,2
679338,3
810718,2
997952,2
1021515,2
76801,2
440402,2
383969,3
863713,3
724675,2
103188,2
1036131,2
41215,2
868672,2
363480,3
185399,2
905325,2
932012,2
30633,2
692327,2
418860,3
373213,2
253985,2
327718,2
500194,2
110660,2
505271,2
836240,3
658781,2
243499,2
597854,3
1025777,2
396173,2
598870,3
777527,2
786492,3
53530,1
265868,2
913570,3
422754,2
1008536,2
689921,2
288703,3
115080,2
819017,2
435782,2
375213,2
508739,2
550966,2
138905,2
52210,2
670950,2
1018181,2
225468,3
345500,2
771259,2
480369,2
871877,2
79551,1
514937,2
727710,1
570734,3
684161,3
1007511,3
216740,3
869819,2
742522,2
114413,3
982968,2
159476,2
553133,2
946880,2
523479,2
211202,3
425566,2
883929,2
862040,2
423489,3
437708,3
927131,3
256918,2
318217,3
231769,2
368938,3
304433,1
8465,2
239952,2
685934,3
488379,3
496790,3
540387,2
464595,2
220414,3
583689,3
6803,2
68994,2
799020,3
938356,2
367480,3
950487,3
621040,3
853804,2
449033,3
583904,2
188241,2
740024,2
573795,1
541170,2
943424,2
265716,3
700626,3
858584,3
379255,3
991959,2
844244,2
750499,2
1042057,2
236335,2
728367,2
116732,2
204831,3
654861,2
1052849,3
666548,1
371329,2
634346,2
573899,3
759101,2
510147,2
973258,3
612202,2
874476,3
177516,2
306997,2
544990,2
17823,3
346387,2
872371,2
35618,3
1038551,2
191551,1
1011362,3
596415,2
612967,2
704413,2
911782,2
759072,2
144678,2
374142,2
232197,3
475346,3
176069,3
646740,2
162650,3
499244,2
516878,2
877756,2
31517,2
623338,1
7711,2
374086,1
414533,2
668174,3
100854,2
150132,2
199165,2
406974,3
922784,2
725245,2
496122,3
11763,2
999289,2
54825,3
857345,1
467143,3
954154,2
199148,3
764450,2
171104,2
412459,2
475354,2
606624,3
571816,1
684229,2
528995,2
789800,2
193876,3
382130,2
832011,3
122095,2
266104,2
580142,2
366433,2
608320,2
204337,3
19097,3
157470,2
908986,2
414803,2
497019,2
178262,3
280487,3
892750,2
539864,3
370226,2
446152,2
926317,3
213713,3
305624,2
344685,2
11133,2
374601,2
73684,3
50469,3
815896,2
107268,3
953494,2
410312,2
934478,3
1035817,3
341332,2
171799,2
278992,2
978063,3
859813,2
306021,2
351575,2
770250,2
919501,2
683521,2
375936,1
173341,1
335679,2
215759,3
958236,2
863142,2
294402,3
90114,3
375088,2
1008492,2
660843,3
238885,2
366153,2
231406,2
68175,2
577512,2
90770,2
138215,3
620140,2
379316,2
1018044,2
345105,2
157678,2
58992,2
564745,3
456321,2
747212,3
543338,2
548716,2
1015031,3
134217,2
806933,2
104648,2
693032,2
495396,2
814735,3
12659,2
589183,2
827872,3
671111,2
194996,2
265696,2
632127,3
1035406,2
25344,3
858106,3
523467,3
657846,2
965947,2
447649,2
835973,3
751058,2
720070,2
32145,2
340914,2
734699,2
891701,2
923255,3
469323,3
828808,3
789298,2
825246,2
979727,2
354839,3
511516,2
1032971,2
302862,2
335324,3
876080,3
12321,2
612869,2
917841,1
174663,2
231256,2
267937,2
337519,3
790196,2
139344,2
572757,2
71220,2
216400,3
711200,2
516606,2
485620,2
379758,2
747938,2
423300,2
424255,2
544042,2
243094,3
340506,2
524735,2
514528,2
227510,3
146552,2
301147,2
112279,2
510790,2
776543,2
962811,2
251427,3
931931,2
1006828,3
195678,2
894480,2
674822,2
665329,2
136517,2
289007,2
317892,3
602034,2
203574,1
185043,2
392818,2
380491,2
886268,2
217985,2
575026,2
683858,2
857724,1
831500,3
603729,3
2657,2
1030251,3
1051558,3
816612,2
506649,3
651616,3
285909,2
204949,2
264230,2
24382,2
85168,2
311454,3
883819,2
388148,2
180824,2
879213,2
624877,3
709800,2
861229,2
642620,2
787610,2
86693,2
776415,3
1040579,3
872313,2
377275,3
514002,2
208829,2
529273,2
767247,3
661139,3
34731,2
572848,3
211204,2
190033,2
304740,2
935114,3
137147,3
555856,2
218315,2
538123,2
198013,2
57242,2
92186,3
559073,3
739153,2
563788,2
368036,2
451093,2
702507,2
48547,3
407225,2
890186,2
107981,2
784715,1
770766,2
352023,2
853797,3
277269,2
699782,3
709511,1
409685,2
211858,2
913786,2
304073,1
787244,3
342637,2
696470,3
612376,3
458535,2
940370,3
106333,2
694116,2
812443,2
824609,2
829751,3
793195,2
641085,2
304250,3
439343,2
736441,1
641528,2
1029062,2
464342,3
12895,2
937162,2
685820,3
220840,3
748841,3
957519,2
594186,2
275146,3
1046379,2
264491,2
173667,2
169813,2
378562,3
740710,2
192220,2
907874,2
83327,2
272812,3
664575,3
625815,2
235798,2
451089,2
960650,3
1024112,3
99354,2
431236,2
882597,2
781937,2
442375,2
285238,2
376178,2
989960,3
396363,3
764318,3
556157,3
867613,3
296756,2
703158,2
840949,2
81966,2
1027378,2
958008,2
531638,3
80294,2
703635,2
290832,2
66975,2
595709,2
843586,2
984141,2
991932,2
691059,2
139079,3
879360,2
687985,2
501974,2
558277,2
1039249,1
684198,3
700643,2
81348,2
320038,2
633579,3
64381,1
1012608,1
552778,2
272112,3
464079,2
340039,1
661113,2
944454,2
382707,2
121699,1
905898,2
110627,3
494899,2
989392,1
148943,2
198553,2
126333,2
406218,3
26711,3
145737,2
1030336,2
78066,2
491406,2
195982,2
847454,2
252097,2
350455,2
200024,3
914955,3
739476,2
1030008,2
247315,2
32761,3
947063,2
741644,2
847501,3
792201,2
890995,3
8635,3
787402,2
124637,2
512113,3
348930,2
83138,3
138988,2
329220,3
960803,2
132823,2
12933,3
849741,3
459991,2
875618,2
559683,2
18525,2
423151,2
964174,2
18008,3
15424,2
910454,2
635265,3
1006787,2
129880,2
469293,1
361498,2
285811,2
392687,3
1049006,2
320537,3
377352,2
299281,2
280012,2
146192,3
487453,3
823095,2
662671,2
391846,3
650895,2
222019,3
645768,2
624603,3
49110,2
657040,2
1041603,3
292431,1
123134,2
417243,2
198734,3
139996,2
1025101,2
835609,2
55917,2
720063,2
593355,2
661860,2
965907,2
513729,1
597046,2
978446,3
387798,2
519891,2
360210,2
998732,2
1039316,3
287566,3
470170,2
39564,3
724539,3
223520,2
926654,2
766766,2
627528,3
697037,3
153949,3
414143,3
313198,2
1020483,2
255365,3
917124,2
419727,2
711452,2
408335,2
767052,2
730119,2
158016,3
611178,3
925423,3
17335,2
1000318,2
314818,3
949194,2
951173,2
544101,3
835188,2
64472,2
18304,2
726599,3
676899,3
84358,2
616790,2
461415,1
592401,1
187513,3
584257,2
470471,2
346659,2
906322,3
166067,2
271745,2
769354,2
612147,2
899954,3
801751,2
784529,2
318306,2
672993,2
776323,2
400515,2
425961,3
496493,2
108646,2
957938,2
608839,3
950816,2
353084,2
75309,2
427973,1
342113,2
179687,2
61633,3
1018965,2
526532,3
581292,2
1040204,2
121898,2
809635,2
35714,3
675839,2
282510,3
257805,2
324569,2
457528,2
463186,3
773412,2
222881,2
223871,2
988942,2
861940,2
409493,2
833099,1
253952,2
427639,3
384298,2
689,2
964921,2
883712,3
621000,2
55594,2
938219,1
479591,2
143582,3
921825,2
893841,3
936518,1
476222,2
557272,3
684625,2
797798,3
778534,2
416579,2
315345,2
536134,1
335042,2
119593,3
893080,2
499525,2
37554,3
519681,2
173626,1
932242,2
580337,2
584375,1
888551,2
907123,2
245721,2
434462,3
52418,2
698607,2
184660,2
941670,2
1027728,2
890116,2
730361,2
982065,3
442612,3
652536,2
271573,2
682314,2
311841,3
729146,2
166664,2
860451,2
740238,2
122273,2
273931,3
240161,1
862267,2
778770,2
404075,3
166737,2
920725,3
766914,2
159449,3
154959,3
549058,3
630522,1
907212,2
424238,2
506895,2
874016,2
905509,2
163124,2
918497,2
163241,2
238564,2
720031,2
148023,2
1012502,2
81857,2
161898,3
283133,2
637701,2
279952,2
939640,2
182696,2
790651,2
899435,3
246563,3
1014181,3
329209,2
388624,3
174163,3
100138,2
441131,2
306526,1
49827,2
660345,2
776271,3
392466,2
314589,2
329725,3
310830,3
336785,3
838870,2
124774,3
811821,2
244545,3
339662,2
414946,2
158450,2
611189,2
29346,2
160619,2
969543,3
299608,3
750861,3
1026680,3
1010658,1
36925,2
188324,2
17618,3
627213,3
130669,1
649638,2
805649,2
548075,2
333795,3
575228,2
238585,3
576682,2
918691,2
255591,2
274505,2
429313,3
603314,3
831830,1
110933,1
900934,2
173076,3
939843,2
505519,2
388122,2
107202,3
625010,2
555888,3
565083,2
945456,3
638374,2
631490,2
1049878,3
180006,2
141249,2
547157,2
921236,2
991618,2
971944,2
249218,2
520019,2
63726,2
685938,2
655338,2
777078,2
298840,2
132694,3
600473,2
290632,2
496117,2
1005561,1
76512,2
293088,2
675399,2
795331,3
537157,2
354438,2
92052,2
912223,3
900728,2
7027,2
642510,3
397939,1
305711,2
409987,2
115444,2
925925,2
554270,2
650967,2
910507,3
1010661,3
288642,3
830235,3
86306,2
237207,1
994699,3
675889,2
360561,3
653491,2
888418,2
654544,2
747939,3
667334,2
782177,2
992279,1
195246,3
960490,3
171070,2
312159,2
335997,2
248718,1
13775,2
428990,1
248754,2
85390,2
1034018,2
969042,2
2449,2
255400,2
499627,3
87574,2
596768,2
778384,2
659015,2
309258,2
450143,3
220025,2
677807,2
557458,2
522815,2
497054,2
1001420,3
134426,2
593808,2
145782,3
981862,2
874869,2
688265,2
648740,2
225223,2
188963,2
437854,2
274773,2
964406,1
245305,2
204917,3
118918,2
744741,3
849728,2
676553,2
617145,2
38482,2
490241,3
689174,2
660227,2
75125,3
214930,2
136327,3
301917,2
343378,2
578263,1
323064,3
967447,2
470887,3
232600,2
294142,2
435454,3
338065,2
865634,2
573581,2
392665,1
889399,2
539093,2
453870,2
221132,2
1051642,3
140553,2
230545,3
670562,2
236730,2
1019647,2
233869,2
695234,3
796712,2
551772,2
432979,3
221405,2
911100,2
241689,3
904072,3
658946,2
153737,3
738541,2
15235,2
285127,2
808403,2
658907,1
586949,2
318904,3
175402,3
460469,3
940190,3
307458,1
458627,3
557767,3
304943,2
291721,2
235402,3
858593,2
438660,2
814736,3
756748,2
639695,2
770254,2
716432,2
302033,2
544806,3
1004567,2
282009,1
556924,2
819816,2
920761,2
532045,3
657087,2
917593,3
24363,3
601091,2
623065,3
1049549,1
891370,3
337062,3
303789,2
164618,3
722266,3
809723,3
309744,3
269265,3
815826,2
329599,3
988073,3
879958,2
508834,3
803417,2
701623,3
433764,3
162211,2
309562,2
791238,2
324769,2
436600,2
659186,2
45340,3
571148,2
119863,3
1016708,2
714153,2
1046277,3
293355,3
604237,2
138649,2
604639,2
107410,2
565154,3
864937,3
449620,2
862621,3
402036,3
89155,2
603273,2
305173,2
151154,1
811482,2
491653,2
574688,2
855528,2
525375,2
217417,2
737811,2
851015,2
319106,3
478505,2
937107,2
999194,2
640555,3
834231,2
883254,1
671593,3
632466,3
378289,2
373240,2
514291,2
318887,3
827492,2
605330,2
962103,2
147942,2
1049629,2
42723,2
480534,2
515042,3
461385,2
481883,2
1045476,2
771920,2
445273,1
68704,3
680978,2
51852,2
1025077,1
555004,1
607669,2
172794,3
291072,2
58158,2
416569,3
422312,2
918472,3
687795,3
520361,2
489667,3
385618,2
22040,2
129915,2
99630,2
55079,3
294634,3
557481,2
405701,2
417332,2
129202,2
492917,2
1018475,2
32386,2
865012,2
18620,2
79021,2
38701,2
736359,2
307806,2
80489,3
731497,2
177001,2
920158,3
996024,2
561933,3
865435,2
766530,2
1472,2
515126,1
479751,2
472320,1
704933,3
533345,2
366452,3
445373,1
358021,2
864988,2
53788,1
481063,2
508271,3
406154,1
226642,1
1007133,2
762932,2
619378,2
757278,1
450596,2
57322,2
618609,2
208624,2
871743,3
820870,3
46117,3
147980,2
865919,1
663946,2
642392,2
106941,3
305150,2
172791,3
534064,2
95378,3
207242,3
690722,2
248426,2
483850,2
912530,2
209718,2
731136,3
490528,2
290008,3
1015883,3
563017,2
709373,2
432032,2
250557,3
198149,2
252487,2
303857,2
256106,2
1031883,3
120998,3
501926,2
861204,2
114529,2
768716,2
495334,2
263115,2
624951,2
434171,2
729139,2
396088,2
394980,2
384103,2
699295,1
111561,3
49316,2
50602,3
528188,2
40262,3
810996,2
186847,2
591158,2
227595,2
364418,2
643919,2
803937,2
81193,2
771316,2
897668,3
429362,2
309655,3
527121,2
369972,2
572612,2
530618,2
794473,2
774928,2
315100,2
104534,2
690328,2
768695,2
1011087,1
884600,2
379817,2
211468,2
836642,2
976186,2
849391,3
1044186,2
805155,3
238660,3
708722,2
1039466,3
599979,2
492234,2
686531,2
875446,1
708779,3
440911,2
858268,3
955697,2
542724,2
711019,2
816127,2
966902,3
240760,2
14488,2
644527,2
693606,3
872067,1
363282,2
22505,2
556535,2
757328,2
734363,2
744398,2
896499,2
335417,2
307871,2
625991,2
66026,2
800498,2
765535,2
432589,2
461896,3
16592,2
374206,2
807963,2
434596,1
167588,2
604506,2
549955,3
460623,3
544983,2
376887,3
479418,2
365983,2
690972,2
633156,3
344675,3
459197,2
533592,2
880696,2
215708,2
26603,1
1033459,3
331655,2
817190,2
429202,2
263109,2
661654,2
814948,3
727572,2
524159,2
349369,2
489596,2
500314,2
871887,2
434802,2
410019,2
980571,2
190851,2
621880,3
62505,2
257067,2
40850,2
352826,3
654975,2
649751,2
381805,2
335170,3
705156,2
66468,2
528765,2
754274,3
764273,2
293807,1
701899,2
1036103,2
672094,3
258280,2
717099,2
219135,2
605654,2
91366,2
28790,2
620834,3
98786,2
7792,2
474703,3
868363,1
473670,2
425719,1
1000979,2
569651,2
149154,3
799653,1
488486,3
842298,2
326953,2
159640,2
194063,3
313761,2
1038776,2
241184,2
826365,2
82326,3
563370,3
37027,2
323655,2
401742,2
679112,2
141686,3
635014,3
215242,2
1025566,2
285743,2
727185,2
738380,2
182849,2
306829,2
557323,3
288598,2
254178,2
1017139,3
471945,3
756667,3
587368,2
234199,2
222636,3
260057,3
790332,1
419747,2
989680,2
751468,2
986832,2
494026,2
315285,2
518384,2
740481,3
673350,2
623439,2
348947,3
51986,2
539718,3
868882,2
626474,2
343899,2
926101,2
611367,2
590944,2
508554,2
515834,3
1039873,2
483788,1
828340,2
688625,3
229498,2
989084,2
270428,2
677383,3
491024,2
400383,2
101207,3
807953,2
263111,2
420644,2
1034787,2
539995,2
302232,2
654852,2
605474,2
445270,2
5341,2
1037484,2
562789,2
568139,3
764941,2
1025627,3
99611,2
521101,2
492266,2
735237,2
381144,2
853106,2
943224,2
775070,2
1038208,1
906196,2
574376,2
609241,2
869519,2
139396,1
472935,3
703111,2
676671,3
193394,2
223718,2
211170,3
251344,1
934363,2
597031,2
197413,1
730895,2
341723,3
188935,2
563785,3
697543,2
442449,1
50804,2
637836,2
336124,3
552033,3
493623,2
880030,2
903855,2
712888,3
228110,3
475304,2
301772,2
385219,2
789881,2
757362,2
979025,2
903475,2
986442,1
229856,2
997995,2
853035,2
245439,2
297736,2
137269,2
576186,2
1002337,2
631375,1
663300,3
193178,2
64078,2
919410,2
901212,3
833428,2
615482,2
342174,2
956314,2
901214,2
313917,2
202507,2
443324,2
563167,3
801272,1
620727,2
69773,3
87384,2
892905,2
928283,3
889613,2
978809,2
277960,2
1020781,2
129600,2
861491,1
843464,2
196422,2
596691,2
575471,3
39319,3
1001170,2
1037047,2
390984,2
373311,2
552467,2
231883,2
248259,2
231052,2
902710,2
759345,2
924032,2
730311,3
261989,2
711494,1
1000004,1
961816,2
861348,2
1029329,2
152985,2
954198,2
614933,2
1045063,3
160699,2
1757,2
808259,2
634906,3
816393,2
75962,3
263432,3
284074,3
944050,2
599855,3
526141,2
948880,2
61330,2
654117,2
831662,3
162397,3
401728,2
27446,3
878093,3
417354,2
393025,2
273660,2
237948,2
498760,2
503384,2
721010,2
29689,2
751285,2
780220,2
408574,1
157089,1
952540,2
72012,3
310215,2
249209,3
587055,3
920925,1
716941,2
125742,2
320,3
630555,2
795473,2
157808,2
614205,2
848339,2
511275,2
840216,2
389215,2
678109,2
171123,2
717076,1
6070,2
738198,2
792474,3
38160,3
108513,3
248911,2
62861,2
159530,2
1022001,3
693873,3
522199,2
179151,3
7400,2
230628,2
531040,2
782310,1
289208,3
468975,3
417063,2
40140,3
1006504,2
247724,2
248410,2
735951,2
16071,3
45437,3
291750,3
416589,2
271647,1
447217,3
351008,3
899049,2
673971,3
1012512,2
164966,3
609195,1
548958,2
451944,2
1003621,2
843557,3
934629,2
520849,2
349435,2
541407,3
966568,2
294945,3
1046302,2
426702,2
359606,2
984498,2
617670,2
288651,2
115179,2
554345,2
445710,3
633067,2
754524,3
141372,3
258749,2
356558,2
782790,2
305252,2
894729,2
760486,2
495894,3
723104,2
910243,3
938798,2
1051916,1
836048,2
304284,2
420781,2
834879,2
629187,3
781025,2
501205,2
878358,2
252382,3
38927,2
272445,2
327518,2
252185,3
309214,1
161238,1
99214,2
323360,1
376886,2
29288,3
976833,3
502290,3
172011,2
847909,2
678874,2
437357,3
965238,2
577725,2
471495,2
1043238,2
305067,2
451285,3
272561,3
1016818,2
508714,3
623479,2
560257,2
892491,2
143867,2
38070,2
148349,2
380834,2
786059,2
636746,3
864101,3
359478,2
812710,2
194010,2
306625,3
1040157,3
673442,3
658209,2
269795,2
520463,2
132462,2
820986,2
778591,3
826897,2
1045923,2
281808,2
876417,1
122338,2
610586,1
180741,2
184440,3
4519,2
235868,2
271607,2
778945,3
64025,2
549143,2
808167,2
214642,2
265394,2
228022,2
491632,3
389437,2
650448,3
232583,2
599401,3
227505,2
778460,3
61564,2
161021,2
378920,3
742500,1
438351,3
1026101,1
737142,2
926427,3
212393,2
248007,2
443255,2
773711,2
229090,2
693071,2
553941,2
736129,2
200004,2
405618,2
291048,3
530544,1
315577,2
454793,2
645591,3
672181,2
377399,3
579223,2
850067,3
964588,2
714926,3
872692,2
890410,2
849017,3
539167,2
927203,2
821775,3
2508,3
744043,2
656359,3
793527,2
916482,2
836201,2
995496,3
45198,1
582279,2
505099,1
941404,2
944451,3
667800,2
59827,2
348989,2
88774,2
723266,3
76872,2
638959,2
793986,3
876928,2
395672,2
384718,2
114460,2
629122,2
544710,3
568725,2
961024,3
271217,3
181526,2
76602,2
834568,2
201130,2
722685,2
651926,2
141370,2
1050402,2
193665,2
995783,3
348759,2
768278,2
176430,3
309679,2
806248,3
287456,2
890097,2
291705,3
23170,2
937163,2
38715,2
218773,3
690421,1
930606,2
847050,2
951976,2
769057,2
329020,3
100182,2
179742,2
388318,2
328910,2
404747,3
1017910,2
199900,2
97567,2
626510,2
276837,2
454039,2
188043,1
438139,2
515376,2
548254,2
143188,1
119370,2
732213,2
923179,2
21282,2
573829,2
592693,2
445185,2
140244,2
219681,2
262591,2
772722,2
390147,2
397862,2
835892,3
577604,2
83834,2
769205,3
89443,2
487022,2
416708,2
777556,3
571637,2
427461,2
750669,2
441652,3
779684,2
604039,2
161765,2
412503,3
796851,1
813300,2
512336,2
220392,2
922165,2
865509,2
286802,2
451889,1
188846,3
658938,2
371171,2
828164,2
741905,3
694476,3
681157,1
194640,2
613890,2
1024290,2
223225,2
963563,2
703671,1
607440,2
876089,2
364385,2
53248,2
623548,3
1020361,1
808731,2
823170,2
714742,2
814258,2
785791,3
860749,2
281220,3
886516,2
571162,2
665057,2
411992,2
930403,3
414697,2
926609,2
495811,2
994892,2
861158,3
791335,2
735509,2
792645,2
522189,1
454703,2
1007394,2
658136,3
448478,2
988299,2
793314,3
241333,2
862067,3
86225,1
376002,3
317911,2
454798,3
1009752,2
549060,2
144674,2
293392,2
112036,2
47244,2
241432,3
519947,2
50345,2
170350,2
485825,3
1046895,2
27546,1
995117,2
537340,2
406210,2
462771,2
460221,3
555552,1
851322,2
32209,2
1026960,3
674616,3
470522,2
324148,3
952813,2
510842,1
730522,2
150262,2
221717,2
671602,2
417741,2
609566,2
930346,2
245783,3
656228,2
37841,3
352454,1
39671,2
656522,3
634788,2
404247,2
530189,2
509114,3
709957,2
188351,2
255736,3
531183,2
568005,2
939029,2
1032894,2
295978,2
24047,2
808791,2
128580,3
32948,3
472178,2
519424,2
994279,2
99083,2
419765,2
317443,3
170075,3
718198,2
255005,2
778503,2
284064,3
998107,3
770548,3
325560,3
914770,3
17459,2
46236,3
383897,2
544197,2
14225,2
49932,2
202438,2
423491,2
1574,3
967223,2
306321,3
343578,3
1024432,2
872113,2
727891,2
355529,2
797309,3
976858,2
72773,3
267808,3
568319,2
190074,2
519356,2
341853,1
403678,2
106546,2
367617,2
782824,3
316769,2
502364,2
782687,3
350216,3
1017081,2
765243,2
961674,3
613494,2
723173,2
562957,2
118722,3
421206,3
675942,3
802229,2
434325,2
404067,3
404092,3
194481,3
804333,2
326942,2
854495,3
698715,2
743140,3
627426,2
922627,3
665269,2
357247,2
628490,1
134961,2
16896,2
758197,2
925585,3
793212,2
436936,3
85530,2
55170,2
943696,3
157884,3
167248,3
621391,1
464311,2
241630,2
680918,2
192592,2
107628,3
740456,2
627847,2
61374,2
661805,3
529490,2
342285,2
467707,2
964750,2
1029384,2
636436,2
247826,2
727469,3
79664,3
876646,2
1012250,2
866932,3
703019,2
382696,2
393248,3
465797,1
38896,2
498768,2
144404,2
866242,2
697507,2
720179,2
780432,3
785567,2
348535,2
137291,2
455414,2
524895,2
744955,2
389300,3
388485,3
557126,2
148296,2
990980,2
483117,2
795031,2
366264,3
685441,2
306163,3
81850,2
565751,3
1044412,3
494435,1
676067,2
687927,2
216328,2
58717,2
606481,2
177531,2
321304,2
832831,2
700171,2
112737,1
1029952,2
202601,2
406807,3
686179,2
730746,2
634608,3
703790,3
806974,2
984541,2
542621,2
75626,2
743376,2
256112,2
865805,2
597192,1
35247,2
551704,2
453772,2
580172,2
700410,2
191175,2
95463,2
357221,2
674556,3
312413,2
698817,2
690345,2
711944,2
343003,2
901074,1
657627,3
506693,2
942599,3
314789,2
425366,2
698374,2
624103,2
344038,2
191539,2
523145,2
1048317,3
527996,2
434212,2
426182,3
629365,3
622817,2
157043,2
849697,3
216686,2
925626,3
745518,2
740570,2
698482,2
158269,3
538027,2
1051994,3
346120,2
230133,3
680380,3
590648,2
766047,3
929415,2
999867,2
675123,2
8434,2
984909,3
966844,3
481207,2
603081,2
658472,2
12811,3
121846,3
440878,3
328438,3
947938,3
713262,2
406932,2
628174,2
514885,2
1030658,3
181704,2
428070,2
720372,3
882080,3
604857,1
48855,3
1023594,3
632257,2
363347,2
908899,2
400365,3
802321,2
402179,3
912776,3
767292,3
1007138,2
847737,3
804191,2
577900,2
181852,2
915489,2
143684,2
798976,2
910968,3
54135,1
174196,2
455723,2
365909,2
557819,2
484101,2
218398,2
328346,2
325264,2
604592,2
962162,2
172857,2
890330,2
838383,2
919064,2
925449,2
78203,2
399395,2
473627,2
448042,2
963173,2
284659,1
893068,2
567085,2
756498,3
59812,2
509807,3
264825,1
1013402,3
986882,2
387629,2
530450,2
143950,2
1028101,3
477160,2
504275,2
737314,3
781623,2
954817,2
915574,3
344764,2
442124,3
79820,2
595162,3
428490,2
342802,3
253927,3
595727,2
1028538,2
946552,2
121,2
173135,2
445996,2
812902,2
736061,2
266435,2
991147,1
822644,1
24377,2
270781,3
661093,2
414184,2
810633,3
1030051,2
837702,2
612820,1
95405,2
1008423,2
116624,3
763137,2
189413,3
571796,2
268854,3
440468,2
28686,3
415039,3
607539,2
484966,3
244005,2
248082,2
1035949,2
965084,1
558600,2
81576,2
299777,2
471300,2
1017200,3
944671,3
832130,2
439213,1
649733,2
1030088,2
223427,2
764029,2
699864,2
609127,3
299804,3
74686,1
6927,1
867177,3
1031886,3
109955,2
473599,2
297622,2
687561,3
172150,2
518047,2
180369,2
427927,2
119326,2
242302,1
947004,2
457795,2
197013,2
747298,2
907268,2
983916,2
814647,2
804373,2
993,2
26323,2
776940,3
39965,2
173313,2
150851,2
468990,1
712072,2
227468,3
720771,2
1016160,3
831133,2
418002,2
867764,3
1018653,2
816363,2
103000,2
241409,1
738799,2
498801,3
962598,2
117331,2
716778,2
421520,3
688797,3
542587,2
785306,2
305788,2
576719,2
680981,3
1020182,3
1023786,2
734306,2
291177,2
718248,2
91723,2
525344,3
362167,2
141569,3
892166,2
153211,2
561150,2
785310,1
664311,2
211419,3
55901,1
746796,1
755986,2
809127,1
419950,2
288523,2
865856,1
281602,2
55284,2
933578,3
765042,2
229203,2
836235,2
103023,3
234385,2
65315,2
812844,2
150279,3
154101,2
16041,2
495953,3
782724,3
127019,3
974706,3
399378,3
289553,2
603036,2
618118,3
185220,2
188396,2
540649,2
743170,2
371175,2
822914,3
412440,2
25585,3
583969,2
649051,2
827279,2
502456,3
621741,2
288665,2
719719,2
956872,2
50503,2
697591,2
157982,1
38721,3
900971,2
530768,2
935746,2
863256,1
864551,2
832754,2
35471,2
937664,2
880019,2
149007,3
714817,2
341251,2
188508,2
594637,2
458632,2
274071,2
741923,3
112801,2
709399,3
228615,3
222488,3
547646,3
707419,2
938655,3
940391,1
87654,2
569683,1
879567,2
85728,3
517628,3
226387,2
49289,3
722911,3
825021,1
1026894,2
91983,2
299273,3
473017,2
314866,3
416788,2
411212,2
502425,2
169529,1
215728,3
532794,1
880523,2
716204,2
849104,2
915296,2
931556,3
112879,1
1006904,3
930886,3
832916,2
96441,2
132790,1
879017,2
367457,1
219270,2
1033433,3
452045,3
791693,2
137129,2
310465,3
528788,2
160825,3
37548,2
729217,2
271667,2
813338,3
490681,2
134248,2
327729,2
404787,2
428323,2
802029,2
643183,3
398742,2
242706,3
201659,3
654181,3
110156,3
561754,2
940955,2
903651,3
577432,2
326246,2
178492,2
319807,2
752988,2
967111,3
41182,3
699625,2
63047,2
462500,2
226104,2
502062,2
759333,2
710826,2
554870,2
711500,3
731827,2
656850,2
925491,1
650032,2
653245,2
486462,2
847161,1
238609,2
592738,3
613807,2
954143,3
1018162,2
990698,2
279151,2
488114,2
917462,3
317067,3
159752,2
652104,3
203060,3
1023337,2
456724,1
240887,3
749952,2
266253,2
837584,2
735184,2
719483,2
543120,2
48361,2
485006,2
913963,2
1019240,2
772886,2
837402,3
177923,2
249076,2
89125,2
474946,2
123751,2
796485,3
893176,2
419079,3
782825,2
470161,3
593962,2
794508,2
27400,3
801032,2
813302,2
900003,2
442002,2
683200,2
199593,2
51417,3
813744,2
131137,2
787213,2
32625,1
993114,2
328220,2
645003,3
163775,3
118124,2
324692,2
965119,2
1018794,2
854389,3
423911,2
86303,2
901081,1
868506,3
941471,2
960700,3
30258,2
768086,2
247207,3
880763,2
476602,2
719931,2
314639,2
905470,3
689695,1
367877,2
179879,3
756078,2
343681,3
302850,1
291888,2
1041493,2
687653,2
377401,3
423398,3
1021085,2
300819,2
453185,2
11580,2
869086,3
303588,3
743709,2
950522,2
597893,3
436141,2
308664,3
550978,2
485989,2
859302,2
907563,2
802833,3
641037,2
835123,1
886604,2
429549,1
43358,2
616725,3
268639,1
985051,3
575585,1
788796,2
697944,3
578833,2
518250,2
746200,2
269806,2
404656,2
911255,3
113540,3
399969,2
576324,1
138121,2
1016512,2
350333,2
654142,3
13255,2
831227,2
1027584,2
794803,2
419264,3
1007596,2
527574,2
133,3
965499,2
928676,3
11818,2
663434,2
411091,3
956161,2
585109,3
669521,2
517229,3
929782,3
834794,2
880781,2
199699,3
736813,3
1005089,2
372641,2
985610,3
935283,3
502561,2
140588,1
610845,2
718852,3
486745,3
950647,3
100701,2
819739,2
383991,2
492303,1
981247,2
162113,3
905990,2
659636,3
689202,2
85551,2
481839,2
824904,2
350330,2
197411,3
889625,3
562924,2
251511,3
588501,3
164517,1
1018915,3
98875,3
1047847,3
453988,2
292300,2
843628,2
598695,2
544965,2
997956,3
28182,2
231525,2
481699,2
1029673,2
861395,2
110846,2
968240,3
372678,2
74681,2
916419,2
583318,2
236760,2
543844,2
1013414,2
111678,2
816663,2
949875,3
767938,2
103339,3
99124,3
143186,2
237772,3
346637,2
86892,2
338298,2
297886,2
456710,2
674887,1
850,3
241319,2
610649,2
40474,1
866896,3
617343,1
553386,2
182578,2
524069,3
788334,3
40377,2
818525,2
556337,3
331744,2
819188,3
343430,2
974993,2
430234,3
910768,2
594790,2
374469,2
172362,3
629529,3
364228,2
904024,3
179716,1
611228,2
590664,3
1006467,2
527645,2
762356,2
458905,2
414723,3
255206,2
375199,3
516875,2
614605,2
632896,1
722795,2
602911,2
408991,2
420249,3
688908,2
751864,2
309146,3
151541,2
92606,2
583574,2
334863,3
326414,2
149735,2
122825,2
268656,1
38651,2
683175,1
1052440,2
688938,2
492951,2
919961,2
444777,2
119161,2
170588,3
534996,2
816770,2
112700,3
926074,3
219590,3
923224,2
975274,2
69870,2
86196,2
795226,3
827370,2
168108,2
705180,2
320368,2
1034278,2
261529,3
626391,2
645077,3
433129,2
77373,2
563237,2
214236,2
252699,2
782154,2
908482,2
556592,2
796436,2
128285,1
937361,2
91030,2
137940,2
377244,2
483472,2
912464,3
571079,2
139708,2
8300,2
902808,3
348076,2
270652,2
739014,2
965328,2
481367,2
119802,2
509299,3
696176,3
47058,2
188617,2
452983,2
230535,2
282024,3
130194,2
484426,3
546408,3
413582,2
216517,3
284721,2
202218,2
576632,2
657210,2
97245,1
236070,2
971104,1
112871,2
840994,1
698425,2
276081,2
151434,2
645826,3
18621,3
443464,2
643765,1
376294,2
613674,2
874646,2
223221,1
279213,2
266124,2
254468,2
1052423,2
762078,2
745729,2
554420,3
212367,2
747586,2
950850,3
483240,2
746951,2
189024,2
590161,2
671689,2
491306,1
208126,3
317338,2
742622,2
167421,2
254058,2
913834,1
870002,3
389442,2
1018999,3
428270,1
674288,2
359534,2
640534,2
10900,2
157747,2
729890,2
991167,2
539700,3
943464,2
526349,2
782345,2
27205,2
182585,2
235168,3
258527,3
811351,2
464107,2
279776,3
747928,3
107317,3
706583,2
1036069,2
1038957,2
634737,2
581877,2
337942,2
140006,3
23718,2
811255,3
719666,3
583713,3
238030,2
1699,3
836050,2
551982,1
134757,1
687404,2
869102,2
124040,3
400487,2
1803,2
252078,2
328564,2
516116,2
38926,3
930377,3
61141,3
589720,2
932903,2
731804,2
679884,2
669800,3
763625,2
341695,2
393599,1
491742,1
379734,2
163450,3
242238,2
562227,2
168783,3
951107,2
617195,2
370997,3
227939,2
251646,3
715453,2
378380,3
708316,1
262760,3
884349,2
268705,2
2694,2
355027,2
342049,2
570295,2
800733,2
1035534,2
842070,2
837282,1
639847,1
308675,2
784071,1
376042,2
243860,2
84941,2
265816,1
191583,1
85430,1
908457,1
825073,2
258392,2
936199,2
754120,2
441022,2
487861,2
450637,2
359389,2
335913,2
681283,2
597077,1
969388,2
228138,2
104387,2
78508,2
565833,2
493943,3
654375,3
204349,2
706251,2
1023146,2
239659,2
836831,2
813260,3
744193,1
245984,3
21357,1
605786,3
1025462,2
641068,3
705668,3
168978,2
787911,2
1051030,2
136230,2
951701,2
300563,3
362738,3
537775,2
1015217,3
969900,2
456841,3
606077,1
467197,2
134149,2
747711,2
121450,2
420935,2
2751,2
104913,2
29537,2
77171,2
390032,1
936734,2
898916,3
982587,2
128385,2
212042,3
242181,2
658027,2
510742,2
921847,2
1031577,3
149515,3
1008865,2
843448,3
218210,2
269155,2
139262,2
251413,2
173845,2
220283,2
975528,3
651765,2
336171,2
672924,2
78698,2
881892,3
9212,2
310441,1
981619,2
378297,2
380323,3
857342,2
259929,2
874320,2
889016,2
169704,3
332068,2
571926,2
525033,3
829524,1
739588,2
6622,1
303943,1
722343,3
882453,2
427079,2
261814,2
894578,3
621859,2
171336,3
198924,2
275519,2
30275,3
257033,2
210589,3
471446,2
513610,3
584568,2
18863,1
121534,3
369962,3
832234,2
121160,2
885107,2
207117,2
749125,2
616456,1
226181,2
636969,2
1045787,2
900424,3
717591,3
694628,2
213042,2
56182,2
496996,3
649375,1
637820,3
445142,2
917369,2
154011,2
446760,2
714489,1
605001,2
292980,2
939180,2
901639,2
816806,2
546929,1
321567,3
844537,3
123459,3
308791,1
97336,3
16443,3
716786,2
981016,2
280424,2
512393,1
588481,2
818351,2
364879,3
977534,1
350663,3
198376,3
833025,3
872199,3
839819,3
763931,2
12006,3
430655,3
553181,2
298088,2
608779,2
746749,2
819300,2
826718,3
289034,2
423329,1
631343,3
603523,2
989551,1
1551,2
523831,2
1012284,3
937370,2
71882,2
893618,2
690530,2
972961,2
299410,1
917729,2
57340,2
750363,2
423733,2
188136,3
801784,3
691998,2
698011,3
735347,1
849386,2
239801,2
179494,3
873018,2
546554,3
473741,2
375614,2
731997,2
999083,2
510125,3
180500,2
643707,3
575755,2
120389,2
815204,2
123754,3
227119,3
976070,2
520199,2
251354,3
685916,2
901658,2
758415,2
409347,2
968784,2
394390,2
189952,3
445437,2
376605,3
1050157,3
274387,2
266015,2
968396,2
635374,2
1003493,3
676225,2
840307,2
721645,2
456769,3
318020,2
862644,2
680804,1
205883,2
389867,2
856029,1
94071,2
29862,2
903394,2
1012147,2
670685,2
457930,2
468386,3
676077,2
392763,3
785600,3
952165,3
404452,1
158652,2
554456,3
987084,3
535302,2
1042406,2
131395,3
377849,2
719030,3
148438,2
913578,3
11211,2
336154,3
905433,2
482811,3
882522,2
650354,2
867365,3
244898,3
844924,2
814330,2
428119,3
214219,1
595515,2
183864,2
707180,2
250176,2
1050695,3
622275,1
686158,3
237382,2
87706,2
794186,2
644864,2
638419,3
795457,3
261526,2
843734,2
734688,2
651436,2
553896,3
324596,2
816377,2
258383,3
419060,2
779880,2
685740,2
460188,2
860838,3
320960,2
869247,2
695737,2
114267,3
923453,3
647022,2
697942,2
58467,3
401613,2
903312,2
450254,1
245018,1
270729,1
728841,2
680614,3
762384,2
607170,2
651200,2
189258,2
905421,2
89749,2
244317,3
526977,2
344871,2
895372,3
343624,2
563141,2
112811,3
814833,3
818427,3
142870,3
148991,2
874449,3
976999,2
34779,2
403646,2
684927,2
854176,2
774625,2
8030,2
343924,2
955606,3
417322,3
928701,3
384666,2
221976,2
959305,2
665240,2
1018901,3
267729,2
70854,1
212405,2
481782,2
446704,2
238123,3
63990,2
982308,2
805447,3
811282,2
520435,2
691716,2
31255,2
19928,2
415386,2
862273,2
576029,2
664206,3
679152,3
518425,2
360399,2
215741,2
802526,3
16721,1
326948,3
355017,2
55465,3
607185,3
950606,2
784822,3
546585,2
432943,3
429507,2
634959,3
950926,2
443329,2
599696,2
447173,3
36389,3
428339,2
785309,3
211841,1
798972,2
822743,2
247500,3
488686,2
435759,2
933665,2
103966,2
560492,2
210119,3
925348,3
998429,3
797652,2
988520,2
629600,2
960936,1
630611,2
195639,2
193366,2
29370,3
344862,2
470115,3
253379,1
890413,2
827401,2
859384,2
750355,2
145423,3
192454,2
318187,2
9219,2
270911,3
907011,2
1016866,3
759228,2
67104,2
107995,2
512766,2
484431,2
936643,3
667840,3
670734,2
326676,3
476511,1
710287,2
238668,3
789441,2
524782,2
865008,2
990239,3
973923,2
87597,3
285660,2
210731,3
999296,2
549993,2
652101,2
1043998,2
564437,2
302404,2
604075,2
1050575,2
724635,3
143575,2
964784,2
444456,2
316256,2
650954,2
448353,3
456429,1
897311,2
112901,2
293471,2
132589,1
998278,2
125294,3
909411,2
538112,2
96450,3
109109,3
964058,3
374752,2
427353,2
421760,2
72206,1
646063,3
777261,3
365924,2
857620,3
491283,3
806686,2
600521,3
584222,2
239152,2
398903,1
455507,3
842461,3
982290,2
155548,2
298155,3
722602,3
40957,2
783527,2
337948,2
19371,3
937490,2
37404,2
444618,2
395191,3
764444,2
519556,3
1008091,3
931303,2
170962,3
590459,1
729810,2
109574,1
472315,3
764639,2
905938,2
1050947,2
368315,2
288374,1
190590,2
180037,2
637515,2
251788,3
256101,2
808411,2
84767,3
531573,3
699605,2
279285,2
906019,2
662479,2
722790,2
28814,2
578681,3
812258,2
122679,3
54821,2
653629,3
1045903,3
454559,2
122349,3
887499,2
877409,2
465259,3
912436,2
850112,2
819878,3
59755,1
927812,2
966214,2
988025,3
685296,2
291494,3
768210,2
665272,2
81293,3
86208,2
991180,2
325902,2
656349,2
639675,2
778862,3
583830,2
642944,2
175261,2
630112,3
174071,2
935675,2
149637,2
725703,2
174169,3
407536,3
121455,2
476519,2
789167,2
220830,2
831771,2
701120,2
364183,3
962623,1
406629,2
852936,2
713104,2
916187,3
115341,2
851950,1
258812,2
1043920,2
540292,3
840108,2
60580,2
697069,3
525732,3
423041,1
243883,2
326851,2
918458,2
864636,2
1049757,2
812206,2
388203,2
838204,2
659040,3
670157,2
172789,2
910705,3
964138,3
826847,3
602656,2
953821,2
691171,3
890648,2
757162,2
74658,2
931274,2
441121,2
721792,2
241712,3
80317,2
813445,2
976682,2
658697,2
468819,3
409587,3
640678,2
915712,2
252502,2
524591,2
731368,3
766842,3
127872,2
359394,2
319508,2
452782,2
463175,2
308328,3
859626,2
716128,2
79555,2
164006,2
776379,3
390672,2
330769,2
925188,3
79118,2
330568,2
487769,2
14961,1
179985,3
863191,3
358486,2
731700,2
977034,3
251927,3
1037803,2
549084,2
386782,2
551792,3
630539,3
600854,2
509687,2
947992,2
604332,2
53732,2
143004,2
574521,2
383654,3
440260,3
994044,2
359110,3
58759,2
1001310,2
915259,3
703529,3
1044459,2
1011572,2
953261,3
873507,3
7661,2
872765,3
419931,2
768535,2
615076,2
371654,3
530699,2
934398,2
511781,3
740478,3
625460,3
380798,2
270515,3
13,3
921550,2
597145,3
464223,2
275792,2
826413,2
570240,2
699184,3
472468,2
407430,3
397559,2
1027240,1
701894,2
165161,2
101596,2
278143,2
1008439,2
827536,2
891794,2
419300,2
801427,3
737835,2
725025,3
829740,2
677997,1
476384,2
69327,3
571740,2
274215,2
795307,2
568339,2
745285,2
269597,1
228252,2
316927,1
464960,1
83381,2
349545,2
170742,2
927690,3
681079,2
306818,2
18801,2
549635,2
723881,2
788390,2
862310,3
189957,3
432411,3
65643,2
659085,3
539087,3
469881,1
468029,3
761419,3
38407,3
385333,1
1006458,2
424378,3
999307,2
587995,2
180466,2
275199,3
524833,2
314537,2
730986,2
87511,3
906484,2
310614,2
551096,3
451567,2
791787,2
590889,2
676949,3
451666,2
481115,2
483445,3
315427,2
701000,2
534068,3
367168,2
1044625,3
1031343,2
930979,2
304828,2
926239,2
771818,2
489526,2
227397,2
993052,2
571402,2
276247,2
409114,2
629226,3
922566,2
1007590,2
981366,2
415381,2
985214,3
977245,1
645388,2
768169,3
437086,2
623690,2
467574,2
855228,2
1037944,2
173014,2
431104,2
393627,2
793064,1
372746,2
20622,2
493137,2
902535,2
269712,3
124651,2
493445,3
506901,2
225532,1
271520,2
332175,3
113549,3
469850,2
26352,2
1044971,2
824632,2
31623,2
746475,3
828057,3
606729,2
270741,2
66250,3
712173,2
447193,1
113568,2
950116,2
397116,1
255908,2
426781,2
888728,2
668659,1
485201,3
164419,2
136532,3
78693,2
225593,3
215271,2
687077,2
363516,2
30852,3
299432,2
894364,2
952417,2
422876,2
647244,3
1020330,3
161826,2
837441,2
787102,3
270121,2
617440,2
57151,3
867798,3
646012,2
1023254,2
1040455,3
901381,2
823398,1
123166,2
193997,2
171986,3
42858,3
472695,2
1001080,3
786062,3
1044773,2
5643,2
793567,2
251576,2
1034252,2
1019091,2
603381,2
839576,3
319309,2
50206,2
408287,3
727617,2
593045,3
133108,2
936262,3
989763,2
486764,2
211016,2
772127,2
91918,2
757982,3
169854,2
400977,2
738831,2
264402,1
64088,2
1034598,3
299870,2
942456,2
264506,3
1015681,3
212967,3
368237,2
485742,3
228502,2
200797,3
889063,1
33204,2
912004,2
249625,2
117983,2
237957,2
602810,3
748912,2
149380,3
458700,2
39523,2
946214,2
40714,3
101388,2
462538,3
1043549,2
410832,1
27936,2
192103,2
152047,2
127285,3
527917,2
19525,3
429462,2
219412,2
175289,2
610665,2
437847,2
758080,3
819244,2
416475,2
87741,2
713550,2
304557,2
503750,2
102349,2
248515,2
926658,2
900796,2
521285,3
662978,2
563739,2
709832,2
957286,3
274295,3
1029230,2
596995,2
590155,2
234915,2
319525,1
348678,2
783286,2
713906,3
332215,2
670040,2
721968,2
931227,1
841821,2
584024,2
610337,2
685218,2
839727,2
139907,3
521988,3
739955,2
336891,2
1016123,2
256680,2
829293,2
1250,3
143884,2
309767,2
152909,2
767287,2
542315,3
547938,2
152058,3
919480,2
859213,3
788371,2
905472,2
863413,2
38499,3
262313,2
838000,1
551548,2
296516,2
204083,1
771223,2
585706,2
446904,2
174905,2
455896,3
308928,3
168490,1
455210,2
525993,1
459269,2
453743,2
465484,2
927120,3
127205,2
767138,2
644364,2
179411,3
757860,2
565930,2
362220,2
453265,2
853615,2
147198,1
170769,3
738820,2
360263,3
979846,2
944403,2
555368,2
132472,2
224708,3
24081,2
792304,2
896826,3
321278,3
1014914,3
309661,2
635345,3
117140,2
363759,2
447743,1
403438,3
175416,3
69513,2
915481,2
927156,2
1007761,2
150254,3
342265,2
139729,2
58776,1
100159,2
557487,2
502261,1
313341,2
809264,2
1025728,2
12744,2
1045564,2
527813,2
269164,2
623369,2
561765,2
760026,2
20955,2
79002,3
437963,2
148210,2
152591,2
1020689,2
865559,2
737139,3
362546,2
194339,2
260130,2
722407,2
914912,2
571530,2
181650,2
525186,2
369639,2
64174,1
70540,2
893539,2
783123,2
192290,1
342489,2
396346,3
155317,2
794587,1
356204,1
447382,2
94253,3
625162,2
128132,2
433529,2
280952,2
162062,2
127923,2
801140,3
984268,2
594697,2
650402,2
1009025,2
627289,2
505718,1
317296,2
436020,2
413779,3
204252,3
98079,2
666476,2
274932,2
358259,2
20991,3
506336,2
554689,1
711128,2
1037969,1
54574,2
819690,2
482618,2
346209,3
216137,2
475392,3
274328,2
1040964,2
46360,3
50415,2
692432,2
106364,3
910777,2
911982,2
569953,2
974180,3
480465,3
287394,2
103439,2
54570,2
906221,2
349794,2
64316,2
496380,1
8532,2
295374,2
612838,3
1043066,2
660234,2
294568,2
883430,2
1045169,2
580010,3
114085,2
401045,2
75170,2
446902,3
316207,3
120454,2
832502,2
198887,2
971395,2
887959,2
210600,3
303212,3
578133,2
778242,2
601477,2
1052344,3
155080,2
770965,3
1019546,3
565151,2
847299,3
737538,2
827458,2
736239,2
462383,3
821035,2
599242,3
736580,2
978744,3
319197,2
106443,3
88556,2
702884,2
859539,3
624120,2
377423,2
320432,2
703710,3
259897,2
175070,2
665812,2
653905,3
1028047,2
306703,2
661534,2
946696,3
757369,3
687754,2
984408,1
535590,2
732949,3
211216,1
718133,2
352598,2
919667,2
253833,2
887636,3
793157,2
206141,2
816614,3
992717,2
536395,2
626726,2
152394,2
705804,3
624287,2
366309,2
250171,2
654998,2
338945,3
698910,3
641600,2
1004142,2
338844,1
500432,3
93782,2
218033,2
528624,2
632692,3
297050,2
824543,2
727664,2
617443,2
788910,3
181684,2
576466,2
18000,2
919428,2
342890,3
105883,2
1065,2
1030584,2
630928,2
750342,2
825303,2
635841,2
173312,2
800048,3
385511,2
671158,3
372826,3
490157,2
719339,3
316039,2
311617,3
850138,2
15036,3
899588,2
891614,2
983231,2
486195,2
382868,3
419059,2
37745,3
776303,2
97237,2
563978,2
563220,2
979864,1
109783,2
419854,3
186225,2
482095,2
20292,3
584795,2
313481,2
301117,3
772448,2
952127,2
258870,2
437383,2
830786,2
884770,2
928370,2
806758,3
581886,2
656944,2
297630,2
1012518,1
391393,2
66273,3
898139,2
355196,2
769449,2
313513,2
316435,2
97791,1
600925,3
750853,1
804769,2
835045,2
852730,2
298127,3
838206,2
787615,3
1031390,2
318563,2
467921,3
333408,3
180809,3
321610,3
623136,2
350927,2
667813,2
906405,3
408007,2
371022,3
734871,3
942335,3
3824,2
861992,2
826099,3
902108,3
953213,2
310750,2
335721,3
142556,2
440347,3
293375,2
963603,1
54296,3
428997,2
770977,2
405273,2
894901,2
330691,2
123602,1
826573,2
237506,2
264398,2
90716,2
995681,2
662605,2
358057,3
208372,2
312932,3
78765,2
64476,2
161142,3
322694,2
623099,3
649184,2
413892,3
1004255,2
986827,2
310271,2
663419,3
103666,2
694825,2
571492,2
158995,3
294523,2
349964,2
325882,2
729898,2
32087,2
1018482,2
8784,2
1005123,2
237280,2
827069,2
214898,3
557653,2
949039,2
38680,2
145564,2
770955,3
1018714,3
828208,2
251879,3
513249,2
942638,2
213021,3
21413,2
245207,3
358976,2
702828,1
177594,3
1007060,2
234835,2
166560,2
926941,2
453674,2
102303,2
447374,3
573593,2
955837,2
215227,2
604424,2
825730,1
103037,2
1051780,2
861878,1
103570,3
532895,2
1010591,3
534901,3
321343,2
455427,3
586586,2
986062,3
369122,2
383740,2
10873,2
501590,3
437932,2
782023,3
744538,2
724462,2
475452,2
682999,2
632789,1
602101,1
865921,2
1050426,2
209715,2
728070,2
962303,3
703558,3
987993,2
120900,2
454828,3
902875,3
679063,3
613579,3
284140,3
541489,2
553913,2
185314,2
822330,2
961976,2
101537,2
977031,2
842416,2
456845,2
659275,2
270016,3
125187,2
1049821,2
81691,2
288273,2
289610,2
551065,2
883653,2
509501,2
37165,2
359485,1
886796,3
168973,2
785612,3
765082,3
920894,3
163716,2
359165,2
1017586,3
1017891,2
971408,3
88393,2
557204,3
669848,2
93113,3
535703,3
999104,2
45201,3
974183,3
433162,2
218667,2
615732,3
407235,3
178676,3
957298,2
117334,3
551214,2
519773,2
899515,2
431350,3
599252,2
815399,1
942715,3
297211,1
181251,2
397458,2
276045,3
928285,2
305185,2
617788,2
554751,1
834357,1
117909,2
648796,3
683456,3
118774,2
444392,2
561190,2
57799,3
1046262,1
759178,1
583496,2
715250,2
317493,2
163415,3
1018192,2
400120,2
508882,3
756436,2
957117,2
599677,3
757892,3
565972,3
664050,3
238613,2
914196,2
404503,2
66800,2
124089,3
378991,2
860510,2
215757,1
615479,3
206100,3
808892,3
352273,2
835702,2
571019,2
84476,3
171622,3
641180,3
233230,3
732946,3
947586,3
210309,1
678623,1
812681,3
765578,1
636045,2
342494,2
587109,3
165437,3
557058,2
633375,2
478016,2
713584,2
144596,2
741130,2
1051884,3
766874,2
796616,2
357077,2
341721,3
483541,2
218654,2
796165,2
801666,2
21284,3
696697,2
932482,1
711388,3
471976,2
873139,2
958570,2
342007,3
90730,2
106413,2
685728,2
56720,3
82585,2
508797,2
290291,3
662655,3
421368,2
403790,3
350024,2
13678,2
253988,1
862221,3
631862,2
127187,3
405926,3
921135,1
612151,2
737230,2
423152,2
285900,3
195940,2
30829,2
257632,2
424712,2
473426,3
307858,3
190363,2
1029447,2
28825,3
190704,2
861763,3
529775,2
686621,2
98361,2
279345,3
896187,2
28780,2
635261,3
544977,2
181398,2
833868,3
866545,2
920253,3
1002303,2
834656,2
776634,2
99837,2
581525,2
480858,3
976456,2
551304,2
139474,3
842649,2
87288,2
92955,3
698976,1
1002005,2
373023,2
280054,2
635961,3
116380,3
478467,3
190017,2
411125,2
222998,2
649553,2
391964,2
1039531,2
781627,2
565875,2
909593,2
528219,2
27187,1
366791,2
90572,3
347098,2
416372,2
779316,2
431931,2
190920,3
357524,1
405873,1
139382,2
806585,2
504294,2
311859,2
947449,3
312475,1
518036,2
610951,2
614241,2
454620,2
9536,2
154219,3
91950,2
888208,3
383225,3
317609,2
428173,2
446723,3
79365,2
94688,3
176992,3
775623,2
217568,3
598039,1
311737,1
295985,2
701657,2
339021,2
577066,2
397579,1
553132,2
63328,2
1032784,2
608164,3
113785,2
182010,2
883101,2
376211,2
338092,2
858934,2
131198,3
825787,2
499055,2
721012,2
737031,2
1025370,2
446202,2
525470,2
8993,2
141239,2
182201,2
53394,2
195694,2
350083,2
56119,2
1036864,3
700865,3
193279,2
771432,2
468720,2
300272,3
695015,2
889875,3
648257,2
520090,1
862147,2
202948,3
782787,3
43164,2
214195,2
1021305,3
952692,2
810605,2
134571,3
444251,3
708181,3
455945,3
139535,2
1034621,2
72927,2
305683,2
567943,2
646826,2
59049,2
270284,2
345429,2
906780,2
110200,2
468524,2
551113,3
194899,2
415525,2
866202,2
1050318,2
1045474,2
704001,2
80634,2
5337,2
611276,3
654393,3
121598,2
333932,2
378257,2
352716,2
707425,1
858021,3
148526,3
27985,3
829786,3
434176,3
41036,2
718658,2
60298,3
946504,2
932967,3
72777,2
507020,2
499921,2
30438,3
309131,3
453954,3
138262,3
828974,3
309017,2
693969,2
689047,2
254804,1
298268,2
699264,2
207601,2
1014428,2
318879,3
185074,3
49688,2
29343,2
871355,2
704372,3
592013,3
720295,1
259783,2
497151,2
1031414,2
949000,2
945292,2
92307,2
1028857,2
412587,2
721636,3
27425,2
187290,3
202778,2
762701,2
884403,3
399784,2
953582,3
395006,3
924731,2
572555,2
499846,3
507248,1
156360,1
740432,3
311318,1
832323,3
12299,2
552128,2
1000155,2
117716,3
890065,2
990877,2
419822,2
870950,3
428138,2
690709,3
324661,3
728938,2
788940,2
588285,2
544724,3
433680,2
262819,2
210373,3
978708,2
315861,2
996155,2
156900,3
791312,2
764373,2
479486,3
173178,2
968308,2
564752,3
737464,3
908885,2
357683,2
585876,3
933532,3
185342,2
97673,2
543803,1
908541,1
902663,2
827583,2
734349,2
482638,2
682843,2
406797,2
175815,1
312211,2
344344,2
158989,3
909832,3
9158,1
882673,3
491247,3
397889,2
228567,2
934788,3
257683,2
961939,2
1042068,2
695338,2
940398,2
42692,2
1047846,3
195503,2
533652,2
1005580,2
529311,1
751365,3
37463,2
161462,2
34402,2
66210,3
885453,1
366306,2
879591,2
20954,2
336070,1
2519,2
29736,2
447640,2
246411,2
457897,2
471697,2
907762,2
713724,3
742325,3
596173,3
95502,2
337754,2
583275,3
487709,2
618689,2
891275,2
924716,2
410949,3
1045727,2
926953,2
410074,2
53416,1
927166,3
806772,2
1036370,3
703973,2
637126,1
957422,3
980563,2
287908,3
1000985,3
355805,2
232646,3
717350,2
108450,2
336853,2
668718,2
696888,2
666614,2
807627,3
587015,3
355490,3
99578,2
942560,3
578845,2
391198,2
487282,3
466634,1
450466,2
1036568,2
718612,2
377236,2
604229,2
791760,3
469591,3
927507,2
518904,1
589816,1
942138,2
518638,2
582345,3
796995,2
520234,2
767772,2
824650,3
354742,2
990620,2
871013,3
515828,2
507490,3
35796,3
162618,3
282208,2
734213,2
285134,3
339623,2
719168,3
96007,2
822588,3
152091,3
413790,2
891697,2
23710,2
225569,2
511107,2
655777,3
217820,1
232244,2
595767,2
181146,3
872032,3
705079,2
636627,2
497247,1
328121,3
738132,2
39388,2
154091,2
980569,2
590075,2
690332,2
677905,1
1048607,2
946796,2
609765,3
878431,2
98860,1
172585,2
182606,2
383635,2
158212,3
963641,2
79830,1
411267,2
953377,3
811679,2
144422,2
896439,2
949855,3
1009023,2
366200,2
853332,2
418502,2
507355,2
453838,3
357675,3
906545,3
70488,2
1003749,3
321,1
10745,2
994116,3
322057,2
463948,3
801859,2
448101,3
269471,2
36854,2
739009,2
553917,3
93195,2
296156,3
1010694,2
572651,2
61336,3
637447,1
431598,2
148254,2
438242,2
269075,3
968202,2
467508,3
987126,2
12367,2
1019050,2
104624,2
557529,2
789624,2
924764,2
857725,2
856385,2
1029534,2
976953,2
423282,2
592288,2
380530,2
126808,3
487131,2
639767,3
1032743,2
226476,2
1048422,1
608653,2
578442,2
204515,2
935228,2
805776,3
944034,2
855732,2
803729,2
360684,3
101076,2
702439,1
790568,1
694999,2
580512,2
981832,2
388503,2
527296,2
505075,2
442842,2
800834,3
27055,2
341623,3
422692,2
936076,3
977796,2
659057,2
680922,2
416608,2
618350,3
302164,3
560879,2
756415,1
923998,2
527477,3
449180,2
845670,2
987892,2
603737,2
219310,2
1029649,2
626050,2
258582,2
559316,3
581931,2
506598,2
287441,3
321374,2
486944,2
223810,2
350678,2
797659,2
619290,3
196919,3
973317,2
179630,3
5542,2
959127,2
274066,3
306781,2
354508,3
323933,3
726587,2
887700,2
62935,2
263491,2
551950,2
270615,2
229089,1
965914,3
335407,3
682464,2
549154,3
453058,2
850612,2
484887,2
225819,2
378096,2
686554,2
531696,2
106562,1
13305,3
113279,2
665256,2
21015,2
264560,2
347393,2
413954,3
655895,2
16705,2
516795,3
325402,2
702179,2
323637,3
828832,3
698468,2
244262,2
567068,2
597044,2
602938,2
135781,2
695978,3
737229,2
480104,2
627443,3
205125,3
125610,2
370733,3
779258,3
981015,3
640567,2
992056,2
740345,2
637855,2
280511,2
162185,2
5869,1
659213,2
790524,2
222523,3
919020,3
391944,3
431354,2
141888,3
124784,2
619465,2
175695,2
327063,3
882403,3
543093,2
274224,2
115612,3
866040,2
622430,3
35874,2
649136,2
650113,1
645206,3
781650,3
607251,3
119383,3
56280,2
1048069,3
740949,1
984675,3
476440,2
849711,1
775425,3
96522,2
999094,3
667261,2
464333,2
950234,2
687310,3
624266,3
20093,2
356553,2
922207,2
411116,2
914478,2
89524,2
1001751,2
202517,3
864597,2
136584,2
596117,2
595476,3
123257,1
90922,3
91281,2
984319,1
249645,2
595356,3
275575,2
557474,2
705075,2
995572,2
481929,2
518608,2
873624,3
276622,2
765996,2
911727,3
361599,2
104647,2
456027,2
1032921,2
291565,2
703269,3
369367,1
1040315,3
824508,2
145288,3
425154,2
189699,2
553329,3
731213,3
58385,3
493930,3
360948,3
770649,3
635700,3
886049,2
348484,2
192507,2
528474,2
847895,3
679811,2
853129,3
799090,2
353205,2
565093,1
154162,2
331121,2
191963,2
246664,2
854730,2
597596,2
435147,2
588795,3
513563,2
272575,3
478192,2
779557,3
54324,2
869786,2
1001686,1
751906,3
343712,2
29052,3
712825,2
13621,1
44769,2
339477,3
605309,3
648635,2
558513,2
265834,2
644961,2
94507,2
119217,1
924775,2
534375,2
135337,3
566917,3
795198,2
638874,2
235144,3
1037844,2
786885,1
138039,2
755078,2
689810,2
186158,2
72388,2
428559,2
864356,2
456113,3
757558,1
90038,2
5870,2
284518,1
498831,2
426003,2
536356,2
483358,1
255413,3
948730,2
189278,3
893438,2
960987,3
453206,2
519718,1
529073,3
807030,2
509215,2
352039,2
20718,2
162812,3
85768,2
228472,2
340304,2
774095,3
383255,3
820859,2
726426,3
847908,2
823845,2
684619,2
151877,2
769160,2
406666,2
879795,2
223017,2
605432,3
165432,2
328313,3
828826,2
942197,2
966618,2
807121,1
950838,1
491756,2
917467,3
67156,2
327498,1
896237,2
84140,2
403636,2
1043919,2
459103,3
113571,1
538957,2
817021,2
294939,2
690777,2
63849,2
590119,3
200502,1
897324,2
485509,2
720994,2
190829,2
739764,2
456165,2
686633,3
374763,3
1035058,2
704417,3
704182,1
806373,3
418697,2
120701,3
321584,3
853349,3
493718,2
62687,3
606676,2
593552,2
799599,3
595260,2
848186,1
970711,1
979257,3
332769,2
800268,2
94046,3
285284,2
463424,2
245902,2
648451,2
163117,2
979597,2
20496,3
163491,2
327463,3
868781,2
873117,3
545017,2
32872,2
424905,2
865206,2
214042,1
399913,3
164323,2
648067,2
707213,2
283836,2
979369,2
854702,3
1036344,3
269798,2
165344,2
109374,2
389822,2
165882,2
677225,2
487859,3
593677,2
371884,3
806560,2
269930,3
224638,2
1009972,2
547001,2
883572,2
589190,3
298878,1
201717,2
553711,3
494913,3
435331,2
1034129,3
92994,2
748502,2
796254,2
904949,3
616508,2
458863,3
647553,2
488388,2
141003,2
639386,3
550324,2
806953,2
522533,2
765756,2
815834,2
376250,3
487037,2
698398,2
1037673,2
310448,3
544056,2
28931,2
370565,3
208411,3
585175,2
525294,3
44925,2
111994,3
399080,2
289168,2
289498,2
579057,2
549295,2
176995,2
942727,3
338637,3
277123,2
261048,2
436308,3
345988,2
254462,3
465126,2
303167,2
54705,2
266977,2
609886,2
784770,2
459508,2
1031618,2
19094,2
570338,3
616846,2
894752,1
253172,3
416263,3
428032,1
703310,2
187026,2
457331,2
949530,2
912847,3
643083,2
948268,3
801650,3
1042492,3
381321,2
181854,2
705455,2
875875,2
200689,3
28369,2
995226,1
817789,2
528590,2
759659,2
137709,2
172616,2
883239,2
131116,2
414883,3
989994,2
666848,3
395612,2
14561,3
840322,2
724463,2
237745,3
751542,2
180924,2
360723,3
971274,2
178127,2
570116,3
857270,2
295630,2
423845,2
813626,2
886207,2
308516,1
179233,2
60125,3
939847,2
8244,2
345244,2
566959,3
374112,2
842034,1
956868,1
331212,2
20982,2
916124,2
34807,2
469722,2
361996,2
377483,2
1032932,3
843575,3
269048,2
1027705,2
248348,2
82368,2
547365,2
241879,2
152022,3
658948,3
462726,3
879328,1
139991,2
14213,2
391306,3
246990,2
528792,2
932025,2
49527,3
140706,2
977904,3
1023237,2
55492,2
234481,2
819068,2
859210,1
621132,2
583975,2
538984,2
414580,2
769586,2
702290,3
1030313,2
316699,2
345672,2
402260,3
595739,3
594582,2
893547,2
54250,2
306459,2
778595,3
385087,2
870791,2
445429,2
823714,2
969134,2
601767,2
696913,2
206641,2
37587,2
926587,2
996496,3
685768,1
812722,2
734031,2
213534,2
733724,2
324972,1
548307,2
215963,2
699378,2
605517,2
821688,2
607920,2
453342,2
738791,2
740119,2
893101,2
690460,2
192902,2
927359,3
824192,1
869022,1
246701,2
926248,2
399382,2
474197,3
950484,3
961231,2
9202,2
671275,2
397033,3
873131,2
156887,3
258124,3
280536,2
763117,3
752893,2
885932,2
327056,3
105177,2
511510,3
1030247,3
63901,3
986194,2
436107,2
733655,2
1028252,2
444721,2
386880,2
939662,3
289104,2
568369,2
379032,2
536435,3
861210,2
464704,1
35995,2
950742,2
459915,2
606265,2
74855,2
806597,2
237403,2
158352,3
296342,2
907354,2
515775,3
745706,2
852355,2
744156,3
260831,3
225948,1
763965,2
948086,1
529916,2
230937,2
110988,2
375560,2
613409,2
862220,2
316198,2
410497,3
409992,2
693083,2
569109,3
147713,2
43657,1
316103,2
43043,2
743054,2
98400,2
502832,3
474673,2
439001,2
525025,2
854821,2
329452,2
968020,2
137517,3
684177,2
67155,1
987924,2
608539,2
849642,2
307148,3
675444,3
918040,2
219474,2
36251,3
392563,2
382024,2
982162,3
657819,2
1038983,2
594273,2
834123,2
927094,2
728978,3
140617,2
161993,2
372129,3
279884,2
916895,2
453052,2
508902,3
719528,2
943604,2
829581,1
615355,3
607163,2
303031,2
867737,2
890194,2
797635,2
235173,3
687334,3
475261,2
621381,2
229091,2
150345,2
413785,3
329259,3
1021123,2
38597,1
23252,2
924026,2
891597,2
224448,3
222490,2
469136,2
803197,2
417892,3
923460,2
77932,1
487723,1
475069,2
696810,2
57408,2
217898,3
132085,1
827111,2
354282,1
136384,3
1042838,2
133904,2
455379,1
66362,2
961620,3
273356,3
244554,3
631213,3
1022656,2
64389,3
736861,2
215532,2
992757,2
674469,2
195014,2
764046,2
79762,2
657505,3
727354,2
387035,3
1011382,2
531491,3
557824,3
260320,1
451295,3
217433,2
709502,2
1890,2
443529,2
234907,3
981105,2
687013,2
1016096,2
662398,2
373487,1
571722,3
428223,3
1015302,3
1039452,2
826447,3
62759,3
288661,2
380117,2
399441,3
784623,2
522103,2
328191,2
304031,2
389084,2
722634,3
984953,1
582655,1
1011388,2
141579,2
67903,3
422357,2
631220,2
1001890,1
331660,2
514187,3
481982,2
95679,2
138417,2
362497,2
882485,3
125092,3
494002,3
516870,2
476267,2
1027678,2
412806,2
106502,3
659993,3
1011891,2
348521,2
805513,3
794002,3
586787,2
784097,2
650592,2
906842,2
765555,3
833678,3
40735,2
992821,2
842314,3
823787,2
897455,2
153993,3
7499,2
542108,2
792177,2
267303,3
793915,3
293651,1
41413,2
486357,2
226846,2
563532,2
578777,2
381230,2
412367,2
354509,3
344738,2
962759,2
226540,1
419316,1
433598,2
516115,3
53578,2
40217,2
92174,1
569412,2
118651,2
685101,2
103625,2
320743,2
603028,2
920066,2
940011,2
1042626,1
853116,2
834690,2
256685,2
920061,3
606858,2
545024,3
925365,2
928382,1
162670,2
789734,3
72649,3
809369,2
532110,3
880361,2
489705,2
1019330,3
866722,2
159662,3
295439,2
569193,3
45107,2
934107,2
647592,2
87365,2
894978,1
440011,2
1026518,2
1014705,2
728402,3
479921,2
64696,3
382762,2
835183,2
761373,2
280454,3
234218,3
276826,3
30713,3
621956,3
846708,3
868770,3
507489,3
348791,3
827032,3
588344,2
684928,2
896285,3
997102,3
43253,3
619638,2
682288,3
869140,2
222167,2
485235,3
666572,2
599838,1
103544,2
379079,2
186207,2
92436,2
638378,2
575492,3
917500,1
227352,2
706584,2
879699,2
71216,1
822975,3
996836,3
978659,2
431917,1
773519,2
1032441,3
201146,3
351413,2
535108,2
764230,3
302378,2
496183,3
214067,2
23771,1
923736,3
543907,3
573541,3
666993,2
718656,2
133805,1
772076,2
58766,2
285486,3
231279,2
24219,2
283572,2
30971,2
882255,2
684405,2
510941,3
96386,2
17559,2
972073,2
230368,3
301171,3
669901,2
622859,3
577886,3
17785,2
1030220,3
182702,3
302382,2
247425,2
207449,2
434530,2
142967,2
498736,3
635054,3
758288,2
997251,2
743300,2
458557,2
93936,2
307444,3
786844,2
248619,2
214065,3
323827,2
396341,2
188624,3
627221,2
762605,2
591923,2
69595,2
38075,3
180904,2
363506,2
1006921,3
532474,1
600403,2
940114,3
716923,2
966766,2
921520,2
697874,2
566557,2
557773,2
73697,3
543462,3
362587,2
103885,1
190461,3
588703,2
679711,2
1001981,2
927702,2
309604,2
924182,3
81601,1
190385,2
23554,2
113597,2
133427,3
262243,2
513572,3
309843,3
275387,2
835235,3
90059,3
1010120,1
91189,1
307071,3
596520,2
984355,2
95457,2
658318,2
136955,2
737323,3
31124,2
570360,2
636174,2
1028911,3
494838,3
266102,2
742428,3
637213,2
777562,3
630496,2
915964,2
668360,2
127784,3
764655,1
610255,2
385898,2
863720,3
617638,3
1033903,3
469276,2
657712,1
1001225,2
392107,3
938506,2
293666,2
223616,2
1017107,3
902338,2
139275,2
78458,3
616302,2
1032632,2
25561,2
616526,3
690525,2
29454,1
602545,1
808545,2
29549,3
826369,2
235128,2
639004,2
720745,3
64227,2
181264,2
461738,2
23490,2
330084,3
450485,3
474301,2
547454,2
1005834,2
428838,2
275246,2
592227,2
840482,3
54200,1
259976,2
420961,3
440806,2
415616,2
54476,3
152860,2
812542,2
532270,2
578766,2
149215,3
821425,2
625202,2
1018253,2
181088,2
627535,3
71676,3
257822,2
249284,3
1000749,2
297387,2
594160,2
697496,2
608097,2
602329,2
942853,2
316055,2
508869,2
288749,1
829933,3
54748,2
243442,3
431650,2
476377,1
748906,2
210022,3
72980,2
941914,2
164169,2
1049068,2
837006,3
180966,2
291719,1
969526,2
608507,1
654920,3
695407,3
71551,2
217771,2
102549,2
288397,2
34500,2
841037,2
885922,2
826294,3
995834,2
497369,2
857349,2
889564,3
846358,3
654232,3
199089,3
614856,3
1044034,2
299848,2
4520,2
975107,2
574185,2
10262,3
931296,2
102990,3
623052,2
589522,2
202768,2
232977,2
735575,2
695930,2
1011709,2
933548,2
624704,2
397994,2
871043,2
247435,3
755697,2
375978,2
1028087,3
260267,2
409129,2
491794,3
14802,2
519614,1
234707,2
968780,2
243559,2
666094,2
478957,3
469113,2
118262,1
828612,2
634090,3
1033607,2
28690,2
5248,2
422854,2
957309,2
606976,2
207612,2
958084,2
907880,3
309326,2
327292,2
950639,2
520475,2
234128,2
500961,1
982104,2
407567,1
45484,2
219215,2
434843,2
957109,2
788711,1
984395,2
432382,2
933778,2
906311,2
643352,2
749013,3
536398,3
1035553,1
220454,3
400782,3
665455,2
177600,2
673910,2
23936,1
876782,3
724069,2
597138,2
639222,2
79055,2
581833,2
481679,3
842318,2
360737,2
585781,2
368031,3
780117,2
504462,3
530638,2
526936,2
513269,2
930154,2
723536,2
27862,2
356345,2
508843,2
754706,2
380892,2
299919,2
945289,2
156898,2
979642,2
901870,2
900207,3
426140,3
422877,2
74334,2
166228,2
399392,3
978495,3
705525,1
311027,2
666403,3
37508,2
915061,3
791636,3
946317,2
19964,3
1029491,2
826002,2
456256,3
750880,2
593695,2
635169,2
493011,2
719099,2
833662,1
320309,1
487888,2
719206,2
627655,2
601898,2
123462,2
539021,2
999161,2
64207,2
427708,2
831829,3
348170,2
994180,2
1009877,2
976942,1
738124,2
381030,2
81686,2
776648,2
354785,2
284578,2
668880,2
468268,2
652131,2
106843,2
425335,2
134297,3
683257,2
713592,2
52542,2
855508,2
152012,2
365507,2
958014,2
911291,2
840956,3
545933,2
750852,1
918356,3
926798,2
989362,2
822961,3
471039,3
928712,3
8325,3
532139,1
282839,2
562450,3
445118,2
331634,2
70734,2
882203,3
601674,2
88404,1
906585,3
418201,3
447444,1
481777,2
608483,2
805605,3
143737,1
776229,2
137721,2
990776,2
361922,2
451968,2
1042475,2
754031,2
794599,1
160987,2
485436,2
402474,2
674014,1
868858,2
831605,2
734727,2
579147,3
112320,2
331159,2
369746,2
972251,2
508350,2
318863,3
425558,2
327042,2
258263,3
533307,3
123983,3
502219,2
942377,2
919172,2
386107,2
490368,3
141279,2
474081,1
426734,3
879008,3
816628,2
874131,1
693226,2
877340,2
823956,2
993205,2
406284,2
199851,3
503001,2
1011199,2
558804,2
557724,3
129871,2
291184,3
185880,2
538067,3
281697,2
992478,2
851831,3
114597,3
220550,3
785326,2
925847,2
651529,2
519876,3
494620,2
941825,3
487489,2
451225,3
328536,2
665915,2
169317,2
834505,2
484756,2
63062,2
133514,2
563392,3
1008591,2
125746,2
668583,3
772343,2
178517,2
1051389,2
679969,2
232086,3
47742,1
104619,2
699800,3
714532,3
424144,3
593688,3
704977,2
706508,1
707356,2
7922,2
539321,2
576289,2
661518,2
96240,2
50552,3
1016587,3
359284,2
841924,2
72166,3
491493,3
205069,2
118156,2
404591,2
422925,2
236924,3
29005,2
25876,2
940254,2
441745,2
75168,3
684254,2
921879,2
144511,2
883948,2
966001,2
894716,2
57872,2
440015,1
939607,3
847975,2
409658,2
290403,2
846753,2
235981,2
448559,2
314562,2
299863,2
473666,3
248522,3
393567,3
978590,2
592315,3
178132,2
431898,2
496816,2
560340,2
83303,3
989868,2
172178,3
653538,1
392364,2
192360,2
90429,2
286279,2
454759,3
19691,2
267701,3
815975,2
378346,2
283143,1
848271,2
19855,2
540422,2
782909,3
158683,2
1033090,1
721708,2
266677,3
360832,2
538749,2
729540,3
647403,2
726168,3
393454,3
582525,2
247337,3
530223,2
11255,2
602809,2
724354,2
453978,2
291369,2
89844,3
211182,2
700025,3
333211,2
423454,2
31781,2
960164,2
508548,3
880078,2
552348,1
2823,2
330348,2
26756,1
599300,1
888121,2
221582,3
163467,2
453813,3
550445,3
631,2
935975,3
513820,3
288366,2
514690,3
204802,3
1013565,3
776052,2
718693,3
699180,3
1008573,2
859998,3
74328,2
135477,2
14378,2
195618,2
597959,2
810871,3
781668,3
1017361,2
780274,2
376564,2
43789,2
5613,2
671238,3
290013,2
189827,2
87788,3
1008588,2
824145,2
77575,3
117775,2
469158,3
172849,3
7770,2
545510,2
302911,2
886982,2
904069,2
730904,3
223617,2
933666,2
490457,2
731595,2
626836,3
92,2
361661,2
440845,1
454766,3
186724,3
814197,1
452693,1
341486,2
889228,2
541867,2
106955,2
732766,3
577179,2
259126,2
212261,2
200207,1
143620,2
82182,2
945519,2
865821,3
219507,3
71180,3
402051,2
435531,3
983168,2
643023,2
939968,3
451100,2
461193,1
73358,2
577629,2
982345,2
410210,2
542090,2
406685,2
399510,2
307517,3
395359,2
429850,2
711941,2
265077,3
118265,1
423609,2
1005536,3
262491,3
269375,2
820204,3
684431,2
328411,2
832762,2
627970,2
505684,2
190883,2
446260,3
569474,2
173225,1
197191,3
113037,1
350735,2
529084,2
400525,3
164967,3
713341,2
903841,3
511844,2
20388,3
974831,3
231652,2
877719,2
839669,2
620445,3
197522,3
767621,2
1010444,3
248182,2
992048,2
248931,2
565643,2
128818,2
863129,3
1050084,2
763647,3
138237,2
930594,3
526698,1
395271,2
776244,3
421196,2
927968,3
1290,2
1025528,3
334015,1
767199,2
155552,2
907795,2
850317,2
422420,2
767039,2
491512,2
373483,2
978131,2
387683,2
294941,2
892358,2
873647,2
819584,3
451967,2
116202,3
1002439,1
434116,3
386379,2
537989,3
105255,2
452533,2
175591,2
616890,2
993165,2
343467,2
650265,3
1032004,2
1010613,2
488544,3
147537,3
512582,3
482131,2
605351,2
498342,3
273126,3
814677,2
478457,3
420707,2
887847,2
803633,1
239419,2
748653,2
851635,3
239232,2
705352,3
109023,3
868941,1
829349,2
509046,2
891694,2
1024032,2
217252,2
798815,2
303445,2
490537,3
36586,2
172837,3
963695,2
723561,3
520566,3
645137,3
769865,2
662004,2
391943,2
485465,2
380521,2
739115,2
906349,2
464367,2
28675,3
601311,2
462439,2
265883,2
585500,1
904357,3
894925,2
87181,1
157239,2
892828,2
34172,2
125590,2
631283,2
445951,3
106205,3
654795,3
883041,3
1030482,3
166612,2
299957,2
1012281,2
214407,2
462026,2
56933,2
741067,3
413025,2
519867,2
104135,3
1037720,2
171967,2
324991,2
503114,2
73610,2
53318,2
50173,2
924501,2
988065,2
403675,2
448031,2
573403,3
875787,2
84262,2
959981,2
905092,2
608755,3
67315,2
969337,2
389997,2
267295,2
913297,2
1028493,2
181682,2
681548,3
745167,2
812658,2
841292,2
915638,2
612190,3
215711,2
176905,2
132757,3
952997,2
561699,2
761056,2
490492,3
970674,2
52801,2
169241,3
132370,2
366238,2
767518,2
918379,2
1847,2
408459,3
737800,2
221184,3
607775,2
742516,2
426143,2
389993,2
104881,2
403583,2
601645,3
132067,2
184892,2
108534,2
805964,3
275149,3
819391,2
501436,2
675337,2
74735,1
13109,2
869355,2
131685,3
232750,2
652552,1
9448,1
232504,2
120140,2
796175,2
636642,2
565808,2
304420,2
874716,2
188933,2
576720,2
207695,2
52722,3
967907,2
461510,2
174946,2
702805,2
1045957,2
15006,2
136896,2
944650,3
243646,3
555314,2
847316,3
1044357,2
701961,2
843110,3
293368,2
915474,2
809978,1
1011241,2
455053,1
87593,2
960369,2
1011976,3
197176,3
935127,2
337256,3
605466,3
583432,1
884716,2
154603,3
186340,2
840772,2
357920,2
508678,3
645395,2
313375,3
565552,2
281610,2
639446,2
136984,2
79965,3
172331,3
60533,1
17503,2
853019,2
761654,2
555499,2
923465,2
777606,2
85964,2
481530,2
265860,3
288197,2
695876,2
467918,2
23569,3
235845,3
700604,2
677254,2
308650,2
376285,2
942656,3
133079,2
329245,2
160386,3
19532,2
917704,2
53153,2
27777,2
79009,2
655161,2
775128,2
339593,3
174692,3
721994,3
350048,2
1038993,2
227215,3
357389,2
248616,2
91051,2
239470,3
434976,2
898009,3
1013385,2
533324,2
367297,3
854476,3
777064,2
765485,2
223295,3
608134,2
237239,2
7223,2
831902,2
134450,2
120719,2
630899,1
358120,1
932582,2
642783,2
971593,3
636209,2
977377,2
979872,1
215409,2
962894,3
960390,2
591937,2
328602,3
366292,3
796148,2
892365,2
42666,2
199783,3
393174,1
743712,2
459090,2
947287,3
264536,2
994955,2
828138,2
306260,2
18349,1
533131,2
1033583,3
60510,2
506553,2
314871,2
777422,3
737808,3
596897,3
404,2
799230,2
205197,1
706229,2
24466,2
747798,3
280380,2
801919,2
356444,2
720671,2
665958,2
920602,2
59217,2
965443,3
632657,2
231320,2
297785,3
163364,2
517075,2
587541,3
94167,2
188022,3
39161,3
929198,2
414974,2
737853,2
289262,2
984786,1
861712,2
320655,2
866452,3
925411,2
933582,2
714476,2
133799,3
69079,2
744276,3
395306,3
656399,2
442247,3
655214,1
179946,2
823669,2
799943,2
555158,3
419985,3
110970,2
304342,3
759530,1
731617,2
552974,2
892014,2
757785,2
494437,3
903960,2
769967,2
567711,3
339123,2
788739,2
990384,2
889446,3
184638,2
110020,2
191675,3
322763,2
828549,3
385540,3
666415,2
266397,3
914332,3
16567,2
716105,2
836706,2
966196,3
849806,2
666186,3
823355,2
148761,2
739455,3
946379,2
780660,2
566192,2
499875,3
263998,3
530652,1
110851,2
944411,2
475352,2
390766,2
493407,2
323737,3
854238,2
332736,2
170020,1
515592,3
764513,3
327929,2
865520,3
922756,1
746636,2
538104,2
98647,3
668963,2
742477,2
358907,3
1019604,2
1012287,3
323960,3
649156,2
14059,2
647258,2
879849,2
699166,2
760975,3
339375,3
503451,1
751676,3
874691,3
94861,2
715770,3
801743,2
911267,2
278273,2
689590,2
739400,2
424058,2
244581,2
740923,2
160904,2
156186,2
617000,3
249199,2
1044754,2
904667,2
115615,2
198466,1
659719,3
819800,2
564128,2
183248,3
135459,2
586986,3
599159,1
899776,2
128893,2
703210,2
487268,2
36844,2
950641,3
16980,2
819591,3
231569,2
715616,2
968053,2
881893,3
805196,3
898007,2
648889,2
1045430,2
874981,3
876633,3
553673,2
259651,2
206844,2
758886,1
399878,3
758054,2
501214,2
533799,2
755879,3
964252,2
867068,3
106021,3
681105,1
89703,2
153132,2
526012,3
234085,3
798279,3
730014,2
406354,2
742399,2
1031234,1
582359,1
1005254,3
34822,3
982176,2
1001345,2
944170,2
600072,2
685243,3
804705,2
66123,2
495998,2
884633,2
478722,2
626350,2
22836,1
1044235,2
13414,2
976839,2
112227,2
330740,2
529183,3
520873,2
1044457,2
876834,2
591395,2
1036312,1
968894,3
687861,2
387231,1
13773,2
214984,3
472264,2
231210,2
195012,2
764428,3
772885,2
869191,2
224615,2
227315,3
247708,2
744120,2
965912,3
20493,2
96297,2
711443,2
286654,2
782950,3
56130,2
517802,2
581999,2
157493,2
938771,2
690878,2
714970,3
559477,2
1035001,2
191284,2
993974,2
309522,2
390058,3
465793,2
314260,2
108716,2
383963,2
808585,2
824320,2
298186,2
404801,1
785301,2
625719,2
766471,2
50091,2
874991,2
1045246,2
313148,2
1003011,3
980257,2
616397,2
395572,2
945157,2
713928,2
137046,3
73681,2
25237,1
1028968,2
675092,3
173634,2
928804,2
72884,3
914473,2
437793,2
647480,1
393170,2
841015,1
202099,2
147652,3
192624,2
726814,3
532585,3
850150,2
390365,2
675494,2
654939,2
599136,1
1005468,2
472526,1
57947,3
737296,2
739002,3
357206,2
448973,3
720511,3
809426,1
1014632,2
156347,2
645119,2
446523,3
68961,3
57703,2
211973,2
468310,2
1035765,2
820666,2
623267,2
405936,3
416609,2
737022,2
377506,2
805618,3
586337,2
773849,3
741140,2
820667,2
1043550,2
311657,2
542152,2
1025182,2
962373,2
405794,2
670703,3
503623,2
476850,2
597236,2
209076,2
168514,3
446944,2
241354,3
831901,2
409099,3
202202,2
857447,3
23650,1
295452,2
730660,2
124406,1
338045,2
886231,2
547516,3
877199,3
193054,2
580808,2
122664,1
18832,3
759590,3
795480,3
923588,2
96893,2
694228,3
34454,2
950166,3
319734,3
941632,2
43707,1
642127,2
513840,3
314357,2
874753,2
428659,2
997600,3
436239,2
18990,2
47200,3
282061,3
442208,2
715872,3
402631,1
773354,2
337553,3
813977,2
991486,2
1017770,2
175565,2
866923,2
857186,2
684242,2
1033669,3
910568,2
581495,1
241447,2
653386,2
321419,3
901707,2
781222,3
40790,3
918083,2
189695,2
874617,2
700183,3
96510,2
278376,2
711099,2
640588,2
135599,3
160031,2
402732,2
110258,2
1008361,2
692490,3
8445,2
580956,2
469165,2
958947,3
683486,3
730006,2
659358,2
282460,3
167243,2
822367,2
121805,3
948559,2
658677,2
93961,2
478800,3
432803,2
875060,3
511817,2
303637,2
1047240,2
622192,2
785948,2
867753,2
1004487,2
975558,2
643341,3
392408,3
869380,2
220587,2
994333,1
372570,2
766158,2
437347,2
789061,3
1040377,3
63009,2
848092,3
544599,2
871963,2
973995,2
637211,2
652218,2
1049673,2
26500,1
209958,2
966722,2
19195,2
592998,2
118951,3
561188,1
26318,3
404836,3
676926,3
691796,3
894518,3
131369,2
364088,3
352072,1
193553,2
729393,2
895881,3
157691,1
135248,2
874311,2
257308,3
245992,2
261754,2
85332,2
448637,2
1048493,2
457645,2
575288,2
265613,3
945773,2
464093,2
700864,2
545188,3
1021696,2
291062,3
82902,2
104091,2
629283,2
639262,2
981222,2
885513,2
800488,2
559233,3
689676,3
623701,1
725846,2
749703,2
300402,1
116471,3
334611,3
208217,2
333976,2
792944,2
690483,1
748012,2
796053,2
1042743,2
883342,2
948358,2
854211,1
325582,2
1028110,3
103445,2
122133,2
480150,2
681464,2
63574,2
724519,1
108017,2
165720,2
953259,3
691549,2
530676,2
432367,1
146154,2
191391,2
985481,3
657683,2
704356,3
731198,2
584941,2
996974,2
257340,2
811562,1
467281,3
722812,3
815033,3
956488,2
166619,2
932829,2
802726,2
751113,3
1035275,3
1050996,3
1047085,1
511826,3
987735,3
232257,2
418533,2
764723,2
772931,2
370869,2
560107,3
169368,2
337575,2
36424,2
969978,2
1042943,2
258278,2
688936,2
52835,2
934995,3
724254,3
846158,3
60912,3
951716,1
1033349,3
677668,2
909,2
931164,2
690006,2
798632,2
482806,2
233102,2
32911,3
691403,2
637361,2
937637,2
585082,2
607787,2
121845,1
1026588,2
590772,2
1005853,2
552185,2
924820,2
1033507,3
529153,2
418355,3
764250,3
706436,3
408149,2
935736,3
545644,2
116827,2
310252,2
315985,2
420147,1
99279,2
766301,2
375911,1
59341,3
434825,3
160113,2
29494,1
601529,2
354730,2
321153,2
637460,3
291131,2
242150,2
579609,1
800343,2
961061,2
5722,2
850089,3
779670,3
365717,2
199586,3
1033835,3
906766,3
573951,2
157910,3
109053,2
1036981,2
327129,2
144560,2
237885,2
631971,2
885410,3
564489,1
143133,1
549538,3
377801,2
541599,2
1029816,2
884320,2
193310,2
647919,3
897855,2
737947,2
667596,1
866420,2
261658,3
50607,3
147299,2
161835,2
789077,3
244252,2
109102,2
871622,3
357232,1
70046,2
552905,2
463262,1
27213,3
70213,3
107862,2
226223,2
333751,2
336556,2
881207,2
492250,3
109726,2
288145,2
362880,2
643974,2
1024522,3
80128,2
894142,2
684484,2
87755,2
553504,3
769948,3
764538,2
546555,3
604826,1
89900,2
1025268,3
897591,2
968704,2
863228,3
629711,2
250365,2
449661,3
962597,2
419385,2
719511,2
311297,3
1043180,2
401374,2
1021664,1
963104,2
456945,2
811208,2
428998,2
36893,2
833950,3
481365,3
707708,3
263921,2
395382,1
599037,2
668699,2
329662,3
910176,3
261871,2
81591,3
595351,2
50834,2
365091,2
713364,2
972763,2
974442,2
418825,2
671985,2
105085,2
236597,2
633228,2
431162,2
856305,2
1008932,2
793576,2
793740,1
787232,2
813125,2
575632,2
336685,3
278411,1
285275,2
520411,2
838785,2
314188,2
131422,2
684936,2
666237,3
819565,3
438105,3
312642,3
1027820,2
861931,3
225683,3
726090,3
804103,2
402132,2
1006788,2
13334,2
734627,2
935702,2
651399,2
1022760,2
752330,2
755585,2
304193,3
296809,2
958708,2
961235,2
563041,2
443374,1
188005,2
80619,2
500498,2
404653,2
856521,3
84748,3
16694,2
471572,2
316274,2
433359,2
617273,2
1038451,2
659454,2
945114,2
274293,2
458630,2
819182,2
45006,2
284668,3
908195,2
606302,3
498153,2
1026720,3
834721,2
417899,3
648033,2
956478,2
779050,2
16224,1
551559,1
825365,2
347107,2
234417,3
1006080,2
13189,2
518901,1
182047,2
614729,3
368128,3
429118,2
262242,2
295433,2
35309,2
432875,2
968799,2
874911,3
559474,3
311721,2
459392,2
589394,3
340466,3
176485,3
837970,2
854607,2
362631,3
351278,2
529300,2
684975,2
460005,3
806028,3
655750,2
239566,3
935642,2
219500,2
834208,1
380917,2
556721,3
700807,3
582134,3
289522,3
823920,3
835141,2
663074,3
571990,2
766461,2
813437,2
775996,3
262839,2
40268,3
416639,2
1015441,3
155209,2
229257,1
1036223,2
249005,2
600333,2
231754,2
445644,2
377213,2
733376,2
780355,3
480992,3
1045710,2
793223,2
327694,3
745956,3
113346,3
708364,2
327266,2
62688,2
595246,1
742545,2
896217,3
321780,3
200681,3
86122,2
522551,3
631118,2
367967,2
224775,2
354879,1
361379,3
626473,3
604350,3
805962,3
416880,2
162804,3
292973,2
862611,2
424093,2
696373,2
141264,1
821679,3
611379,3
568034,3
928434,2
683762,2
318186,3
81008,2
622187,2
412618,3
428306,2
378749,3
806500,3
536674,1
718024,2
526159,2
1035177,2
995449,3
1010669,3
124116,3
767528,3
1051038,3
648013,2
676806,2
626814,3
698475,3
798011,2
729542,3
419569,2
921044,3
870510,2
12611,1
482301,2
215620,2
1030606,3
19635,2
316226,2
924876,3
825831,2
381625,3
1333,2
805454,2
25468,2
1040883,2
696016,1
867259,2
624702,3
680282,2
165645,3
100030,2
183038,2
314483,2
494783,2
355507,2
636860,2
451990,3
705747,2
662581,2
525703,2
473241,3
661100,2
1028994,2
674499,3
656877,2
942618,2
407276,2
717403,2
48211,2
1039312,3
872532,2
664832,2
752425,2
306222,2
878042,2
935241,3
411093,2
46412,2
306213,3
440544,2
9458,2
186888,3
728336,2
1016895,2
258044,2
613234,2
451580,3
920782,2
674821,2
734841,2
667343,2
225903,1
72180,2
785950,3
488335,2
653626,1
303620,2
795227,2
909836,3
999973,2
767747,2
989789,3
936035,3
950555,2
485717,2
981088,2
474222,2
563356,2
228182,1
202367,2
839860,2
319164,2
341284,2
557138,2
330821,2
499458,2
64976,2
550493,2
275287,2
816996,2
418984,3
249932,2
352572,3
750387,2
831400,2
602788,1
154777,2
948753,2
120225,2
693076,3
793730,2
671151,2
335527,2
222085,1
389406,3
450895,3
288241,2
269775,2
157822,2
732392,2
535569,2
151644,3
116978,2
889124,3
789720,2
967020,3
238177,3
28344,3
966498,2
429869,2
742822,2
589860,2
107891,3
859325,2
1011800,3
358596,2
802940,2
639132,2
956035,2
605260,2
819341,3
400219,3
906623,2
179259,2
992836,2
768123,2
233286,2
177621,3
600624,1
1010077,3
729866,2
733132,3
990164,2
366617,2
149411,2
471599,3
123571,2
112103,2
151642,2
619172,2
838210,3
750494,2
952068,1
329362,3
262624,3
536547,3
276805,2
249033,2
811696,3
320291,2
350915,3
107793,3
938426,2
668096,2
204177,2
363125,2
952995,2
1011394,2
469390,3
831853,2
423446,2
503026,3
516562,3
818727,2
404603,2
518880,3
935384,3
237748,3
793258,2
604127,2
319927,2
684646,2
1006864,1
488180,3
774825,2
575075,2
869410,2
457564,2
721748,2
186262,2
854759,2
164109,2
203709,3
402591,3
117094,2
942331,2
630417,2
430705,3
327719,2
110228,3
558561,2
81789,2
544835,2
444240,2
726370,2
764813,2
1037368,2
653034,2
64334,3
349168,2
809478,2
525762,3
505817,2
333043,1
285356,2
187012,2
206903,2
11181,3
608389,3
1019810,3
240007,3
354534,2
1019698,2
313022,2
943756,2
929580,2
861703,1
334937,3
433771,2
700492,2
326767,2
249676,2
372096,2
91881,3
391596,1
392633,2
325455,2
663432,2
881139,2
479002,2
307221,2
698331,2
758959,2
607293,3
302545,2
340135,2
325840,3
820679,3
935519,2
774895,3
949247,3
375951,3
750678,2
137104,2
86326,1
263804,2
96586,2
927783,3
408289,2
76870,3
294569,2
156216,1
138063,3
30419,2
814658,1
20112,2
241628,3
1035599,3
838283,2
177793,2
466352,2
1045580,1
55698,2
923678,1
615023,2
761124,2
784999,2
664583,2
621393,2
834432,2
469719,2
796120,1
304851,1
201390,2
190615,2
976469,2
114941,2
768679,2
554814,2
762206,1
518522,1
636502,2
390763,2
915731,2
162674,2
558725,2
530524,2
38370,2
830577,3
988143,2
1011625,2
432629,2
880918,2
827931,2
385239,3
402389,3
598819,1
158067,2
901757,2
417970,2
400259,3
814541,2
875842,2
860226,2
244835,2
286184,1
362257,3
740591,2
78754,2
396903,2
271916,3
999561,2
841268,3
569095,1
272878,2
1046793,3
708545,2
524863,1
1045435,3
717296,3
950896,2
694619,2
107887,2
996441,2
851304,3
208142,2
432902,2
997370,2
490788,2
935362,2
438162,2
483673,3
262531,2
870628,2
663621,2
182548,3
779198,2
233268,2
578977,2
870006,2
651537,3
223774,2
645065,1
342751,2
637894,3
726614,2
845495,2
309143,2
978506,3
291007,2
980077,1
581632,3
568865,2
746154,1
345925,2
338492,2
573292,2
688246,2
1021368,1
101383,2
202117,2
341353,3
788713,2
23892,2
72695,2
606172,2
187089,1
233474,2
131391,1
952192,2
96049,3
556201,1
1050542,2
143546,2
529839,2
40235,2
966842,2
789007,2
823526,3
314119,3
857592,2
1038273,3
101356,3
652578,1
32724,2
505401,3
358438,3
317577,2
224258,1
369580,2
663189,2
776879,3
445385,2
498063,2
112415,3
917327,3
224114,3
385872,3
581123,3
890326,2
752493,2
560472,3
411554,3
767783,3
218428,3
546779,3
717751,2
970278,2
425541,3
774623,2
727803,3
218394,1
213372,2
994496,2
184029,2
370400,2
761898,3
26937,2
959575,3
622027,2
937971,2
919926,2
777737,2
792213,2
858893,3
41673,3
263148,2
266210,2
370214,2
897242,3
710215,2
455258,2
519905,3
1045868,2
79680,2
297477,3
699327,3
1008650,2
1029688,2
682280,3
878074,2
629994,2
737617,2
814751,2
468862,2
267026,3
261402,3
539714,1
23327,2
925323,2
5601,2
731086,3
555445,3
782648,2
665773,2
901268,2
63578,2
656700,2
679263,2
350838,3
500839,2
552190,2
44184,3
1032976,2
848766,2
1022159,1
98653,2
708051,3
292917,2
313506,2
260578,2
32878,3
1010111,2
750214,2
535798,2
214355,2
924931,3
650642,2
99217,3
279732,2
762978,3
711796,2
897596,2
82130,2
382345,2
539875,2
864743,2
788494,2
861578,1
140781,2
10588,2
707988,1
633744,2
129411,3
732924,2
523822,2
512529,2
193928,2
558285,2
369712,3
112953,1
342763,2
170768,2
1024518,3
381058,2
500420,2
551471,2
8139,1
888258,2
63723,2
628986,3
32080,2
476458,2
556828,3
564564,3
352942,2
685743,2
147424,2
543438,2
628582,3
338093,2
851995,2
247154,2
293487,2
852952,2
972440,2
450820,3
441939,2
464283,3
30770,1
730831,2
869122,3
920668,2
205689,3
1051281,3
744075,3
644141,2
914151,2
114426,3
344682,2
247329,2
216166,2
667095,3
166423,2
800190,2
651725,2
690999,1
689986,3
168210,2
683142,3
262139,2
170595,2
453458,3
519734,2
206793,2
313740,3
127381,3
773370,2
125256,2
1011442,2
235002,2
944402,2
823190,2
529430,3
224100,2
703391,2
301185,2
582676,2
511494,2
286540,2
912693,2
550643,2
654690,2
297792,2
78888,2
416613,2
826160,2
68480,3
516881,1
423599,2
522736,1
409956,2
574627,2
636414,2
225339,2
149218,2
302422,1
646816,2
380301,2
749357,3
76674,3
440774,2
157355,2
60258,3
404894,2
1038326,3
167675,1
716545,2
154731,2
295230,2
285500,2
524749,3
71944,2
640556,1
697260,3
343192,2
236492,1
144694,3
660514,2
999963,2
842988,3
76476,2
862892,3
5863,2
200162,3
770490,2
788107,2
841140,3
914553,3
62369,2
106272,2
731345,3
15945,2
555388,2
713331,2
1049741,3
19665,1
829140,2
364989,3
970426,2
592454,2
265848,2
79105,3
35768,2
530512,3
243180,2
596642,2
478003,3
790556,3
235791,1
549983,3
508604,3
636996,2
397687,2
1022558,2
682109,2
955509,2
66522,2
635729,3
235896,3
858939,2
962688,3
15425,2
92132,3
597092,3
159388,2
516643,2
401858,2
346938,2
793257,2
610618,2
884332,3
1016583,2
157265,2
72517,3
7904,2
803686,2
343052,2
263381,1
360728,1
273595,2
778651,2
80723,2
540123,2
489588,3
1046973,3
840666,2
470031,2
44543,2
123052,1
17309,2
726019,1
254228,2
548895,2
27346,2
819759,2
111519,3
776895,2
210764,2
871425,2
224052,3
574651,2
91100,2
1034087,3
32130,3
948228,2
925019,3
909467,3
482981,3
897674,2
226399,3
1004173,3
278015,2
710399,2
163065,2
700191,2
360319,2
375679,3
1051990,3
679108,2
400535,3
92335,3
360173,2
993055,3
895817,2
617339,2
502427,3
177868,2
8833,2
102302,2
941261,3
970054,2
233382,2
618190,2
572453,2
992356,3
95057,2
608038,1
816579,3
29667,2
1005289,2
839308,2
352042,1
900173,2
531034,2
395953,2
84374,2
588779,2
30227,2
911434,2
993421,2
4150,2
180147,2
1040969,2
405755,2
199030,3
933132,3
683816,2
470275,2
897777,2
833651,2
863990,3
960498,2
607182,3
778874,1
761579,2
988539,2
619755,2
876730,2
668698,1
675599,2
450762,3
47650,2
794446,3
163856,2
290409,2
80708,3
619313,2
545222,2
17646,3
536655,2
832301,1
368396,3
291093,3
848847,2
823405,3
694945,2
474282,2
541903,2
130419,3
646903,2
794095,2
380996,3
556982,3
376650,3
778961,3
582396,2
489087,3
784246,3
429950,2
660518,3
936327,2
461708,3
250543,1
655795,3
338374,2
436534,2
85737,2
276432,3
520783,2
324247,2
550063,2
548624,3
933488,2
807954,2
715320,3
394466,2
621989,3
457955,3
973841,2
570351,2
745974,3
413661,2
375371,2
598238,2
699220,2
604314,3
288843,3
514838,2
13481,3
286171,2
78576,2
626924,2
938695,2
721164,2
1043728,2
947785,1
648270,3
341881,2
682653,2
51745,2
808053,3
568607,3
988024,2
751108,3
282449,2
252236,2
642862,1
733522,3
950452,2
9528,2
970841,2
947521,3
20326,2
712314,3
338334,3
305554,2
379605,3
917828,3
935490,2
181820,2
459538,2
65279,2
68676,2
266395,2
957528,3
583771,2
222331,2
994563,2
25451,2
644807,3
116815,2
956482,2
703866,2
725774,3
776054,1
202792,3
776051,3
425562,3
996597,2
734074,2
343328,2
995194,2
558712,3
210152,2
355287,2
247879,2
423487,2
708760,2
734113,2
947587,2
916512,2
519251,2
102123,2
770402,2
197767,3
964613,2
692480,2
518474,2
781190,2
1038,2
889831,3
966846,2
480621,2
465643,2
808394,2
683987,2
587625,3
311131,2
818369,2
769105,3
504288,2
193458,2
690364,3
661910,2
720297,2
232958,2
952485,2
673766,2
419790,3
349403,1
160284,2
872225,2
922436,2
630535,1
415446,2
82643,3
13813,3
353086,2
486892,3
6019,2
48257,2
313380,2
972061,1
828329,2
484363,3
293509,2
733051,2
564639,2
621270,2
529968,2
674060,3
517082,2
733316,2
215339,1
516071,3
24655,3
424035,2
107661,2
417296,2
633392,2
583817,2
540115,2
127664,2
1040691,3
900216,3
414651,2
502054,2
427852,1
893738,2
764517,2
1051816,3
212396,2
195248,3
477621,2
277399,3
335101,3
146835,2
657804,2
680324,2
164993,2
1027534,2
437017,3
631422,2
763535,2
401013,3
266968,1
1045699,2
643627,2
52191,2
297758,2
411683,2
813411,2
779431,2
752194,2
691271,2
632961,3
247830,3
720870,2
657751,2
807266,2
765116,2
448690,3
396245,2
198256,3
541263,2
607594,2
718586,2
1025387,3
431242,2
1040954,2
851972,2
545389,2
884980,2
890938,2
128808,2
337875,2
242705,2
823666,3
629760,3
585690,3
283353,2
991310,3
1033471,2
24229,2
302387,3
753659,3
737949,3
499618,2
16384,3
220733,2
749244,1
441723,2
995451,2
843256,2
617526,3
553249,3
401960,2
372743,2
631099,2
890224,3
1019879,1
82074,2
677363,2
468402,2
886834,2
945803,2
538441,3
397767,2
609809,3
454044,3
384010,3
35522,2
557500,3
376829,1
272721,3
687794,2
301145,3
551739,3
467307,2
724171,2
734458,1
153805,2
119506,2
431345,3
39646,2
403389,2
985003,2
380621,1
638448,2
1030905,2
579029,2
133542,2
710029,2
606463,3
949203,3
453122,2
259912,2
240020,2
347355,2
248556,2
532307,3
406410,3
857178,1
787628,1
190464,2
163583,2
925965,1
268378,2
476821,2
763093,2
1001440,2
148687,3
1001609,2
799636,2
774742,2
416484,3
240997,1
107802,2
786131,3
663799,2
644312,3
439265,2
159016,2
741255,3
125504,2
15439,2
150314,2
807023,2
302543,3
1003867,2
446364,3
236103,3
940424,2
233830,3
218515,3
702257,2
292687,3
890554,2
809782,2
882388,3
59775,2
639069,2
518868,2
643519,2
952852,2
814277,2
1011158,2
679687,2
459983,2
538389,2
85259,2
724965,2
866182,3
335570,2
207352,2
689205,2
520988,2
161629,2
424315,1
408533,2
94006,2
910450,2
706664,1
932919,2
746184,2
546550,3
864851,2
101100,2
1044016,2
548900,2
302923,2
477975,2
397333,2
398705,2
551298,3
949891,2
678282,2
483017,2
680346,2
417473,3
45725,2
69676,1
36240,2
656662,3
878331,2
138096,3
44028,2
190475,2
890791,3
586173,2
118523,2
356511,2
309196,2
40376,2
832401,1
602829,2
628698,2
478758,3
1019769,3
391485,3
1006134,3
771861,1
892222,2
606210,3
830543,3
387067,3
792619,3
870276,3
1016847,2
290569,2
308774,2
942746,1
543116,3
774955,2
278642,3
94734,2
683115,2
711939,2
130103,3
859607,2
891029,2
982752,3
617569,3
671338,3
850665,2
221678,3
641404,2
386433,2
334563,2
761323,2
344920,2
872528,2
785871,2
272054,3
776280,2
305548,2
601728,2
881227,3
750077,3
884277,1
124022,2
166353,3
145159,2
756634,1
171864,2
842998,3
1047755,3
864121,3
235156,2
1014861,2
803083,3
1052021,2
855283,2
888922,1
298518,2
190479,3
729652,2
18141,1
1016570,3
998141,2
777443,2
729803,2
768218,3
842184,2
897723,2
748596,2
436124,2
58840,3
290275,2
774511,3
65365,2
1000464,2
276306,2
860167,2
102390,2
310248,2
723569,2
905748,2
360249,2
884585,2
52134,2
711197,2
324284,2
427974,3
306659,2
806432,3
707994,2
655946,2
98767,2
216729,2
847138,3
233552,2
866049,3
993875,2
999211,2
335039,3
594153,2
5693,2
33000,2
1032612,2
618107,2
436033,2
360504,2
28393,2
735497,3
980266,3
256975,2
192727,2
416045,3
82537,3
531847,3
711938,2
11920,2
851501,2
229641,2
566841,2
953262,2
918986,2
190610,2
150086,3
83784,2
101430,2
717386,2
320426,2
92265,2
41682,2
122683,3
372614,2
772400,3
685931,3
538476,3
999949,2
331646,2
809914,2
1042725,2
91802,2
981507,2
857172,3
940957,2
589358,3
598823,2
837479,2
414542,3
363330,2
1021151,2
794652,3
557030,2
988398,2
746085,3
782498,3
39061,2
145917,2
546571,2
226648,3
107687,2
894237,2
166936,2
493114,2
114317,2
564671,2
90573,3
680367,2
532595,3
360630,2
692467,2
957742,3
365005,2
234979,2
964722,2
440693,2
393844,3
173548,2
140680,2
683659,2
336367,2
27541,3
920784,3
789805,3
671970,2
11798,3
866297,2
48101,2
982872,2
764764,2
408667,3
673698,3
552129,2
831863,2
781797,2
626504,2
400701,1
1026498,2
983557,2
575383,2
973018,3
139021,3
543226,2
289617,3
932213,2
360718,2
691661,2
301447,2
1025108,3
520728,3
99306,3
251164,2
723020,3
685853,2
939954,2
601264,2
581177,2
98840,3
387595,2
1029275,3
957218,3
446619,2
874758,3
679211,3
367490,3
401520,2
384871,3
175600,2
811267,2
445802,2
440500,2
374102,2
24591,3
473604,2
6814,3
875589,2
157598,2
939880,2
997361,3
898872,2
489380,2
851580,2
225429,2
198735,2
757152,2
694558,2
305937,3
480401,3
919548,2
54935,2
659882,3
866320,2
1052314,3
1014924,3
254052,2
638584,1
504129,1
535640,2
2666,2
470731,2
347187,2
305136,2
656291,3
843991,2
802470,2
341458,2
210036,2
356541,2
926465,2
843819,2
719392,3
915885,3
889086,2
752827,3
809755,2
680002,2
869168,3
284728,2
427544,3
48399,2
366497,3
490470,2
946728,2
127327,2
870424,3
281556,3
93581,2
613785,2
608479,3
858270,3
68017,3
866000,2
974102,2
46148,2
598534,2
672314,2
1052554,1
413475,2
313915,1
442711,2
287031,2
472513,3
171138,3
179413,3
732977,2
686922,2
167576,2
282861,2
254595,2
684914,3
971396,3
146998,1
968268,3
154337,3
240295,2
85169,2
308904,3
836962,2
581094,2
601314,3
221467,2
604605,1
517288,2
628622,3
474002,2
268304,3
650463,2
1035397,2
803828,1
244040,2
229953,2
770327,2
955728,2
866456,3
466296,2
1004050,2
309581,2
249340,2
873391,1
311864,2
415606,2
737178,2
705283,2
89019,2
15232,1
235541,2
425568,3
95861,2
759015,2
922422,2
727544,3
1049344,3
34278,2
707748,3
937306,2
633610,3
718108,3
138585,2
679888,2
63784,2
75601,2
311846,3
812745,2
696906,2
251334,2
109098,2
890916,2
780343,2
992343,2
228454,2
955352,2
944192,1
875482,3
417564,2
471557,3
630472,3
576104,1
326467,2
761278,2
270180,3
1015397,2
258459,1
800812,3
614799,3
267353,2
148535,3
113052,2
871786,3
349713,2
320037,2
952605,2
405375,2
953285,3
12511,3
380035,1
908083,3
992074,3
31072,2
263550,2
601686,2
880921,3
607707,2
972219,2
951474,2
605875,2
648098,2
968513,2
1004316,3
708419,2
701696,2
437511,2
192782,3
825041,2
582534,2
86233,2
204912,2
832770,3
1010598,2
518650,3
833702,2
691237,3
435586,2
239211,2
404000,3
489599,2
10008,3
169074,2
985674,2
632842,2
355461,2
522827,2
311300,2
910451,3
352403,3
296319,3
662019,2
804800,2
1020764,3
221146,2
707618,2
248563,2
55146,3
659567,1
1049775,3
646221,3
688392,1
590470,2
217591,3
632883,2
142815,2
120863,3
576933,1
475837,2
371222,2
216107,2
66979,2
55365,2
667696,2
662083,2
540295,2
105232,2
309283,1
439659,2
544895,3
236882,2
760308,2
329498,2
1028904,2
203806,2
537637,3
384672,3
984278,3
285744,2
831290,1
409415,2
741898,3
251174,2
969912,2
69784,2
239677,3
65756,2
616163,2
106575,2
688642,2
1049907,2
351550,3
946656,2
25286,3
207702,3
975939,2
709311,3
617938,3
693190,2
610047,2
261247,2
434876,2
1045829,2
594764,3
9614,2
623283,1
227430,2
3111,2
138476,2
548714,2
794030,2
145571,2
958687,3
874761,3
311405,2
378389,3
437756,2
878100,2
610843,3
32141,2
43585,2
107144,3
335848,2
555614,2
876800,1
160180,2
142330,3
1015500,2
290407,2
963741,3
508345,3
463231,2
315934,3
134828,3
146445,1
952358,2
456818,3
272983,3
956614,3
840963,2
387958,2
36252,3
299998,2
343591,2
445634,2
956676,2
416135,2
119847,3
401304,2
676208,3
423455,2
761414,2
245524,2
147555,2
425476,2
988050,2
599661,2
463877,2
696542,3
119372,2
36610,2
491662,3
432474,3
384564,2
271829,2
56323,3
238190,2
648093,2
163083,2
918372,2
950387,2
925769,2
774726,2
297911,3
271552,2
288021,2
648596,2
127511,3
645448,1
867047,2
271986,3
96455,2
27610,2
628732,2
980381,2
6825,3
517205,2
51236,2
524505,2
730642,3
680827,2
296618,2
577542,1
3278,2
394688,1
314819,3
497505,2
619173,2
1005637,2
332558,2
330758,3
753672,3
235877,2
783371,3
946842,2
995110,3
673477,3
769425,2
112090,1
433484,2
523091,1
602710,3
147964,2
417596,2
170577,1
1014299,2
651239,2
850241,3
799082,3
147734,1
194612,2
433840,2
560158,2
370524,2
9749,2
919949,2
439460,2
652930,2
996219,2
213999,2
274201,2
323256,2
582527,3
593202,1
312393,2
295607,2
895029,2
164964,2
190025,2
106899,3
949383,2
707163,3
642067,2
614387,3
1034130,2
1015051,3
1002588,2
1048165,2
748402,2
416306,2
1049785,3
325454,3
910782,2
524664,3
323139,2
659617,2
544859,2
663040,2
82133,2
833021,2
655170,2
431097,3
562699,2
588190,3
618747,2
774845,2
393039,2
87547,2
502778,2
900722,2
103152,3
602069,2
1032576,2
567071,2
992978,2
768279,3
512769,2
452198,2
362686,2
671953,3
270584,3
316165,2
276325,2
961661,2
1002048,2
577594,2
1006946,2
919950,3
1020951,2
678861,2
324407,2
722825,2
706485,2
142981,1
855630,2
904223,3
267379,2
772470,3
257573,1
419777,2
593400,3
711620,2
566607,3
1046507,2
154147,1
87266,2
986805,2
726441,1
506109,2
269572,2
790954,2
749347,2
445788,3
20165,3
140337,2
983929,3
955874,2
239338,2
297396,1
367759,2
565449,2
315556,2
28530,3
72807,1
341959,3
598066,3
921279,2
407113,2
292088,3
1016688,2
236630,3
580067,1
1030556,2
463370,2
1040889,3
509274,2
512934,2
952936,2
572661,3
943674,2
1045344,2
298260,3
856742,2
433995,2
826534,1
860430,2
429725,2
846433,2
233655,1
762019,3
463754,2
914555,2
403265,2
184992,3
777315,2
174250,2
320302,2
948070,2
22808,2
479626,2
182243,2
195155,2
20400,2
878055,3
871245,2
569331,2
995923,3
534020,2
443503,2
440789,3
418005,2
33797,2
87506,3
721678,3
307701,2
510564,3
239480,3
405125,3
22218,2
902476,2
396394,2
930225,1
553481,2
653260,3
295785,2
70090,3
61598,1
1009211,2
479075,2
779485,3
681316,3
127735,2
777085,2
343344,2
410426,3
990905,2
262339,2
528617,2
206528,2
819163,2
850102,2
870356,2
27242,3
102307,1
810014,2
902187,2
217010,2
202589,3
501727,2
298990,1
185563,2
878470,2
665170,1
1021899,2
395090,3
333908,3
728751,2
544164,3
13041,1
610697,2
873096,2
722036,2
897798,2
897052,3
924047,3
451741,2
891673,2
843131,2
192401,3
152346,2
280673,2
737683,2
535732,3
494288,2
837760,2
510565,2
808861,2
1030779,2
332830,1
538538,2
284682,1
1052693,3
340675,3
975697,1
150420,2
944115,1
698137,2
583047,2
956587,2
1013851,2
152193,2
768465,3
732161,3
411625,3
35285,2
771472,3
297685,2
430445,1
665611,2
146660,2
866341,2
171466,2
57713,2
868151,2
778247,2
947897,1
872195,2
700591,3
192897,1
382584,2
71169,3
681690,3
575095,2
506106,2
518003,2
20625,1
501497,1
204448,2
812607,3
769624,2
728422,3
731243,3
747455,3
443377,2
405945,3
870610,2
169115,2
914754,2
769971,2
314303,3
976374,3
239187,2
547170,3
772348,2
856228,2
235118,2
156108,2
884146,2
37245,2
972311,2
927777,2
888957,3
142746,3
462272,2
764996,3
5426,3
275603,3
64578,2
859580,2
693607,2
1013935,2
1052530,2
399237,2
488041,3
784962,2
460011,3
556406,2
80811,2
1024757,2
926834,2
486155,2
997535,2
976846,1
145721,2
895456,3
766420,2
158376,2
118253,2
347218,3
198874,2
315772,2
634664,2
279165,2
615369,2
426608,2
527680,1
271086,3
489238,2
958811,2
556750,3
848969,2
928182,2
472507,1
711033,1
622902,2
925643,2
691291,2
499269,2
178203,2
345132,2
662776,2
33939,2
491800,3
914127,2
911566,2
81633,1
930687,2
882302,2
174923,3
863127,2
783249,3
1032388,2
346453,2
430431,2
344804,2
824667,2
8262,2
719214,3
948774,2
706155,1
922727,1
886278,3
414051,3
330234,2
568776,2
782439,2
1002000,2
325465,3
211543,3
165881,3
879343,2
747992,3
920230,2
518359,2
27743,3
604584,3
739048,2
949520,1
700629,2
751513,3
689484,2
195507,2
496959,2
547197,2
992429,2
356844,2
748515,2
707811,3
455501,2
146112,2
995814,2
107308,2
794107,2
519287,3
880396,2
561478,2
376500,2
727374,2
930256,2
1008741,2
823967,3
581617,1
139887,2
804626,2
153056,2
849956,3
72853,2
337056,2
154108,3
961553,3
88747,2
2548,1
874269,2
828261,2
843855,3
947338,2
831228,2
149395,2
353371,2
409501,3
100113,2
757557,2
880583,2
767984,2
362890,3
668796,3
232949,3
400019,3
23558,2
337622,3
1002220,3
205005,2
982577,3
216249,3
194613,3
961634,2
246571,3
874732,2
1023533,3
578869,3
594742,2
579692,3
69491,2
98212,1
375187,2
46209,3
399105,3
520009,2
782427,2
394891,3
442563,2
970051,2
92825,2
1039811,2
38166,2
150084,3
985021,2
834402,3
1044528,3
338086,2
237520,2
691517,2
482043,2
467010,2
923315,2
274434,2
836183,2
577568,2
976736,1
568775,2
754034,3
455985,2
26938,3
537194,1
426971,2
508356,2
181620,2
945458,2
55040,3
657604,2
638866,3
1014388,2
327586,3
598256,2
649830,2
1041566,2
189411,1
956330,2
1020441,2
586476,2
95008,2
1020095,2
365591,2
705797,2
209195,2
99057,2
142754,2
529846,2
543437,2
1014231,2
900261,1
3454,2
776811,1
857250,2
583349,3
277012,3
864499,3
30067,2
725316,2
417934,3
64310,2
468054,2
596920,2
707268,2
392868,2
985212,2
284576,3
429290,2
675001,3
649144,2
466819,2
901893,3
328562,2
899561,3
465030,2
813970,1
312560,2
60868,2
930411,2
693066,3
365168,2
519348,2
12597,3
989363,3
758525,2
839361,1
231315,2
182722,2
628670,2
878097,2
277097,2
136058,2
137236,3
360384,2
99808,2
722020,2
239708,3
593719,2
165208,2
932886,2
697743,3
525574,3
906035,2
851225,2
755728,2
424706,3
454466,2
653327,2
971546,2
56387,2
809993,2
989850,2
234596,3
85676,3
536321,2
139446,3
912481,2
975877,2
86123,2
649611,3
24822,3
824406,1
18263,2
944926,3
1032787,2
92258,3
717174,2
1022075,3
530698,2
136153,2
9440,2
453485,2
502406,2
916483,3
371298,2
344790,2
950679,3
910062,3
53566,2
992299,2
806599,2
311349,2
141998,3
674538,2
24872,2
560607,2
199527,2
659771,3
185200,2
132606,2
565527,2
352112,3
910224,3
128746,2
756429,2
644639,3
93556,2
491422,2
100089,2
84634,2
546115,3
2250,2
228351,3
113577,3
291936,3
180896,1
826642,2
376618,2
948273,2
338132,2
255981,3
426512,2
132090,2
535386,2
654392,2
429101,2
77108,2
1004504,2
218721,2
923666,2
870545,2
513560,2
330277,2
805816,2
708397,2
208769,1
674161,3
721387,3
540713,1
685100,3
78604,3
343661,2
409459,3
113581,2
899135,2
509806,2
633340,3
692834,3
879085,2
53612,2
123355,2
784237,3
976872,3
35267,3
156820,3
572072,2
1000277,2
736666,2
839700,2
750154,2
514759,2
276328,2
852878,2
220333,2
775151,2
1036929,2
636912,3
69557,2
241078,3
1020448,3
765506,3
424983,3
301576,2
424766,2
511971,2
155358,2
208658,3
881302,2
71470,3
729827,2
387917,2
740294,1
526054,2
223136,2
336984,2
725427,2
33342,2
25438,2
837066,3
434242,1
14920,1
514979,3
528933,3
526038,2
461461,2
618040,3
960621,2
835722,2
862965,3
739182,1
75279,3
849922,2
283726,2
281730,3
1038288,3
662795,3
423327,2
787100,2
958610,3
971604,2
848841,2
960988,2
1029226,2
211373,2
1009716,3
225626,3
375471,3
530841,2
80350,3
810867,1
818111,2
459110,2
259765,3
486000,2
228686,1
158640,2
310747,2
257517,2
786776,2
857359,2
867501,2
779588,2
617911,2
278785,2
731912,2
412351,1
926472,2
168019,3
60300,3
138681,2
429484,2
734218,3
279018,3
714896,2
863893,2
39142,1
257393,2
839814,2
221300,2
438404,2
233979,2
891291,2
664510,2
1033454,2
494504,2
738532,2
202791,2
69071,3
181786,2
269186,2
151384,3
373701,2
902236,2
175654,2
261879,2
869603,3
274241,3
782009,2
256596,3
462747,3
145577,2
505852,2
845424,2
975298,2
716614,2
496598,3
875900,3
13110,1
527173,2
719435,1
561187,2
333361,2
947883,2
726661,2
306313,1
911270,1
481980,3
460036,3
943431,2
507146,2
227548,3
956309,3
804201,1
1013349,3
794301,2
406431,3
483841,3
101477,1
530773,2
402323,2
539155,2
475004,2
530148,2
73307,1
762963,1
425333,1
497244,2
177390,2
681802,2
766295,1
582783,3
405426,3
697764,2
739294,2
80007,2
715950,2
969293,2
438853,2
272549,2
3667,2
145791,2
790591,2
189439,3
64236,2
347559,2
703991,2
596495,3
58156,2
899715,2
975896,2
328638,2
15916,2
571864,2
175880,2
37482,2
883380,3
760114,2
26497,2
713277,3
562487,3
707051,3
366914,3
321092,2
277888,2
842225,2
932754,3
610206,1
539267,3
882355,2
1024591,2
802952,2
468800,2
965068,1
1033679,1
436403,3
1047243,3
945764,2
669311,3
1014451,2
488645,2
55219,1
349499,3
939924,3
673867,3
12977,2
501156,2
475755,2
16944,2
322649,2
496722,2
43981,3
68151,2
973215,3
458294,3
525266,1
439731,2
458396,3
759624,2
611932,2
175035,2
952294,2
907135,2
511053,2
536196,3
890394,1
806485,1
88023,2
247732,2
1038037,1
358603,2
535370,2
629482,2
936401,2
846634,2
434722,2
7538,2
549350,3
430059,2
175537,3
530730,2
369689,2
558824,3
23457,1
995043,2
658617,3
636506,2
800444,2
297741,3
843952,3
280322,2
422257,2
270512,2
206376,2
404157,3
967079,3
676082,1
804695,2
633295,2
1002198,2
1004771,2
147574,2
173082,2
376787,2
932634,3
856977,2
966456,2
641590,2
125289,2
626889,2
953313,2
678796,1
982986,1
340782,1
425847,3
272105,2
612996,2
643032,2
863906,2
465637,2
924363,2
931133,2
817106,2
916583,2
797864,2
42435,3
40332,3
637026,1
505089,3
645515,2
271368,2
27108,2
767061,3
203067,2
986674,2
692365,2
188826,3
507142,3
402212,2
601139,2
637695,2
1014834,2
1027741,3
158425,2
517521,3
398219,3
387552,3
452503,2
219457,2
711151,2
247235,3
985353,2
126250,3
119989,2
970189,3
737004,3
468178,3
478400,1
83818,3
223087,2
945233,2
495612,3
81677,3
308454,2
965853,2
971126,2
640486,2
595057,2
787516,3
450625,3
684688,2
624569,2
720251,1
272914,3
441548,2
855769,2
567521,3
596981,1
503148,2
437983,2
11044,2
751149,3
885705,2
110658,3
471581,2
349482,2
178560,3
488524,3
234702,3
62486,2
187761,2
132022,3
773592,2
189112,2
1014123,2
519511,2
435139,3
135283,2
704681,2
241518,3
301643,2
914879,3
891213,3
706885,2
464753,2
238425,3
310606,2
526861,2
866255,2
308221,3
293866,2
1049335,3
1050912,3
666947,3
141125,2
569652,2
448511,1
9619,2
79490,3
633569,2
18773,3
449251,3
331788,2
756039,2
281749,2
621385,2
573677,2
784353,3
629450,2
927644,2
674572,3
1025789,2
944429,2
245076,3
75955,2
455018,3
986745,2
531412,2
149760,3
593227,2
347642,2
545943,2
203003,3
824852,3
844354,2
832863,2
669691,2
865825,2
1013201,2
311662,3
1007703,2
940676,2
198328,2
747984,2
31498,2
305009,2
697506,1
845121,2
839313,2
428622,2
724871,3
699666,2
847131,2
777941,3
184493,2
181969,3
499436,2
919894,2
936436,2
95472,2
643670,2
830682,3
428975,2
994555,2
879490,3
237998,1
705832,2
3725,2
964025,2
592384,2
280815,2
443353,2
625524,2
918446,3
28861,2
661177,2
238460,2
603786,3
291466,2
721789,2
537178,3
582559,2
360162,3
1050188,2
395001,1
313682,1
483729,2
271977,3
535720,2
765207,3
710810,3
891629,2
328636,2
455126,2
542279,2
605709,3
570789,2
642680,2
14054,2
758749,2
912771,2
884290,2
514237,3
664369,2
825648,2
778313,2
397073,3
671568,2
739212,2
332313,2
1019264,2
48720,2
544518,3
1010746,1
426555,3
980241,2
510555,2
523254,3
686772,2
651730,3
207404,2
865983,3
238453,2
538920,2
229573,3
216461,2
280788,2
359303,2
389346,2
171129,1
898197,2
553722,2
856331,3
326010,2
858643,2
299098,2
301264,3
690492,2
841849,2
421936,2
284848,2
23422,1
865508,2
24317,2
996669,2
308766,2
221628,2
802765,2
787344,2
59707,2
971271,2
253410,2
887433,2
369368,2
704949,2
454311,2
525821,2
415871,1
616307,2
104853,3
1027163,3
837714,2
805851,2
761034,3
559963,3
987819,2
351786,3
323613,2
588898,2
99685,3
243732,2
432163,2
543842,2
738530,1
754058,3
140973,1
711010,1
292296,3
638453,2
959826,2
247282,2
986043,2
120448,2
238379,2
592597,3
170805,3
31142,2
801310,2
450360,2
792677,2
225993,3
1021410,3
886538,1
303991,1
928380,2
740797,2
664968,2
6733,2
160911,2
501323,1
269512,3
774264,2
854184,2
710062,2
15408,1
418783,2
382398,1
243626,2
960294,3
628176,2
615938,2
405612,2
283568,2
854811,3
749210,1
192259,2
140600,2
750069,2
25079,2
597732,2
532870,2
699107,2
167867,2
722908,2
523212,2
498236,3
784522,2
473768,2
1025981,2
4505,2
894111,3
267263,3
915041,2
22646,3
853296,2
205825,2
660725,3
250182,1
360294,3
118198,2
153898,3
115407,3
529690,2
912439,1
871779,2
16034,2
667405,3
253307,3
17765,2
479268,1
754677,2
609186,2
680241,3
851482,2
692095,2
439188,2
901023,2
554196,3
507896,3
248408,2
704333,2
797552,3
846654,2
118222,2
730634,2
104807,3
615274,2
954445,2
803397,1
1005977,3
168684,2
840298,2
885484,2
457744,2
263464,2
148706,3
141191,2
312108,3
985847,2
518103,2
432984,2
466502,3
1017643,2
953556,2
144186,1
1032788,3
192758,2
942231,3
933216,2
616808,2
1039862,2
505568,2
1035099,3
968559,2
96750,2
883052,2
217500,2
562951,2
919012,2
662228,3
721489,2
923449,2
177848,2
429074,3
245358,2
27133,1
987811,2
906658,2
800298,2
1026673,1
931319,2
115788,2
350079,2
641757,2
135594,2
888061,2
766139,2
72557,2
873196,2
943285,2
15432,3
515549,3
280354,2
455884,3
540311,1
147,3
902003,3
949782,2
550749,2
723613,2
737072,2
430831,3
421876,2
775856,2
106230,3
203289,2
344202,3
176235,2
638005,2
411660,3
642144,2
1011613,2
515011,3
479291,2
191625,2
761268,2
462769,3
565430,2
742704,3
861045,3
917172,2
902544,3
281326,2
464806,3
349980,2
532493,2
794747,3
791717,2
341269,2
627724,1
908530,2
26445,3
17076,2
842245,3
748766,1
396039,2
319697,2
756210,3
538473,2
275793,3
640480,2
280982,3
345974,2
408952,1
678862,2
710047,3
717569,2
205665,3
686187,2
1000102,3
780094,2
3709,2
164597,2
412430,2
676462,2
998751,2
845770,2
846631,1
865584,2
101248,2
499325,3
99528,2
469442,2
67365,2
262002,2
862776,2
705689,3
649964,2
977576,2
675969,3
557372,2
610563,2
681458,2
151160,2
625529,2
976375,1
544181,2
892846,1
162476,2
711902,3
536095,2
864384,2
620383,2
977723,3
1813,3
750752,3
484058,1
481570,3
708770,2
1052684,3
346970,2
607600,2
241057,2
686964,3
691334,2
35211,2
638992,2
926688,2
803684,2
367636,3
800650,3
501935,2
563420,3
948626,2
129042,2
1052862,3
731525,3
255046,2
265688,3
428734,2
906733,2
1033089,3
265587,3
964828,2
709904,3
583466,3
78159,2
735071,3
548638,3
937021,2
300293,2
75524,2
253010,3
191661,2
971591,2
185448,3
821587,2
855315,2
15068,2
892260,1
697088,2
558426,3
437527,2
854861,2
491663,3
560581,2
173205,2
477102,1
732836,2
236269,2
967297,2
461302,2
671189,2
427321,2
705547,2
151497,3
1026869,2
311327,3
240813,3
988097,2
581402,1
980814,2
155131,3
735705,3
621375,3
225430,2
912233,2
805994,2
835920,2
983844,3
619902,2
194175,2
588089,3
229150,2
421973,3
174340,2
688993,2
676665,3
254543,2
908694,2
458482,3
27787,3
367994,3
968314,3
254972,2
1004412,2
719645,3
19309,2
631952,3
930574,3
788675,1
564914,2
1031594,2
475302,2
524359,3
694682,2
886340,2
636073,2
833710,2
450693,3
1043435,2
469251,3
878190,3
916844,3
671109,3
337467,3
449653,3
1034043,3
270810,2
585446,3
925949,3
966609,1
876539,2
282148,2
456665,2
554210,2
689547,3
851880,3
41338,2
461786,1
580181,2
223205,1
418915,3
469712,3
838141,2
785981,3
698906,2
178843,2
537390,2
929269,2
361447,2
24041,2
544297,2
455476,2
367960,2
465751,3
249204,2
1008447,2
907260,3
184747,2
830166,2
594091,2
500663,2
886601,3
237167,3
678693,2
74053,2
460182,3
394237,2
1002948,2
564674,2
438679,2
373783,2
1006314,2
201474,2
887373,2
483000,3
615190,1
124224,1
975945,2
183075,2
615506,2
380147,2
723328,2
981155,2
393880,2
692889,2
222508,2
835375,2
621979,2
111265,3
943371,2
541196,1
903762,3
119570,2
451480,3
661454,2
17404,2
778740,1
554476,2
579953,2
58853,2
909191,2
548877,2
318374,2
9319,2
339695,2
57826,2
781417,2
205127,2
785056,1
924353,3
909298,2
196831,3
556597,3
992516,2
953347,3
404039,3
556545,2
186033,2
119645,1
116616,1
198857,3
764051,2
85074,2
624983,3
941165,3
232902,3
1022677,2
191587,2
452766,2
443815,2
1007353,2
370353,2
717644,2
663702,2
377844,3
876324,2
914662,2
121952,2
283602,3
520511,2
68304,3
374946,2
802476,3
285628,2
1010103,2
390581,2
590631,2
536015,2
460775,3
482706,2
461035,2
876966,2
982112,1
611242,2
735175,2
403337,2
550846,2
708641,2
390353,2
471090,2
369562,3
407178,2
938510,2
844973,3
471762,2
796827,1
121472,3
360657,1
427551,2
965145,2
183653,2
155943,3
951218,2
714078,2
512198,3
506787,3
68372,2
178408,3
417413,3
230828,3
921948,2
145134,2
422915,2
804152,2
891450,3
644833,2
1043720,2
429711,2
36055,2
938485,2
101804,2
202724,3
569957,2
334422,2
1052764,2
927205,3
818628,2
277428,2
337602,2
603141,3
898553,2
465779,2
529944,1
21727,2
195492,2
943902,2
485657,2
592945,2
427671,2
652169,2
235650,2
337449,2
592324,2
516537,2
831041,2
995590,3
1038980,2
934257,1
295066,2
838813,2
326670,2
440485,2
789191,3
184322,3
6183,3
249216,3
654128,2
575362,3
859557,3
480042,2
681842,2
812767,2
978806,2
913869,3
89633,3
319258,3
66755,2
236952,2
653890,2
281919,2
639755,2
1035162,2
913783,2
382058,2
888965,2
299543,2
141269,2
856215,3
270049,2
819713,2
743875,2
4573,2
1040570,3
376228,2
510177,3
863834,3
618167,2
61441,2
418988,3
604703,2
1039455,2
369018,3
758932,2
710038,2
720690,3
534862,2
87786,2
275066,3
73543,2
622601,2
316588,3
386438,2
834088,2
460952,1
282969,2
1039295,3
372213,2
253422,2
616352,2
557457,3
815689,2
507768,2
366020,2
781985,2
651564,2
770369,2
512966,2
816398,3
799122,1
984241,2
1038524,1
320854,3
641231,2
1410,1
105176,3
708259,1
414561,3
528837,2
517401,2
50629,3
991083,3
985438,2
706956,3
89996,2
827107,2
626615,2
33132,3
621586,2
679568,2
352347,2
726032,2
654203,2
951786,2
149099,2
849357,3
1023513,2
1046556,2
799761,2
819276,2
232218,2
857361,2
716587,2
877844,2
725256,2
511259,2
489577,2
1016064,3
342529,3
118962,2
34711,1
969834,2
407270,2
84579,3
37021,1
295421,2
707401,2
799744,3
310671,3
451803,2
388930,2
30406,3
258147,3
787871,3
1047431,2
682430,2
770239,3
190633,2
877652,2
616880,2
135114,2
424239,2
685244,2
291388,2
545589,2
673618,2
971013,3
385936,2
177123,2
324518,2
7462,2
143710,2
184250,2
54857,3
759443,1
560813,3
205366,3
317207,2
737569,2
455286,3
984932,2
488536,3
681168,2
391321,3
801086,2
687232,2
457114,1
537408,2
709935,2
776575,2
1030671,2
24167,2
495777,1
736682,2
456053,3
9240,3
168957,2
1023514,2
98191,2
831378,2
566425,2
984250,1
968294,2
696351,3
393054,2
143894,3
791487,2
762860,2
904404,2
996899,3
57626,2
876828,2
306061,2
726355,2
240534,2
823217,2
513179,2
161674,2
663559,2
903566,2
1010277,3
463632,1
26156,2
72396,1
805351,3
561273,3
560528,2
382467,2
1031388,2
671066,2
458089,2
932260,3
592254,2
382496,2
263850,2
721588,2
638425,2
77451,2
98407,2
113764,2
332071,2
71419,3
853963,3
462276,1
653209,2
910074,2
548017,2
893428,2
616862,2
517198,2
516615,2
805276,2
591095,3
625705,2
531285,3
683955,1
513627,3
1038329,2
444747,2
1001009,2
103517,2
953989,3
514449,2
147830,3
761223,3
204453,2
582979,2
998984,2
986496,3
896967,2
614954,1
373915,2
317284,2
265007,2
613704,2
736260,3
875495,3
66204,2
187268,3
819558,2
75687,3
942706,2
122161,2
894593,2
517768,3
660776,2
330385,3
808481,2
132169,2
497286,2
341080,2
903964,2
44097,2
355504,3
61574,2
1029050,3
919870,3
843810,3
803004,2
704645,3
680463,2
153613,2
232668,2
592866,2
898019,2
355927,2
1034335,1
799166,2
988590,2
801247,2
298015,3
362526,3
815478,3
299377,2
15204,2
692790,3
80268,2
95752,2
234378,3
477139,2
412009,3
808498,3
850711,2
540334,2
357485,2
459337,2
852386,3
232630,3
747241,2
889032,2
130487,2
163911,2
162386,2
113712,3
107773,2
524989,3
17577,2
1038019,3
660387,2
620277,3
489674,2
653763,3
136201,3
616732,2
48819,2
972004,2
870931,2
70049,2
983898,2
223436,3
561209,2
883558,2
589550,2
301934,2
919770,3
152397,2
1005321,1
425684,2
264588,3
957551,2
471097,2
214220,2
494149,3
378008,2
604755,2
30741,2
816632,3
384910,3
387152,1
1032734,2
221689,2
588367,1
637336,2
608762,2
646248,3
796102,1
615740,2
891615,3
603821,1
918993,2
33918,3
589441,2
930549,2
147294,2
658957,3
103170,2
6126,2
154484,2
1003100,2
768131,2
879976,3
166438,2
315221,2
452041,2
967923,2
867905,2
217122,3
620931,1
976203,2
937768,2
914252,2
309340,2
392058,2
103646,2
950294,3
189377,3
429991,3
859992,1
404298,3
87273,2
156664,2
642652,2
540571,2
14857,3
507218,2
682757,2
1039621,3
865936,2
62811,2
870839,1
130927,3
198503,2
658489,3
105940,2
650081,3
1000926,2
777343,3
695219,2
595029,2
462887,1
886363,2
614809,2
203771,2
573169,3
273136,1
884072,2
372238,3
798955,2
57891,3
766499,3
331216,2
571995,1
541115,2
222650,2
401530,2
849700,2
980943,1
448001,2
63264,2
666066,1
167124,2
278499,2
406217,2
1035504,1
724699,1
294438,2
581856,2
474844,3
310753,2
1020797,3
9901,3
249861,2
799871,3
980041,2
764181,3
494385,1
625900,2
257939,3
277554,1
931899,2
353212,2
492174,2
306821,3
4630,2
197561,2
863341,3
25230,2
534355,2
702066,2
550081,1
300041,2
464761,3
297414,2
453425,3
223854,1
301641,2
719453,1
57413,2
730857,2
395991,2
342744,2
579912,2
92056,1
329783,2
893341,3
566478,2
18493,2
911332,2
838105,2
642566,2
101399,3
989940,3
784310,2
997446,3
639127,2
284341,2
158722,3
146008,2
221851,2
154567,2
196607,3
225629,3
156970,2
572133,2
284198,3
86787,3
377098,3
797232,2
50518,2
988570,2
931887,3
807085,3
209394,1
750221,2
839251,2
351063,2
956510,2
813964,3
940046,3
470802,1
624083,2
333054,2
546874,2
413079,2
299378,2
465266,2
147375,2
35488,2
76784,2
1032701,2
457452,2
696726,2
27740,2
195938,2
825488,2
819813,3
803148,3
1017187,2
300879,1
2984,2
966600,3
917830,2
443605,2
710048,2
771254,2
244178,2
292155,2
948859,2
684447,2
783047,2
876227,2
88944,2
915340,3
928074,3
497195,2
614310,2
463335,2
943054,2
56648,2
457040,2
487904,2
699332,2
526897,2
370915,3
57152,2
430087,3
737946,2
393720,2
466497,2
962180,3
680319,2
873337,2
126713,2
738217,3
372705,3
133090,2
1047907,2
573791,2
604326,2
625857,2
12752,3
594858,2
599990,1
591018,3
444661,1
57525,3
25358,2
429973,2
932558,2
939364,2
594662,2
19531,2
814585,3
692732,2
1017538,2
167028,3
597990,2
45191,2
928814,2
493371,2
889626,2
489374,2
936790,2
902741,2
873739,2
560859,2
77344,2
489515,2
680218,2
19380,1
342590,2
112847,2
787547,2
73898,2
1017003,3
739390,3
835794,3
728073,2
618854,3
47382,2
218092,2
845207,2
359786,2
618173,2
12504,3
821569,2
570139,3
455619,3
300132,3
289303,1
45042,3
281492,2
680080,2
224896,2
499330,2
616962,2
184910,2
284734,3
1014859,3
43529,3
678420,3
479365,2
343870,2
192568,2
676347,2
592229,3
918861,1
292408,2
622072,3
926743,2
449029,2
12341,2
314557,2
434263,2
511594,3
118680,1
162452,3
355861,2
1026299,2
899947,3
957696,1
260185,2
624031,2
188810,2
317618,3
960542,1
535262,2
976214,1
699716,2
658987,2
1032985,2
34610,3
283030,2
573135,2
302236,2
433304,3
509318,2
612919,2
855075,2
511242,3
461908,2
321621,2
574647,2
472410,2
307739,2
910246,2
1008578,3
1037879,2
482107,1
511506,3
831910,2
164924,2
174060,3
545673,3
122651,1
736900,2
792895,2
883452,3
67943,3
70304,3
674180,1
1004676,2
370596,2
922744,2
1004612,3
157029,2
730852,2
428902,3
513810,2
761712,2
1052484,3
479280,3
917731,3
653232,3
226227,2
777704,2
956780,2
731417,2
578982,3
855445,2
1041114,2
985655,2
201417,2
325537,2
234103,2
1011630,1
63636,2
926991,2
142287,3
95078,1
962560,2
18919,2
76071,2
294848,3
542073,2
470902,3
961050,3
100891,2
955212,3
815169,3
327887,3
2038,3
150246,3
944995,2
291563,1
671910,2
1016001,2
499842,2
671501,2
95865,2
297138,3
808966,2
636026,3
865703,2
1018197,2
46098,2
209371,3
318118,1
764038,2
221559,2
955447,3
718313,2
926512,2
416499,2
667118,2
593589,2
884950,2
411820,2
572085,3
400981,2
227383,2
127069,2
880548,2
604814,2
904534,3
949375,3
954169,2
960690,2
364237,2
251673,2
292083,2
734155,2
288319,2
236856,1
984530,2
275063,2
626979,2
656713,3
507608,2
680901,2
789704,2
641974,2
116149,3
386256,3
595840,2
796873,3
654679,2
240070,1
290117,3
890928,2
643809,2
641931,2
498939,2
523747,2
602496,3
389078,3
80514,2
634491,2
948856,3
676182,2
595048,2
554126,2
365291,1
27003,2
356365,1
908426,3
142726,3
310311,2
519832,2
266557,3
934418,2
187700,3
901133,2
69823,3
1039604,3
522809,3
734333,2
1023186,2
195857,2
1000066,2
558427,3
67585,2
412654,2
798709,2
1039367,2
114812,2
917310,2
565917,3
978676,2
346056,3
268300,3
376366,2
159030,2
183283,2
876522,3
936935,1
1033682,2
1023492,2
950548,3
587671,2
778458,3
419349,2
973376,2
852321,2
430373,2
334276,2
677143,3
600480,2
940025,2
931489,3
662781,3
759525,3
577283,1
533308,2
951433,3
688885,1
608363,2
353059,3
386590,2
320496,2
22567,1
794670,3
969443,2
307193,2
935759,2
120254,3
82758,3
894259,1
797852,2
185867,2
56454,2
835272,2
960247,2
520689,2
981612,2
592089,3
835823,2
108879,2
155792,3
224947,2
836601,2
295182,3
1006837,2
913950,2
108765,2
529955,2
302644,3
259570,2
39834,2
1029091,1
708640,2
893077,3
753012,2
548932,2
775092,2
176355,2
1036925,2
679070,2
656226,2
16169,2
990539,3
821657,2
734322,2
573268,3
147941,2
221027,2
544057,2
424812,2
881838,3
922011,2
534540,2
105213,2
604354,2
285309,2
996624,2
514756,2
247988,2
330036,2
315885,2
429884,2
379349,2
614563,3
331829,2
573036,2
108214,2
357283,2
113620,1
1038262,3
737547,2
593881,2
1021848,2
456484,2
245947,2
885779,2
250742,2
659313,3
783114,2
276532,2
773610,2
274706,2
997182,3
950973,2
799036,3
738963,2
889085,2
460640,2
955989,2
791786,2
637038,2
317756,1
344164,2
642136,2
490191,2
815144,1
977969,2
768013,2
622603,2
467874,2
539780,2
286080,3
644678,2
767018,2
15315,3
732703,3
1013256,2
366462,2
436594,3
484208,1
681377,2
474232,2
322670,2
671210,2
507048,3
938434,2
588489,2
781963,3
7969,2
279385,2
706115,3
514413,2
733322,3
271964,2
283753,2
567058,1
98993,3
219987,2
702197,2
217968,2
9957,2
191953,2
440991,1
688562,3
84169,2
343601,1
919203,2
593303,2
461505,1
819488,2
995706,3
156295,3
160101,2
452551,2
360801,2
78243,2
355938,2
925577,2
607984,3
205395,2
95127,2
702119,2
503385,2
130186,3
482257,3
793942,2
1048795,2
1050363,2
220957,2
727281,2
131125,2
398628,2
123057,2
39150,2
306165,1
588536,2
131597,1
732324,2
889435,2
850713,2
456951,3
894808,2
353945,2
129924,2
434806,2
678917,2
271795,2
290254,3
160920,2
249267,2
690736,2
453092,2
153429,2
478876,3
934674,2
676941,2
484377,2
708303,2
852195,1
443650,1
53173,3
752309,2
155706,3
322931,3
826437,3
810389,2
753525,3
172099,2
31803,3
574776,3
263119,3
1015396,2
506556,3
154135,2
568159,2
978596,2
167935,2
235656,2
725254,2
824970,2
105077,2
366827,3
605274,3
611986,1
689969,2
887923,2
885696,2
129094,2
514154,2
33137,2
255397,2
241104,2
702657,2
330379,3
361930,2
488327,2
563360,1
161380,2
265120,2
340835,2
438638,2
774508,2
522028,2
306083,2
328331,3
342975,2
820150,2
258704,3
580876,2
447994,1
504616,2
154594,2
391757,3
1033287,2
743324,2
539383,2
794620,2
562939,2
213189,2
493542,2
91847,3
411673,2
8883,2
837699,2
125136,2
393345,2
944229,2
192715,2
200398,2
67318,2
575447,3
292099,3
837859,3
858629,2
690652,1
958051,2
537110,2
303288,2
702938,2
694477,2
422841,1
367178,2
816428,2
1023855,2
896506,2
91607,2
972918,2
698394,2
774405,3
938276,2
658404,1
425571,1
666260,2
241465,2
423998,2
231124,3
38194,2
667569,2
368886,2
404455,2
416854,2
331237,2
88477,2
947296,3
597880,1
47353,3
732184,3
877377,2
881387,2
105292,2
773490,2
455235,2
518061,2
757969,2
750393,2
935052,2
734134,2
405640,1
593755,3
814605,2
1026488,3
724682,3
652130,3
574035,2
418597,3
941287,3
434600,2
74316,1
463964,2
715603,2
396544,2
264123,2
288714,2
66623,3
867305,2
78204,2
437072,2
239960,3
680228,2
645711,1
370404,3
26033,1
633659,3
885029,2
994680,2
784748,3
12360,2
866339,2
103422,2
712664,2
1035729,2
1037452,3
471062,2
624930,2
4657,1
959303,3
808521,2
117900,3
874010,2
400285,2
259325,1
324127,2
550870,2
360490,2
998156,2
937383,2
257694,3
539122,2
469475,3
63668,3
176891,2
693520,3
489314,2
830622,2
747907,3
716606,3
902762,2
649770,2
154909,3
33613,2
743247,2
982835,3
428917,2
797726,2
134732,3
779248,2
807317,2
445705,2
73344,2
886510,2
566606,2
142744,2
337484,2
182076,2
295610,3
775694,2
233467,2
1048358,1
934707,2
647859,3
157313,2
151973,1
231502,3
794704,2
550897,2
290851,1
564980,3
13856,2
978160,3
981548,2
850404,2
869616,3
1007741,3
903382,3
359437,2
620884,2
345768,3
820852,3
956871,2
591465,2
374959,3
870747,2
1039380,3
783801,2
563005,2
754444,2
530988,3
443637,2
161248,2
981404,3
845035,2
438415,3
894630,2
479261,2
1011498,2
43304,1
354804,2
993336,2
435077,2
982231,2
67319,3
108170,3
164485,2
52381,2
655834,3
998638,2
665910,3
105461,2
592785,2
541393,2
225594,2
919828,3
429954,3
53426,2
151049,2
852383,1
981688,2
973179,2
74616,2
383732,2
630448,2
1050899,2
1008289,2
754117,3
836598,2
836133,2
266771,2
556402,2
18927,2
581451,2
855997,2
244777,2
944092,2
807865,2
460225,2
553508,1
492233,2
439390,2
162069,2
378761,2
356948,1
475687,3
92798,1
217753,2
567549,3
172371,2
973511,3
549469,3
262224,2
125417,2
301606,1
582044,2
248532,3
751010,1
935465,2
258236,3
574992,2
545764,3
561476,2
567342,2
1015019,2
816058,2
473031,2
677577,2
451801,2
527940,2
528190,2
318773,3
75634,2
479066,2
711308,2
116168,2
997445,3
885630,3
527968,2
930749,3
147329,2
840372,2
664890,2
672127,1
354369,2
507265,3
36262,2
161616,2
368083,2
351897,2
1013514,1
230205,2
154105,3
481262,1
304402,3
639478,2
259036,2
302469,2
259229,2
155991,2
115688,2
238606,2
975229,2
855698,2
55929,3
64014,2
47150,2
649192,2
257269,2
865596,2
96610,2
708937,2
124201,2
14992,2
952262,2
414217,2
717191,2
1018308,2
745628,3
43714,3
1023987,2
229359,3
414931,2
512334,2
315331,2
614583,3
857837,2
617476,2
308452,2
645705,2
811906,3
240389,1
219354,2
642907,2
235049,3
239073,1
541043,2
6057,2
710092,2
1044618,2
228286,2
678410,3
713519,1
149836,2
217423,2
26300,2
96933,2
923225,3
570399,3
870158,2
125948,3
155859,3
273447,3
99019,1
922836,3
522090,2
965050,2
368304,2
581042,1
1027802,2
40981,2
1014931,2
513421,2
923909,3
228186,1
792868,3
1040916,3
728808,2
163373,2
194516,2
698389,3
930732,2
1231,3
410671,2
544408,3
255180,3
350520,2
98823,3
829343,2
479379,2
326583,2
47691,3
277320,3
533732,2
854615,2
547186,2
247245,3
204868,3
517300,2
349103,2
299351,3
431597,2
797078,2
390886,3
780575,3
626309,2
877989,2
946097,2
2645,3
538125,2
195499,2
1033466,2
899316,3
741115,2
302741,2
544064,2
423542,3
273265,2
1043471,1
456084,2
394413,2
347534,3
311669,3
392281,2
871929,3
256926,2
38243,2
883640,2
398832,1
32861,3
222274,3
512272,2
997495,3
531951,2
1028775,2
23133,2
4458,2
832118,2
598331,2
749039,2
979475,2
717056,1
606230,2
548336,1
531060,2
367678,3
430144,2
226378,2
630854,2
888045,2
140301,2
999557,3
504325,2
282635,2
994761,2
487293,3
436395,2
683478,2
623078,2
1048972,2
363677,2
924883,2
133811,3
185666,2
775805,2
379729,2
3390,2
376733,2
773908,2
186686,3
915437,2
444934,2
582371,1
852174,2
242104,2
631166,3
1030492,3
494308,3
677170,2
966322,3
213090,2
860962,2
938321,2
648947,2
294327,2
612066,2
859820,2
479216,2
600949,2
778196,2
415476,3
928972,3
514824,3
671967,1
520229,2
686134,3
769454,3
264492,2
302697,3
782627,1
261789,3
873065,2
951668,2
518684,2
407997,1
16445,1
86961,3
740743,3
150400,3
860284,2
622017,2
852940,2
165967,2
590612,3
517208,2
819811,1
208890,2
420770,2
562892,2
880711,2
113827,2
562883,3
514173,3
1040376,3
276842,3
185622,3
631628,2
375643,2
830477,3
819140,3
218566,2
591954,2
889071,2
404493,2
387484,3
905269,2
989113,3
644231,2
392103,2
511750,2
668507,1
941603,1
16259,3
659479,2
299363,1
769028,2
388343,3
196207,2
862820,3
623208,2
871394,3
655858,2
788497,2
3510,2
781381,2
138723,2
122748,1
42270,3
99411,2
781872,2
140701,1
831603,2
81487,2
482729,2
712905,2
124429,2
380531,2
59015,2
756723,2
197049,3
485619,3
741145,3
293757,3
957913,3
441419,2
468078,3
779558,3
313000,2
364937,2
721090,1
550771,2
341978,2
812922,3
792963,2
846495,2
802943,3
582154,2
815569,3
257582,2
646668,3
890978,2
448729,3
358837,3
638357,2
15103,3
641148,3
635508,1
644524,2
24333,1
220152,2
275111,2
634229,3
63322,1
171627,2
995398,2
705497,2
75108,2
563485,2
175000,2
778024,2
478069,3
507298,2
168977,3
175384,2
486508,2
790215,2
600482,2
610673,2
487926,2
332093,2
397976,2
57857,2
996491,3
883539,2
267690,2
374188,2
263460,2
1012872,2
200813,2
580169,2
962322,2
413884,2
48140,3
193461,3
48773,3
622353,1
887587,3
851046,2
326280,2
623139,1
44788,2
971646,2
153980,2
324765,2
971149,2
998907,2
895340,2
955779,2
642420,2
417725,1
448121,2
237394,2
1043572,2
972704,3
768748,3
566881,3
854418,2
800910,2
1020113,2
955152,2
519992,2
167555,2
615105,1
240221,2
320009,3
131351,2
531494,2
526109,2
394291,3
674506,1
29846,1
594509,2
7116,1
1020436,3
567626,3
225900,2
396059,2
149872,3
466693,2
378334,2
313448,2
427587,2
205680,2
401407,2
479506,2
1038315,2
773416,2
737271,3
77135,2
606425,3
117179,2
203100,2
485774,3
971421,2
518180,2
137030,2
906579,3
258019,2
594736,3
766996,1
976654,2
906501,3
295764,3
934022,2
647550,3
1034089,1
954270,2
147623,3
175838,2
142002,2
1038334,2
1007645,3
502939,2
632588,2
527959,3
630054,2
985292,3
615499,3
177597,3
308288,3
117451,2
535741,2
108541,2
340210,3
844815,2
451298,3
755927,2
518080,3
283293,1
861517,2
614990,3
65963,2
372987,1
275481,1
14693,2
436731,2
875966,1
834150,2
472760,3
633087,2
518674,1
552323,2
862381,2
690646,2
736158,3
289858,3
667413,2
975990,2
121271,1
194178,2
1038132,2
752852,1
747099,1
397576,3
684189,3
82723,2
755033,2
852150,2
948636,3
833734,1
218454,3
619061,2
524477,3
130453,2
913113,2
46622,2
702403,2
469784,2
320086,2
929277,3
171612,1
34239,2
402218,2
902900,2
881764,2
203066,2
334173,3
530369,2
864333,2
270485,2
250530,3
296135,2
507712,2
429771,3
608036,2
601185,2
527085,2
147259,2
189179,2
878959,1
769347,2
882510,2
172883,2
625331,2
593166,2
338349,3
1009444,2
93097,2
315449,2
429208,2
695352,2
5493,2
164437,2
384066,3
255237,3
686923,2
483169,2
324927,2
130996,2
886498,2
335344,2
53770,2
547527,1
568389,2
58781,2
276362,2
799889,3
1019822,2
758570,1
679337,2
696505,2
181527,1
738806,3
337327,1
180286,2
742780,2
898668,3
86295,3
603750,3
116003,2
606928,2
471870,2
275621,2
589093,2
453203,2
983073,2
417533,2
763926,1
428789,2
538382,2
1004706,2
583769,3
866521,3
779458,3
117639,2
226397,3
864365,2
578474,1
771385,2
1036517,2
451558,2
919029,2
471013,2
77881,2
82477,2
190715,2
235500,2
268221,2
282795,2
357153,2
551124,3
718689,2
252854,3
870928,1
638793,3
917663,2
35597,1
839692,3
41959,2
902755,2
712983,2
453077,3
479202,2
599463,3
61427,2
707979,2
173731,2
578466,2
342659,2
673835,2
498523,3
725460,3
580743,3
215574,2
591330,2
1022548,2
477869,3
966807,3
982760,2
221772,2
697750,2
583781,2
850517,2
509205,3
77461,3
376739,3
831789,3
302979,1
532435,1
68158,2
887518,2
1001279,2
866302,3
514308,3
901732,3
617662,2
494610,2
467246,2
865756,2
773380,2
401470,2
912130,2
96245,3
425701,1
44519,2
696984,2
1041364,2
340104,2
86885,3
366594,2
365537,2
266647,2
115366,3
94054,2
816332,2
1052221,2
52911,2
790818,2
522948,2
454447,2
917465,2
188875,2
803264,2
291715,3
514059,3
421358,2
58324,2
762066,2
319648,2
558908,3
727681,3
45081,3
878141,2
482701,2
497150,2
387810,2
8050,2
772272,2
902643,2
656177,2
124334,2
222769,3
418279,2
371444,3
1025661,2
1042393,2
746262,2
939065,1
351501,2
778377,2
572944,3
1018036,3
944360,2
83024,2
1030438,3
526323,2
45962,2
9725,2
399507,3
488515,2
843186,2
681699,3
950753,1
223469,2
313901,3
909878,3
501688,2
87251,2
443195,3
341388,2
442404,2
683988,2
768099,2
663237,3
314975,2
859164,3
576173,2
275179,3
923663,2
832857,2
547935,2
363635,2
783162,2
353477,3
218720,3
725383,3
163153,3
31003,3
142313,2
715588,2
566016,3
893637,2
1046190,3
722458,3
297876,2
805376,3
921924,3
256791,2
484438,2
792952,2
759166,2
165527,3
538488,2
895563,3
393674,3
611972,2
827530,3
241756,2
469755,3
27426,2
628228,3
875183,2
794234,2
522845,2
813981,2
227190,3
997686,2
188177,1
470997,2
901049,3
710566,2
506392,2
309047,2
773540,2
69150,3
890854,2
942028,2
25402,2
655477,2
344821,3
119554,3
191459,2
75202,2
311850,2
152115,2
205168,3
326528,2
380592,2
676323,2
904038,2
473619,2
999417,3
853655,2
1010196,2
111641,2
696421,3
346993,2
322562,2
331764,2
490274,2
529979,2
978994,2
884575,3
621267,3
19126,2
167038,2
176726,2
240691,2
764079,2
903438,2
1023273,2
582957,2
603283,2
1043452,3
160856,2
654618,2
916572,2
652628,2
881661,2
427849,2
672206,3
838852,2
120883,2
580845,2
403720,2
1027898,2
385509,2
325214,2
885567,1
979312,2
716250,3
524556,2
283310,2
713693,3
357160,3
7798,1
585836,2
306118,2
909416,2
263031,2
189911,3
62916,2
290904,2
214358,2
785714,3
410854,2
720062,2
38496,2
300022,2
690157,2
252375,2
6920,3
648198,3
715247,2
56568,3
3033,2
290003,2
812474,2
437155,2
315834,2
321355,2
830326,3
932705,2
49551,2
385319,2
166262,2
435561,3
86227,2
164635,3
153043,1
735556,3
351564,2
1013530,2
995508,3
944,3
468603,2
755195,2
621613,2
825766,3
16241,2
879482,2
30079,2
10342,2
128478,2
186295,2
913324,2
786327,2
401416,2
445555,3
62640,2
236836,2
980810,2
650213,3
626074,2
185614,2
27179,2
91969,3
46365,2
1047095,3
704533,2
624612,3
854231,2
388237,3
583595,1
291214,3
856229,2
101406,2
710270,1
957894,2
562372,1
215828,2
271450,2
897620,3
849254,2
637244,2
453744,2
761821,3
603654,2
452260,2
150399,3
252577,2
618371,2
573111,3
398991,2
512409,2
257102,1
741270,1
116275,1
408888,3
754614,3
753968,2
528186,2
405412,2
331502,2
178874,2
26536,3
96513,2
212820,2
926337,1
368838,2
167250,3
309272,2
345841,2
709665,2
544076,2
813376,2
240978,2
1047933,3
445665,2
661392,2
618184,3
85669,3
790856,2
273211,3
765442,3
78481,2
258666,2
436381,1
775753,2
949638,2
1671,2
530357,1
428346,2
522886,2
497023,2
851781,2
812175,2
683994,2
21298,1
416375,2
187605,2
177806,2
5893,2
759573,2
871215,3
843938,2
94946,1
613662,3
360132,3
525249,3
791789,2
424146,2
255639,2
541078,2
439215,3
936974,2
900724,3
80956,3
756705,2
211351,2
676334,3
1013072,2
1020608,3
930332,2
227174,2
136293,2
298235,2
762690,2
389884,2
1021355,2
786273,2
776066,2
624759,3
168737,3
892257,3
180636,3
314763,2
868509,3
166017,2
721361,3
76425,2
93190,2
936184,3
746354,3
149656,2
363820,2
843251,3
494037,3
868380,2
938723,2
664770,2
1051324,2
441401,2
308630,2
21561,3
324631,3
137718,2
875853,3
398864,3
919611,2
763961,1
972175,2
73196,2
152996,1
670328,3
710275,2
344104,3
726240,2
905257,3
75810,2
1005090,2
191506,2
798571,3
434394,3
943440,2
479397,2
112754,3
878147,3
794153,3
984913,2
1018770,3
428850,2
445783,3
520582,3
150702,2
196982,2
716268,2
493590,2
49101,2
948935,1
704314,3
51620,2
853218,3
394417,2
637279,3
1019430,3
315760,2
931202,2
96955,3
371380,2
901002,2
741581,3
35124,2
482122,2
82461,2
831383,2
13699,3
908782,2
772428,2
725567,2
938801,2
891036,2
384384,2
94318,2
795029,2
966551,2
462875,2
496670,2
717955,2
818683,2
995716,2
1048001,1
696364,2
847256,2
748709,3
780807,3
957667,2
134510,2
24191,2
879207,2
1025430,2
735866,3
931712,3
280156,2
808906,2
716877,2
666901,3
666664,2
662783,3
1002799,1
569551,3
457484,3
684983,2
275433,3
624859,2
513166,2
457940,2
723029,2
234968,3
499628,2
625424,2
356271,3
472544,3
190533,3
987057,3
776322,2
881605,2
575858,3
72747,2
553616,3
700908,2
655145,2
434894,2
350326,2
378869,2
366135,2
232868,2
188182,2
746718,2
278071,2
894664,2
485593,2
64039,2
91587,3
362513,2
223086,2
309145,3
488177,2
289442,3
745624,2
377027,2
602176,2
202132,2
33584,3
782126,2
302817,3
792597,1
443281,2
450898,2
1012050,2
964376,2
957665,2
355791,2
682035,2
326422,3
790362,3
513688,2
791224,2
132870,2
494203,3
351937,2
677859,2
507108,3
335825,2
878032,3
773830,3
707270,2
150308,3
807255,3
802147,1
243422,2
308098,2
172901,2
562250,3
880222,2
323337,3
944513,2
582695,2
675122,2
857518,2
536621,3
725225,2
726895,3
282538,2
920797,3
446507,2
182491,2
735742,3
644343,3
980533,2
599327,3
710039,2
860363,2
247706,3
355824,2
298329,2
401831,2
920357,3
288775,1
822641,2
585438,2
442016,1
674956,2
738325,2
638700,1
940279,3
88764,2
4699,2
534124,2
484780,2
979082,2
703965,2
355737,2
502059,3
677408,2
54344,3
440128,2
285141,2
197326,3
255170,2
570471,2
557177,3
942236,2
790335,2
64289,2
766020,2
269123,2
179682,2
496617,3
808691,3
323911,2
356175,2
719210,2
951696,3
437835,1
241312,2
1051736,2
69281,2
598391,2
158841,2
868089,2
618915,3
1003157,1
256371,2
770584,2
865190,2
886257,2
537592,2
788132,2
781629,2
1020652,2
46344,2
520686,2
36942,1
528095,2
51725,3
1045770,2
525342,2
79623,3
315546,2
431044,3
801615,3
736665,2
183200,3
671605,3
749460,2
818567,3
82989,1
720740,2
712807,2
279526,3
283175,3
443735,2
617010,3
207415,2
565120,2
773512,2
551265,2
1012925,3
410271,3
81072,2
422032,2
551477,2
748717,2
498980,2
944466,2
322050,2
28383,2
418847,2
466025,3
1017369,2
541982,2
562703,3
179192,3
701287,3
838679,1
148182,2
822525,3
216651,2
379447,2
181249,3
413375,2
106122,2
149284,3
519415,2
558089,2
608184,3
413606,2
447179,2
1048149,3
264794,2
942545,3
369942,2
1025030,1
41779,2
10154,2
689301,2
236151,3
179160,2
409200,2
13904,2
79129,3
726132,2
411858,3
188067,2
405724,3
1019965,2
597436,2
224153,2
149506,3
92599,3
764863,2
205000,2
595477,3
960332,2
693792,3
233440,2
849072,3
837885,2
207122,2
346431,2
313911,2
272429,3
375257,2
762099,2
806909,2
889889,2
306197,2
1042610,3
378955,2
189667,2
163192,2
890605,3
392552,2
26470,1
547891,2
282143,3
223384,3
743439,2
587753,3
110821,3
420550,2
879778,2
985198,2
293130,2
110189,2
390941,3
113187,2
1008209,2
431558,1
566483,2
964844,3
212970,2
419677,1
66991,2
894096,2
684598,2
228630,2
365022,2
301464,2
357598,2
691870,2
989804,1
885503,2
140084,2
65960,3
234614,2
467990,3
907085,2
79702,2
1027490,3
612092,2
509257,3
587103,3
18904,3
638075,2
188653,2
906810,2
336671,2
484196,3
392514,2
27075,3
1028958,3
797975,2
1037557,3
1008002,2
516454,2
226674,3
785601,2
58528,3
73683,2
570370,2
954747,3
467796,3
977725,2
965177,2
366725,2
169751,2
845394,3
976130,2
686253,2
938041,3
308191,2
89311,3
631759,3
999876,2
149071,1
942309,2
1389,2
9241,2
879434,3
722321,3
705053,3
88519,2
1021484,2
922195,3
52168,2
993726,2
488469,3
257330,2
827533,2
432224,2
430913,3
654421,3
77979,2
995229,2
632559,1
893900,2
618464,2
569269,2
132376,2
1031999,1
224000,1
336822,2
593442,2
871581,2
291442,2
869954,3
17554,2
71210,2
849644,2
679257,2
616424,2
510062,2
393020,2
581622,3
309097,3
937720,2
315641,1
1000062,2
479481,3
870819,1
522215,2
195270,2
988728,2
991952,2
544829,3
826517,2
51127,3
770356,2
908107,3
735182,3
279836,2
652115,2
520611,2
214837,3
35921,3
263015,2
42324,2
351907,1
895459,2
236912,2
109641,2
145330,3
1002490,2
560797,2
345839,2
336356,3
678045,3
39239,2
559386,2
132690,2
246729,2
327478,3
957647,2
649855,3
629294,2
529915,2
558689,3
46282,2
674133,2
567706,1
660026,2
448112,2
443725,3
214028,3
48430,2
913555,3
401649,2
531033,1
630413,2
235443,2
1022543,1
1035918,2
372294,2
86369,3
406697,3
550239,3
521706,2
824751,1
659562,2
980401,2
1016666,1
570686,2
792058,2
435300,2
581789,2
725428,2
695745,2
242309,2
1030887,2
134768,2
56892,3
927956,2
935209,2
80993,2
1013679,2
806704,2
906224,2
708265,2
960873,2
454480,2
627399,2
943720,1
754740,3
509031,2
891549,3
403144,2
656549,3
483439,1
429648,2
268004,2
33192,2
561626,2
618057,2
59491,3
662595,2
725914,2
608175,3
131768,2
388076,2
875249,2
789106,2
551166,3
1050688,2
624989,3
370040,1
773615,3
190118,2
187870,2
860185,2
505667,2
807304,3
147381,2
800623,3
535932,2
286556,2
346609,2
559997,3
242289,2
230783,3
421022,2
928083,3
126030,2
810766,2
337051,2
47075,2
499607,2
742025,3
128944,1
646196,3
586038,2
597504,2
838953,2
244541,2
15854,2
104284,2
83012,3
649641,2
992073,1
418848,3
619594,2
687254,2
1015720,1
203570,2
173434,2
460796,2
191478,3
821416,3
829677,2
526868,3
537764,2
842728,1
572929,2
633111,1
860633,2
156448,2
803174,2
875701,3
812827,1
425206,2
937650,3
168279,3
766213,2
60095,3
789151,2
1041670,2
328871,2
342931,2
310434,1
683689,2
402846,3
635378,3
448519,2
887626,2
316059,2
119966,2
303792,3
901130,2
892018,3
1028914,2
954940,2
30954,1
1006037,3
880666,2
886377,2
826890,2
887860,2
666234,2
182730,2
680061,2
768232,3
594016,2
421482,2
732460,2
21518,2
650452,3
739274,3
666767,1
968023,2
582322,3
547416,2
1021817,3
609479,2
622340,2
938329,3
447146,1
845360,2
166289,1
50440,3
490516,3
957227,2
537867,2
362316,2
323057,3
456097,2
854473,2
491977,3
433095,3
499230,3
722200,3
187668,1
1034300,2
609963,3
1015867,3
500517,2
62173,2
956738,3
950793,2
1010938,2
49628,2
112364,3
52692,2
162973,3
689707,2
858299,3
766183,2
878224,2
302951,3
748918,3
286917,3
364986,2
536108,2
286,3
654685,2
902068,2
732551,2
319463,2
161852,3
96185,2
343205,2
784150,2
470121,2
80611,3
436110,2
790305,3
921885,2
251286,3
790557,2
257354,2
813097,2
487551,2
654963,2
45689,1
228957,3
166646,2
148278,3
738164,2
87674,2
903299,2
590425,2
275050,3
580682,2
353171,3
686625,2
9196,2
531449,1
178361,3
592445,2
765204,2
197124,3
490857,2
159425,2
434687,2
48067,3
413691,2
587936,2
966794,1
1044239,2
382206,2
690371,2
22714,3
970304,2
587133,2
188473,2
906504,2
669078,2
1017791,2
816644,2
108032,2
593699,2
843055,3
322000,2
259421,2
943166,3
673418,2
737016,2
176108,2
564157,2
315838,1
134835,2
530533,2
889106,3
853616,2
538305,3
724066,2
167780,3
777050,2
642932,3
961057,2
539192,2
714545,3
261039,2
173010,2
365872,3
446178,2
900685,2
887277,2
356280,2
283667,2
974929,2
421797,2
909955,2
624069,2
526965,1
150721,2
867450,2
57620,2
737018,1
147477,3
376531,2
912369,2
814671,3
849580,2
556608,2
88120,2
980946,2
116771,3
365133,2
798422,2
657839,2
285311,3
774851,3
904876,2
196872,2
665602,2
729799,2
21080,2
204480,1
907425,3
96597,2
108953,2
715246,1
740075,2
471121,3
64731,2
140454,3
65628,2
517094,3
409030,1
388808,2
801604,2
477362,2
65248,2
192671,2
321312,2
239174,2
284054,3
972780,2
230692,2
798031,3
1034925,3
113793,2
386629,2
248466,3
739658,2
425210,2
846341,2
975761,2
1000667,2
1024868,2
858651,2
857229,2
36112,2
520235,2
524546,2
21842,2
188776,1
430105,3
857821,2
283576,3
417841,2
901671,2
307401,3
796832,2
305069,2
445470,3
760629,3
988760,2
7366,2
190019,2
970842,2
519930,2
695075,2
223462,2
625489,2
527943,2
661987,2
744989,2
82897,3
232404,2
585401,2
931156,2
460998,2
731414,2
552879,2
265390,3
587657,2
118243,2
686459,3
359725,3
597124,2
347152,2
638076,2
968847,2
680969,2
290651,1
61375,2
994385,2
732521,1
326158,2
1012902,2
659324,3
579331,2
251023,2
526639,3
727498,2
774764,1
427210,2
636562,2
997218,2
241007,2
458958,2
580262,2
141768,3
600924,3
880217,2
948543,2
605264,3
870828,2
160568,2
576126,2
146773,3
1020374,2
521856,2
491877,2
284608,1
817020,2
891514,2
591439,2
874522,3
463811,1
795470,3
393456,3
246864,2
812988,2
249685,2
55906,2
1035979,2
725676,3
881231,2
961700,2
396616,3
376494,3
843408,2
190534,1
659484,1
912609,3
849079,2
385311,2
763699,2
537742,3
306587,2
624349,2
116393,3
72698,2
977109,3
567210,2
347651,3
368497,3
910282,3
587548,1
701732,2
833673,2
80943,3
265640,2
915086,3
24448,3
554867,2
733152,3
298035,1
903818,2
652753,2
1050458,2
580953,2
40753,3
940621,2
84334,2
304979,2
201942,2
704235,2
102514,1
750207,2
126660,2
249082,3
462116,3
964219,3
512625,3
256527,2
189963,2
835659,3
611841,3
536216,2
148725,2
914498,2
418727,2
286485,3
127038,3
510989,1
989271,2
365567,2
14156,3
121850,3
497123,2
380668,2
340544,3
722167,2
946530,3
613627,2
214401,2
926755,3
761044,2
120521,3
117866,2
462730,2
54810,2
813073,3
722047,2
141437,2
28816,3
327739,3
679384,2
448385,1
908784,2
581740,3
452355,2
23952,2
731908,3
74622,2
187576,2
832535,2
309210,2
65693,2
499722,2
798583,3
620179,2
915785,2
412359,1
865128,2
389447,2
505372,3
855569,2
544713,1
514091,3
461977,3
559236,2
869838,2
370608,2
934507,2
1032384,3
184004,2
169321,2
374845,2
798310,2
419989,1
916743,2
471981,2
570634,3
393152,2
652843,3
570696,2
682019,2
531378,2
5776,1
854501,2
62125,2
750903,2
189634,1
951105,2
151247,2
55819,2
475260,1
218559,2
590972,2
521777,2
407161,2
560864,3
435712,2
852215,2
2687,1
841585,3
161204,2
990493,3
573769,2
648394,2
743150,2
37637,2
41860,2
458414,2
88096,1
142233,2
974110,2
446755,2
321704,3
497646,2
61527,2
98730,2
1046896,2
609155,2
159452,2
467736,3
141467,2
514917,2
1014478,2
501006,2
633231,2
908145,3
545687,3
762179,2
682218,2
1004171,2
24883,2
61403,2
736481,2
204340,2
744021,3
647980,2
947975,2
1047679,2
839237,2
613447,2
1009293,2
795550,2
1006046,2
415317,2
666711,2
51400,3
653696,2
836277,2
148547,1
438669,2
976774,2
993016,2
783774,2
43497,3
114758,2
704045,2
916622,2
818342,1
237029,2
1003513,3
656184,3
275821,2
355798,2
250731,2
59949,2
58292,2
999569,2
970152,2
967006,2
641091,2
458398,2
580724,2
914585,2
218535,2
276729,2
968900,2
170373,3
570966,1
871170,2
725578,2
88375,2
399381,3
427248,3
1041830,1
581135,2
1021739,2
269808,2
612500,3
530929,3
913407,2
996362,3
375299,2
1018006,3
536086,2
881962,1
4773,1
37547,2
530480,2
461127,2
661326,2
702435,2
198967,1
89190,1
1039529,2
63697,2
1038378,2
820747,3
872949,2
497025,2
321843,2
157976,2
301770,2
51331,2
1006836,2
252108,2
815910,2
677405,2
752830,2
941906,2
920255,2
1007250,2
410665,2
390089,3
7746,1
218301,3
670401,2
633861,2
955983,2
250620,2
213645,3
432781,3
752181,3
557973,3
890523,2
45138,2
239134,3
334445,2
851621,2
505601,2
420596,2
344256,2
327685,2
737671,2
455370,2
642274,2
476859,3
967210,3
789537,2
412,3
123943,3
291216,2
973888,2
536928,2
216930,3
74798,3
1011972,2
1035616,2
81822,3
325305,2
613789,3
805934,2
1030002,2
883175,2
71296,2
834878,3
909574,3
793146,2
487320,1
658051,2
887900,3
871689,2
443909,2
185003,2
741880,2
730193,2
862444,2
523813,3
751949,1
946939,2
109986,2
747611,3
1020945,3
981977,2
669809,3
522256,2
79704,2
417981,1
23788,3
60947,2
82699,3
807325,2
812727,3
760783,2
285072,2
25151,2
757061,3
714139,3
448528,1
34413,2
414570,3
14856,2
592157,1
361777,2
680081,1
830510,3
138862,3
272367,3
15361,2
579551,1
456612,2
507272,2
323766,3
656424,3
336026,2
772120,2
647831,2
1030537,3
777868,1
699336,2
574553,2
911043,2
751271,2
53564,2
19250,1
281669,3
627318,1
127182,2
222847,2
99198,2
972448,2
817067,2
682521,2
535921,2
578789,2
479886,3
792402,2
276359,2
892326,3
714977,2
710374,2
99965,2
217974,2
692981,2
751711,2
175478,3
455167,2
686001,2
219676,2
233093,2
59540,2
523337,2
712083,2
613507,2
519477,2
258474,2
669756,2
833453,3
810896,2
392034,3
803210,2
409819,2
662796,2
418978,2
285855,2
488342,2
842690,2
968317,2
767529,2
334268,2
380203,3
538102,1
267217,2
163087,2
889036,2
279093,3
493299,2
468877,1
18278,2
655448,3
197533,2
186536,2
326576,2
653361,2
272370,1
242691,2
843177,3
436903,2
242775,3
330897,3
7735,2
244691,2
690651,2
1003744,2
182177,2
395122,3
442502,2
469456,1
548219,2
142968,2
423189,2
775589,1
592009,3
651497,2
853291,2
37391,2
331705,3
86278,3
742929,2
338490,2
14464,2
3848,2
845308,2
874755,2
72314,2
918173,2
799107,2
418845,2
250425,2
242578,2
322240,3
757838,2
456350,2
815442,2
217814,3
784090,3
808992,2
92874,3
534957,1
204490,2
708510,2
285575,2
59436,3
403584,3
316577,2
405082,3
158187,2
800601,1
157300,2
591877,2
10055,2
492539,2
679735,3
809822,2
574286,2
547996,3
240859,2
146615,1
558755,2
403166,2
359258,2
716595,2
602168,2
300952,2
361699,2
124123,2
734844,2
841567,2
61402,2
742409,2
962962,2
907273,3
1012259,2
507153,2
1048990,3
383697,2
717157,2
603219,3
811466,2
44741,2
958656,2
539408,2
395944,1
1024556,2
978353,3
997517,1
846324,1
271545,2
267272,2
849880,2
98169,1
29871,3
769711,3
333169,3
790363,2
951075,2
698791,2
16307,2
994494,2
996907,2
247922,3
559353,2
562809,2
173145,1
349878,2
377896,2
449930,2
810603,2
829269,2
301088,1
883255,3
121270,1
213508,3
940969,2
978929,2
358302,3
585631,3
681958,2
295844,2
684238,2
910126,2
1011248,2
924155,1
877741,2
572043,2
468473,2
744995,2
276294,3
405556,3
708637,2
249768,2
47082,2
654891,2
415828,3
488608,2
371480,2
238963,3
132072,2
832851,2
172987,2
328125,3
422457,2
124618,1
435507,2
444657,2
374813,3
367021,2
484875,2
327450,2
714919,2
1025608,2
446385,2
484512,2
144117,3
22825,2
518326,2
466078,3
302668,3
654093,3
737332,3
633060,2
221541,3
462845,2
615695,2
493844,2
509628,2
357450,3
933893,2
887098,3
878764,2
626526,2
209916,2
491654,2
642088,2
82674,2
1050839,2
307052,2
84965,3
448752,2
40273,2
296791,1
7151,3
840710,2
345482,2
526091,3
1033918,2
870538,2
830974,2
662400,2
95767,2
933061,2
544980,3
802231,2
867699,2
496307,2
782673,3
174417,2
142136,2
926060,2
47610,2
920095,2
831657,3
711951,2
651777,2
605283,2
90844,2
917041,2
7475,2
521060,3
367225,3
872160,2
791634,2
105819,2
874004,2
49326,2
793096,2
178093,2
275330,3
823650,3
494845,2
1023321,3
126447,3
138451,3
72523,3
500003,3
758323,2
326050,2
941005,2
760536,2
443663,2
1004248,3
903102,2
991966,2
448869,2
702914,2
876873,2
1033988,1
547734,2
1009186,2
223866,2
1043764,1
1016806,3
962547,2
1033248,1
449775,2
714106,2
53195,2
806054,2
173566,2
456528,3
256139,2
872603,3
936442,2
618402,3
495598,2
405664,2
328197,2
969922,2
212018,1
375238,2
336507,2
967935,3
36067,2
879789,2
442772,2
7498,2
974710,3
1029066,2
442841,3
576142,2
757157,3
553349,2
898902,3
356247,2
460291,2
374703,2
918513,3
682350,2
463688,2
143622,2
734086,2
898334,2
1026105,2
622758,2
215131,2
788368,3
265287,3
799798,3
660706,3
798247,1
387016,2
95112,2
735692,2
475604,3
749741,2
449177,2
10455,3
153466,2
993267,2
1041119,3
952526,2
688530,1
56038,3
384403,2
601295,3
522735,2
620570,2
668978,2
53395,2
359900,2
661652,2
380821,2
1044642,2
344553,2
94889,1
459220,3
793248,3
884202,2
754115,3
104430,2
464872,2
578123,2
672101,2
969147,2
166712,3
789808,2
510290,3
247840,2
741157,2
226406,3
859104,2
597197,2
935237,3
575527,2
103706,1
364340,2
808440,2
470519,3
211268,2
529731,2
97320,2
61432,3
767570,2
661156,2
107314,2
119445,2
832248,2
12973,2
492963,3
807956,2
940258,2
164019,2
254859,2
737963,3
570973,2
687915,2
268097,2
820525,2
67379,3
448285,3
331442,2
393506,1
495373,2
761503,2
223016,2
969629,2
642731,2
554527,2
868362,3
302091,2
662613,2
564318,3
844681,3
1003175,2
228918,2
11091,3
525418,2
414724,2
322272,2
959290,2
549643,2
1038531,2
61179,2
310062,2
553220,3
666912,2
906890,2
639163,2
293523,2
857702,3
1002495,1
185007,2
92671,2
449762,2
143191,2
762436,3
52152,2
531496,1
461441,2
813456,3
953102,3
889290,1
241657,2
625176,2
849136,2
1008990,3
419888,3
689068,2
609631,2
1031551,2
42853,2
938288,2
652673,2
53892,2
430250,1
539424,2
43962,3
886046,2
415431,2
781520,2
227020,2
381645,3
208386,2
958652,2
994069,2
308254,2
441918,2
74719,3
910630,2
809085,2
465361,2
381780,2
515840,2
547107,2
121122,1
24144,3
57321,3
617175,1
98700,2
941682,3
446886,2
507883,3
669784,3
843332,2
903534,2
589867,2
104270,3
690301,2
856256,2
212678,3
250091,3
638008,2
37890,2
148082,2
831223,2
333344,1
258004,2
1034435,2
947309,1
577200,2
7271,2
196666,2
751293,2
724740,1
638516,2
147127,2
511103,2
450586,2
6062,2
747443,2
140050,3
645349,3
657173,2
916949,2
329812,1
583347,3
656753,2
776888,2
827563,3
541272,2
916026,2
608660,2
190761,2
960087,3
396920,2
612521,2
709854,2
743363,3
817239,2
953659,2
278102,2
191260,2
922486,2
626792,2
593623,3
509891,1
972761,1
466342,2
95504,2
348893,2
155084,2
381005,3
948294,2
924618,2
743469,2
435512,3
945789,3
260787,2
638833,2
730549,2
402957,2
1052111,2
860229,2
984831,3
1021188,2
182825,2
759665,3
735110,3
953094,3
309475,2
510002,3
953965,2
1023402,1
295680,2
792471,2
91448,1
1033780,1
917420,3
273871,1
410123,3
301475,2
901028,1
565090,2
653551,3
595394,2
576486,2
720542,2
103538,2
30306,3
223943,3
2699,1
467925,2
910216,3
764669,1
222730,2
419881,2
884772,2
670856,2
219534,3
1002295,2
407056,3
343380,2
1050372,2
481991,2
899876,2
364576,2
470113,2
592032,2
910645,3
522204,2
144656,3
818987,2
273083,2
878253,1
546620,2
701510,2
621217,2
74337,2
251605,2
564075,2
352104,3
1009879,2
394250,3
1026613,2
730662,2
65156,2
431772,2
489868,3
74737,3
500706,3
62208,2
575421,2
339856,3
545648,2
388601,2
45656,2
944516,2
497846,3
1051896,2
757051,2
497227,2
62492,2
828952,2
934782,2
113618,2
799548,2
151731,2
486470,3
38522,3
780452,2
88852,1
409855,2
538387,2
1032245,2
298741,3
687660,2
1042907,2
70818,2
452716,2
81731,2
108560,2
291469,2
517808,2
815577,2
871574,2
128483,3
661671,3
233588,3
1040017,3
491467,3
874255,3
739994,2
262317,1
267399,2
165634,2
327069,3
941730,2
992777,3
585837,2
204498,3
257379,2
23473,2
13701,2
755593,2
723620,2
462340,3
397607,2
1008853,2
777294,2
95678,3
319427,2
817226,2
790741,3
446719,2
775819,3
21467,2
907876,2
629502,2
283261,2
899117,2
155217,3
410750,2
567328,2
756808,2
186460,2
1041818,2
622680,2
270027,1
1047782,3
486406,3
902738,3
105696,3
197860,1
63844,2
671586,3
718765,2
690055,2
733899,2
579118,3
588551,2
817465,2
462852,2
421966,2
898441,2
481643,2
1034349,3
1027604,2
369432,2
551126,2
84563,3
652469,2
844383,2
360632,3
218807,2
305116,2
210709,3
175908,2
203359,2
785260,3
767370,1
164731,2
414089,2
482555,3
244501,2
196387,3
150072,2
154019,1
663888,2
883009,2
519685,2
330333,2
466629,2
389664,3
156855,2
86150,2
194278,2
173807,2
374201,2
125062,3
691238,2
404278,2
861928,2
998544,2
243922,3
22789,2
178013,3
129605,3
507623,2
354424,2
645960,2
305362,2
688424,3
1001001,2
380779,2
947340,2
166163,2
156337,2
421818,2
303660,3
324395,2
197105,2
619493,3
22830,3
327278,2
54802,3
837273,2
57140,3
229777,3
679648,2
510791,2
1037608,3
598216,2
1023722,2
442632,2
921468,3
452839,2
1046672,2
487457,2
793071,2
657575,2
283418,2
874218,2
124551,2
380694,2
403832,3
562143,2
975944,3
363285,3
933514,1
97201,2
808733,2
913312,2
825199,3
725831,3
149517,2
137978,3
134232,2
870135,1
269409,2
689309,1
190420,2
31843,2
472119,2
47722,2
204094,3
804506,3
1015128,1
1017038,2
260971,2
854357,2
147847,2
491049,2
259297,2
649515,1
303207,2
144737,2
145105,2
891388,3
814486,3
975091,2
491387,3
933922,3
395473,3
237636,2
228796,2
696886,2
142745,3
145898,3
1009359,3
703207,3
358584,1
155408,2
613517,2
523653,3
461856,2
976752,2
910912,2
671153,2
421548,3
932902,3
578697,2
762833,1
553513,1
418715,2
566221,2
390663,3
806371,2
540100,2
197324,3
536755,2
799834,3
903747,2
803046,1
89987,1
883898,2
971275,2
95593,2
296797,2
108488,3
157293,3
245313,1
698821,2
950847,2
893476,3
402480,3
353222,3
460807,2
892232,2
925697,2
849952,2
92073,2
411532,2
277973,1
893049,2
132103,2
412094,2
852362,2
344178,2
851175,2
191532,2
488772,3
877282,3
987448,2
574412,3
262465,2
737685,2
75278,2
213996,3
557452,2
890453,3
722643,2
943542,3
442066,3
663373,2
440941,3
984899,2
684076,2
611904,2
677012,2
409498,2
442582,2
36785,2
875913,2
36082,2
714753,2
89126,2
234822,2
310713,2
249009,2
809397,2
64881,2
343343,2
82081,2
889315,2
225814,2
17069,2
474375,2
197723,3
460460,2
747038,2
517147,2
101988,3
731263,2
964899,1
427991,3
187322,2
80517,2
89351,1
868681,3
190643,3
763680,2
866152,3
656437,2
672814,2
637722,2
739080,2
549562,2
269017,2
621602,3
634639,2
163078,2
740171,2
872468,3
775294,2
481368,3
837234,2
249003,2
474327,2
969648,3
558613,2
283529,2
392758,3
735952,2
889615,3
644875,2
193410,2
994184,2
966270,3
824304,3
25238,2
1038674,3
340753,2
901051,2
443398,3
118967,2
447856,2
69376,2
665539,3
546235,3
363630,2
321502,2
742290,2
391934,2
985244,2
904246,2
366973,3
196079,3
534764,3
158596,2
564550,3
941831,3
667622,2
275902,2
133847,2
921429,3
978704,2
305819,2
222855,3
707346,3
404626,2
533714,3
536247,2
866650,2
257889,1
355634,2
909010,2
237100,3
475208,3
120126,2
805833,3
1006078,2
466586,3
978352,1
642409,3
244786,2
234268,2
389543,2
415790,2
532965,3
710983,2
926891,2
401105,2
746308,2
1016046,2
217903,3
158999,2
2430,3
545799,2
653795,2
586521,2
883272,2
1031560,2
412562,3
325209,3
11265,1
930771,2
948583,3
436768,2
478922,2
371587,2
773337,2
375871,2
615749,2
1003692,2
951324,3
332946,2
900797,3
130323,3
765509,1
32030,2
952607,2
359849,2
863197,2
720558,2
520059,2
639412,2
1000161,2
233164,2
394169,3
363917,2
757692,2
539394,3
881809,2
10173,2
583400,2
17810,3
867424,2
424532,2
604291,2
842590,2
308987,2
19998,2
196130,2
544590,3
631749,2
167127,2
576695,3
587581,1
117769,2
364078,2
399966,2
757380,2
727034,2
197818,3
867274,2
407119,2
831874,3
925303,2
14456,3
437077,3
122733,3
824280,1
959733,3
619382,3
340313,2
344942,3
685524,1
959665,2
610307,2
127644,3
813367,2
932678,2
85881,3
663036,2
764772,3
128967,2
1005381,2
979817,2
435754,2
35817,2
18545,2
760615,2
881213,3
433671,2
430498,2
246739,2
199049,2
1000309,1
327635,3
813702,2
2843,2
98056,2
794522,2
527816,2
856527,3
724194,3
734934,2
283427,3
911714,2
797366,2
287010,3
809984,2
397289,2
1033199,2
463355,2
426673,2
304353,3
980206,2
106544,2
417499,3
456786,3
746694,3
619986,2
774667,2
305322,2
457041,3
263564,1
545110,2
671468,2
110422,2
292101,3
349177,2
767166,1
599674,2
1048456,2
582245,2
1047762,2
1008912,2
357719,3
864900,2
919367,2
590324,3
926453,2
702330,2
162307,2
880009,2
541510,3
1038734,2
75726,2
235997,2
22527,2
473309,2
206698,3
60717,2
640628,3
42952,2
974954,2
267626,2
723404,2
665277,2
591009,2
799621,2
367632,2
153106,2
603069,2
685402,2
116963,2
740558,2
883186,3
409481,2
235980,3
357921,2
122850,3
870130,3
132202,3
332228,2
1048026,2
984554,2
579782,2
602187,2
859242,2
488414,2
913964,2
177318,2
665794,3
102297,2
1019987,2
90010,3
166593,2
298638,3
173763,2
6173,2
585241,2
396919,2
592864,1
389877,3
830277,2
147544,2
250381,2
912908,2
145077,1
157991,1
189888,2
884026,3
694675,2
534639,2
359804,3
642,2
150266,2
339504,2
628274,2
938792,2
209659,3
959076,2
454576,2
440856,2
176394,1
415760,3
675776,2
800880,2
546528,2
602976,3
703453,2
678979,2
120263,2
461242,2
368891,2
351274,3
561096,2
583494,2
845152,3
628862,2
176510,1
96480,3
429621,2
246250,2
362438,2
463854,2
80689,2
746047,2
731260,2
413343,2
48163,3
663200,2
730175,2
234210,1
864862,3
410703,3
100926,2
622885,2
878613,1
651033,2
676245,3
370225,2
1017594,1
736642,3
334372,2
365542,2
632927,2
898591,2
119646,1
750056,2
831047,2
638188,2
639960,2
20973,2
722717,3
948218,2
407102,2
844961,3
1002618,2
443967,3
997459,2
600262,3
414084,2
954929,2
564734,2
116947,1
42880,3
89390,3
80801,3
521893,3
75902,2
578861,3
586585,2
113601,3
84665,2
618580,2
187749,2
383857,2
524881,2
1007008,2
305669,2
290743,2
420700,2
730200,3
236627,3
844504,2
119549,3
692266,2
424664,3
770441,3
178097,2
637137,2
997013,2
126578,2
149074,2
130617,2
935652,3
153961,2
829209,3
499672,2
335139,2
15276,2
372681,2
396666,3
263954,2
896790,2
457585,2
497393,2
1047781,2
132241,2
954306,2
381746,2
375563,3
274314,2
475961,2
899485,1
580110,2
256840,2
878473,3
146729,2
767414,2
112025,1
118452,2
355499,1
15087,2
754507,3
7525,2
7881,2
784872,2
539531,3
267656,2
254442,2
417867,2
748783,2
385634,1
699991,3
64797,1
569247,2
1027900,2
26821,1
219823,3
275786,3
584705,2
926803,2
598248,2
65292,2
288064,3
942336,2
180562,2
343538,3
453690,2
442633,1
957808,3
683753,3
1007536,2
1043532,3
509035,2
336691,2
106141,2
724470,3
696938,2
227658,2
1029256,2
698725,2
333107,2
14632,3
1029679,3
400784,3
455655,2
300828,3
876070,2
820759,2
127361,2
396128,2
759501,2
269209,3
680410,2
788944,2
55283,1
753696,2
1004692,2
450365,2
585691,3
937718,3
763787,3
800675,2
307161,3
893757,3
1037474,2
182605,2
845890,2
72538,2
896086,2
585842,2
344926,1
1015008,3
480490,2
953801,2
359921,2
726937,3
115403,2
473764,3
339334,2
955868,3
458560,3
66837,2
34319,3
1002519,2
419818,2
787196,2
427303,3
606420,1
513909,2
443493,2
770185,2
765265,2
666670,2
77892,2
362002,2
795753,2
98957,2
953617,2
347253,2
851604,3
900450,3
1042087,2
214901,3
962474,2
1037429,3
777564,3
603007,2
228016,2
856863,3
729153,2
396693,3
374958,3
541571,2
736732,3
332076,3
297119,2
106998,1
617074,3
157458,2
333478,2
185004,2
368879,2
244138,2
727147,2
82277,3
196134,3
531717,2
530971,2
666957,2
583729,2
1008370,2
635150,2
123627,2
51643,2
17483,3
363397,3
80608,2
499461,3
155429,3
726120,2
934841,2
687435,2
516701,2
896425,2
523884,3
239306,2
133404,3
276220,2
873866,2
162902,2
803364,2
389071,2
418789,3
243791,2
911021,2
92095,2
64066,3
102941,2
1006371,2
911121,1
1014270,2
936835,3
206111,2
418022,2
296781,3
331756,1
972273,2
53930,3
784670,3
733243,2
137189,2
762044,1
323728,2
765209,2
379589,3
586982,2
509595,3
358985,2
824468,3
339181,2
568796,2
394236,2
439271,2
872091,3
115008,3
880634,2
826469,2
411206,2
489881,2
7535,2
615715,2
844605,3
6538,3
108773,2
221838,3
171380,3
605940,2
260530,2
842128,3
1004196,3
446013,1
709053,3
106565,3
325222,2
942744,3
528380,2
668186,3
828084,2
218062,2
476396,2
1508,2
398587,2
874384,2
17953,2
774450,2
1162,3
982171,3
816409,2
1005888,2
452565,2
495960,2
456729,1
428291,2
579072,2
456216,2
735455,2
947325,2
734296,2
43147,3
946124,2
221535,3
244885,2
427714,2
587198,3
588522,2
133764,3
508832,2
86041,2
190971,2
34884,3
962943,2
129707,2
787996,3
6039,2
522058,2
313214,3
192074,2
1043736,2
493477,3
945921,1
660475,2
808569,2
304539,2
239700,3
900127,2
281040,2
43984,2
425274,2
1034785,2
864924,2
462427,2
940497,2
788631,3
881401,2
217109,2
870017,2
928497,1
629140,2
911637,1
503406,2
407989,2
368014,3
44514,2
805475,2
62939,2
770226,1
776123,2
398712,2
276666,2
105036,1
450452,2
364281,2
338408,2
504536,2
386341,2
210019,2
350388,2
560824,2
62943,3
259378,2
238659,2
31704,2
1006524,2
470465,3
1038618,2
715347,2
1012369,1
572993,2
988314,2
12279,3
203897,2
207240,2
779422,1
273260,2
36738,2
348866,2
705680,2
148744,2
371542,2
985293,2
1025755,3
921112,2
390790,2
351725,2
615605,2
1001687,2
493182,3
617421,2
671754,2
650492,3
184172,1
169800,3
28366,1
248886,2
77054,3
272528,3
564056,2
750358,3
255263,3
62510,2
609022,2
444986,3
791404,2
82899,2
76076,2
819165,3
783317,1
408466,3
398398,2
1038597,2
916401,2
395556,3
643637,3
147298,3
821053,2
659954,2
331924,3
462786,2
404028,3
635120,2
517113,2
28531,2
385980,3
157739,2
35661,3
280778,1
695550,2
477401,3
97427,1
494197,2
914063,2
974795,2
582493,3
92845,3
932338,2
180129,2
549617,2
585642,2
681601,2
237834,1
539429,2
809806,2
1025121,2
763164,2
775974,2
155651,3
91923,2
239323,3
41638,2
864063,3
618539,3
239428,2
269874,2
644577,2
573040,2
488699,2
673517,3
771196,2
731492,2
498231,2
71553,2
440727,2
912884,3
759534,2
178053,3
936959,3
774239,3
737443,2
209140,3
377595,2
236317,3
770235,2
711722,1
743792,1
294923,2
898458,2
266586,3
73279,2
629881,2
553951,2
207988,2
868684,2
948501,2
982027,2
499879,2
739253,2
617550,3
446099,2
723316,2
529345,2
844559,3
548488,2
650009,2
628809,2
507823,3
452954,2
917764,3
426205,2
340486,3
191782,3
345416,3
712332,3
684424,3
620449,2
841729,2
830556,3
171406,2
858040,2
120587,2
173001,2
985786,2
681841,2
309768,3
911746,3
724874,2
365112,3
192808,3
502646,3
577768,2
257701,2
479674,2
626847,2
30708,2
380523,3
203735,2
229013,2
101122,3
764453,2
535797,2
824129,1
382197,2
939488,3
409259,2
412123,2
361373,1
404851,2
526800,2
926467,2
97658,2
575072,1
1003789,3
628037,2
943555,2
660028,2
597022,2
584464,3
848784,2
588648,2
541490,2
235090,2
253796,2
478756,2
367745,2
194901,2
34932,2
586899,2
425217,1
304834,2
570231,2
805288,2
639103,2
296188,2
764422,3
33862,2
688287,2
467754,3
176039,3
163500,3
344195,2
790738,2
906309,1
458081,2
424360,2
220149,2
60538,3
774143,3
432140,3
125279,2
522071,2
1039370,2
734833,3
775303,2
20559,2
410082,2
811456,2
555707,2
984004,2
400318,2
301994,2
180000,2
113164,2
589521,2
643220,2
573380,3
366709,3
9362,2
835795,3
739535,2
348992,2
998331,2
639635,2
672077,2
687089,1
221833,2
830092,2
1035663,2
49155,2
767175,3
35884,2
830449,2
819677,3
635704,3
200190,2
137091,3
328186,2
144851,3
151850,3
461828,2
717790,3
998792,2
618795,2
992609,3
464257,2
680493,2
21034,2
898375,3
396306,2
775558,3
927941,3
925653,3
368913,2
207985,2
998919,2
10240,2
736633,3
144845,3
697760,2
180365,2
818660,2
438959,2
589055,3
251660,2
148434,2
359658,2
721766,3
110859,3
869442,3
428837,2
901843,3
1016228,1
932657,2
91259,2
81680,3
330482,2
642967,3
210145,3
172959,2
136612,2
305063,2
468545,2
396029,2
451982,2
287480,2
933731,3
513,1
291631,2
200869,2
246854,2
881220,2
2903,3
674915,2
697257,3
855866,3
81544,1
320585,2
174545,2
12182,2
549277,2
903710,2
809235,3
872458,2
295561,2
750516,2
671745,2
535488,2
707903,2
932559,2
761683,2
487283,2
1019154,2
987531,2
470728,3
966070,2
742815,2
747412,3
643951,3
8541,3
234430,3
196680,2
177005,3
1010931,1
457322,2
566953,1
517099,2
261896,2
458429,2
428616,3
329823,2
481109,3
372850,2
456121,2
930914,2
508665,2
214726,2
726613,3
55105,2
299038,2
501624,2
16582,2
824498,2
486037,3
992587,2
32356,1
517265,2
435201,2
732625,3
251807,3
578118,3
304726,2
776082,2
819510,2
172685,2
92415,2
711042,2
117923,2
449913,3
297407,2
420997,2
889579,3
907674,2
526728,2
446392,2
447958,2
436397,2
112713,2
158564,3
1024230,3
539260,3
760715,2
994355,2
386184,3
968346,3
482375,3
434708,2
93319,3
205976,2
384798,2
234786,2
27983,1
1052123,2
184228,2
75498,3
180724,3
186402,1
632705,3
165205,2
277482,3
999605,3
559085,3
535015,2
776591,2
978093,2
327113,2
344520,2
253322,2
634851,2
516563,3
663122,2
369117,2
648397,3
141002,3
961138,2
615585,3
989192,2
688667,3
505936,2
890901,2
416415,2
575986,3
72483,2
860259,2
724774,2
1018382,2
122141,3
607000,2
387256,2
484066,2
917614,3
725746,2
458775,2
335920,3
74234,3
18328,1
485496,2
844838,2
604677,3
345377,3
279493,2
277444,2
32811,2
47319,2
90861,2
846184,3
209658,3
883576,2
1027621,3
49966,2
18487,2
611541,3
738068,2
840753,2
939572,2
545505,1
492270,2
1029373,3
466896,2
491575,2
918693,2
806174,2
791961,2
434754,2
915332,3
954825,3
269085,2
777402,2
987744,2
837598,2
817261,2
475424,2
601550,3
475169,2
274206,3
621656,2
1016115,3
247156,3
499896,1
43100,2
62322,2
1029039,2
1012663,2
861067,3
14603,2
227914,3
839008,2
427147,2
734625,3
321730,2
705238,2
737032,3
684402,2
620875,2
414628,2
386584,2
962155,3
373013,2
551595,2
992761,2
942852,2
559748,2
540768,2
471544,2
510314,3
468014,2
596670,2
225836,2
461154,2
336825,2
259230,2
577878,3
122657,2
852202,3
900448,1
270029,2
195865,3
769172,2
296825,2
882444,2
770452,2
693406,2
817406,3
948962,2
850877,2
370273,2
479196,2
96653,1
300635,2
51423,3
602226,2
340454,3
593475,2
316316,2
738527,3
104987,2
990496,2
810150,2
430107,2
759738,2
824270,3
924386,2
782908,3
588858,3
324745,3
145425,2
325995,2
673898,2
876300,2
690767,3
246111,2
775311,2
105431,2
817990,2
305524,2
351122,2
290550,2
991051,2
438851,3
923731,2
270937,2
523360,2
723911,2
86043,2
1021072,3
252182,2
96943,2
906063,2
648960,3
856695,2
746550,3
983592,2
831396,2
842922,2
492472,2
473595,2
391656,2
102161,3
164475,2
1008916,2
170723,2
572067,2
63957,2
993143,2
903518,3
11013,3
422120,1
925050,2
161812,3
368163,2
579474,2
622748,2
588343,2
709275,2
686767,2
191290,2
551745,2
125402,2
466428,1
573156,2
834453,2
589601,3
459972,1
71445,2
68813,1
154549,2
215567,2
936755,2
801709,2
25588,3
970462,2
1014762,2
247357,1
314151,2
487380,2
885211,2
335972,2
123827,3
14150,1
739514,2
260163,2
785313,2
618895,3
692784,2
1049260,2
690419,2
275337,2
972779,2
396941,2
30749,3
863130,2
689796,2
242288,3
878896,2
456564,2
284353,2
438159,2
198488,2
363058,2
191672,2
161982,2
761896,2
284493,3
915781,2
227812,1
501215,3
112900,1
252930,2
828849,2
497193,2
549444,2
80321,2
697915,2
919171,3
424427,2
27837,2
330207,2
46564,3
664505,2
1007688,2
159,2
328087,2
988405,3
575719,2
933022,2
566578,2
333983,1
49820,3
321122,3
18875,3
55314,3
968350,1
867569,2
348744,2
434927,3
980599,2
531519,3
675363,2
301454,2
802351,2
669352,2
372582,2
843898,1
169313,3
298961,3
530516,2
144291,3
61724,3
681952,2
173780,2
891820,2
987185,2
609915,2
427185,2
671433,3
557006,2
213299,3
940307,2
615036,1
249057,2
825284,3
120381,2
881435,1
967074,2
392592,2
557895,3
806547,2
776203,2
717553,2
797876,2
243682,2
489240,3
883741,1
1004750,2
217245,2
1008831,2
307337,2
907245,1
327901,2
119348,3
675632,2
281518,2
29276,2
393058,2
204064,2
561218,2
625665,2
25727,3
379248,3
387746,2
172239,3
802421,2
247560,2
96256,3
234348,2
686038,2
781162,3
727184,2
848455,2
261122,1
968774,3
1029907,2
158015,2
732895,3
112793,2
204600,1
681262,2
1046045,3
312120,3
601482,2
464338,3
75307,2
81784,2
314629,3
503183,2
68578,2
829591,2
147600,2
343599,3
674566,2
773261,1
101570,2
660021,2
1028549,2
703629,2
720634,2
73324,2
651408,2
89595,2
984556,2
676340,3
204174,2
778707,2
311330,2
892125,3
126489,2
895074,2
893238,3
170761,2
758526,2
924259,2
951615,3
865139,3
264426,2
741233,3
978086,2
788528,2
21708,2
173390,2
164968,1
63022,2
920345,1
53764,2
364299,3
68121,3
995063,2
732910,2
474775,2
958218,2
74186,2
169026,2
530873,2
569633,3
425924,2
894558,3
904051,2
123137,2
696197,3
365893,2
589846,1
208511,2
34157,3
125663,2
210471,2
965428,2
995533,2
581452,1
968570,3
963103,3
571193,2
736870,2
941957,2
865523,2
821781,2
1008562,3
137290,2
392926,2
363457,2
738489,2
247182,2
1043905,2
507912,2
358973,2
736255,2
579433,2
305777,3
791967,2
609340,3
36704,2
1033152,2
742153,2
845460,3
136286,3
1006633,2
793313,3
456691,2
709858,3
819891,2
825321,2
722832,2
483029,2
378554,2
147235,2
293266,3
547715,3
687265,3
133454,2
582005,2
250311,3
99264,2
463605,3
845857,2
299622,2
496415,3
805809,2
553108,2
665445,2
1006364,2
86270,2
21578,2
97934,3
52585,2
551622,3
338698,2
853964,1
259310,3
305064,2
770565,3
596607,2
1004931,2
920159,2
272814,2
288597,1
35356,2
718744,2
826948,3
645658,2
366281,2
884213,2
192096,3
749441,1
132178,2
657511,2
633521,2
725785,2
327939,3
880684,2
459226,2
391912,2
125071,2
139452,2
812101,2
222763,2
238619,2
386618,2
864267,2
542121,2
430321,1
911391,3
109668,2
13339,2
637296,2
960128,2
667460,2
495817,2
865010,2
522577,2
645073,3
361587,2
894727,2
1016987,2
88632,3
500021,2
58770,3
387928,2
739348,2
616930,2
50240,2
777,3
795397,2
4572,2
432796,2
231648,2
164401,3
496957,3
201306,2
881215,3
929729,2
479935,2
220864,2
528209,3
903459,2
454199,2
788600,2
508649,2
960931,2
1033479,2
17712,2
319957,2
1019967,2
332259,2
753257,2
756105,3
559586,3
1037302,2
696024,2
6369,2
543576,2
993532,3
371517,2
388788,2
320127,2
656599,2
186492,2
469913,3
167565,3
344248,2
489464,1
149819,3
728158,1
24502,2
391360,2
555766,2
646823,1
726385,2
922031,3
919200,2
991280,2
931315,3
181913,2
488527,1
922573,1
29982,2
416109,2
57229,2
19495,2
693997,3
227577,2
893706,3
735421,3
797556,2
418327,3
462389,2
181802,2
738540,2
1049537,2
619578,2
619754,2
563305,3
647549,2
455242,2
192068,3
126639,2
140116,2
12148,2
329912,3
231066,2
799092,2
636910,2
1008624,2
748530,3
901968,2
1045197,2
739341,3
208102,3
442565,2
101908,1
1008371,2
238618,1
608614,2
762484,3
1025092,2
193898,2
622947,2
467633,3
511388,2
891800,3
78881,2
217977,3
897099,2
262504,1
999063,2
144241,2
515552,2
518732,2
103317,2
714807,2
727567,1
585678,2
946937,2
316858,2
870818,2
328490,2
770996,1
739571,2
70704,3
372153,2
59931,3
694342,3
471488,3
909492,2
694537,3
519835,2
793729,3
321415,2
413168,3
829104,3
908138,2
992548,2
56910,2
455760,3
520223,2
598246,2
405547,3
555204,2
793080,2
976420,2
365986,2
676885,2
35112,2
81245,3
680015,2
379675,2
212543,2
245868,3
483058,3
979714,3
477708,2
1047205,3
200848,2
380925,2
416769,2
27617,2
552845,2
163159,2
634329,3
730525,2
114528,2
62178,3
572881,2
1027144,2
769886,2
981249,3
379558,2
321326,2
660505,2
446344,2
329408,2
881133,3
133432,3
1015182,2
463897,2
599585,1
325032,2
736354,3
131404,1
266930,2
114105,2
582165,3
207582,2
735415,3
469010,3
261818,2
511505,2
235485,2
930282,1
427529,3
39399,2
681009,1
979966,2
1034563,2
784099,3
94995,2
384411,2
445503,2
777611,2
550946,2
716214,2
299148,2
498175,2
155483,1
125366,2
218985,2
632067,2
386602,2
100593,3
573812,3
372760,2
739084,2
737824,2
799157,2
869545,2
998271,2
547618,2
108240,2
924012,3
971732,1
188400,1
579766,2
962411,2
533305,2
8524,2
877586,2
484193,2
1019311,2
597375,2
604787,3
640546,2
678678,2
948540,2
529719,2
439845,2
407558,2
516138,2
855424,2
717830,2
910050,2
825839,2
781941,3
324644,2
49213,3
246437,2
299571,2
922645,3
604679,2
918494,2
92429,2
1042683,2
107550,2
713533,2
588971,2
912564,3
1013870,3
367653,1
450179,2
877235,3
907726,3
292553,2
991460,2
38485,2
211208,2
563986,1
165640,2
914543,2
30221,3
599267,3
901291,2
416020,3
998256,1
553743,3
285876,1
1010781,2
919035,2
678730,3
958152,2
626765,2
932060,2
71612,2
216109,2
240113,2
408021,3
605885,2
870899,2
200959,2
175998,2
493071,2
1011733,2
801702,2
88276,2
451257,2
455594,2
729700,2
579297,2
715760,3
540365,2
540098,3
960995,3
962672,3
694139,2
53779,2
208849,1
924723,2
152811,2
672387,3
562481,3
274138,3
525597,2
1037739,3
330322,2
660293,1
666432,2
14035,2
647315,2
591437,2
715333,2
200169,3
407880,2
103890,2
328589,2
454826,2
793494,2
959140,2
236543,2
773518,2
819290,2
72905,3
529127,2
953068,2
420465,1
136307,3
679835,3
787465,2
173206,1
216217,2
753700,2
228954,3
131950,2
713503,2
580400,2
737964,2
241952,2
707817,2
46989,2
456433,1
489685,2
109451,2
483166,2
351415,2
1012965,2
285419,1
594553,2
87162,2
126652,2
299255,2
541164,1
963081,3
616698,2
565211,2
71381,2
921178,2
47199,3
351272,2
365018,3
640327,2
361722,3
550555,2
237396,3
194560,2
311135,2
298754,3
877030,3
325393,2
36812,2
370777,2
668628,3
41884,2
43223,2
624630,2
128535,3
501382,2
978671,2
775180,2
819116,2
443188,3
807728,3
697077,3
310066,2
980761,2
727621,2
772074,2
795185,2
78545,2
664822,3
667787,2
634354,2
959956,2
427273,2
888736,3
899856,2
189330,3
3645,3
475549,1
887877,2
214977,3
304710,2
560339,2
863577,3
888652,2
406490,2
322425,2
605300,2
934687,2
427006,3
881721,3
130701,2
937213,3
262218,2
694381,2
553212,3
296923,2
498259,3
346499,3
925865,3
527002,3
405574,3
551381,2
336827,3
1046103,2
2032,2
421838,3
565725,1
816093,2
757161,2
448234,3
1012735,2
767711,2
696915,2
287233,2
1013054,2
609879,2
927138,2
432117,2
997701,2
68361,2
497091,3
234144,2
557887,2
93305,1
649707,2
751554,2
511873,2
634512,3
938480,2
802206,2
471611,2
631510,3
855070,1
673423,1
567339,2
61166,2
380744,2
503262,1
941820,2
382976,2
493693,2
922265,3
880982,2
314941,2
697924,2
422322,1
95676,2
274840,2
244762,3
306723,2
601995,3
360205,2
668730,2
333535,2
884279,3
484549,2
149639,2
376014,1
95801,3
92888,2
224959,3
24557,3
318944,2
736499,3
401998,3
1031317,2
678695,2
67482,2
472422,3
83003,1
174537,2
670316,2
839967,2
74566,2
990492,2
502827,2
981822,2
296153,2
884183,3
723702,2
30109,3
979189,2
244002,2
655462,2
1035018,2
90528,3
897661,1
60772,2
377330,3
810964,3
616294,2
584224,2
384156,2
74248,2
749533,3
84160,2
349000,2
699880,2
686486,1
247160,1
20480,2
727242,2
751246,2
826460,2
1032375,2
573567,2
922337,2
985109,2
1011895,2
854741,3
860387,2
242725,2
824151,2
463395,2
1032455,2
318546,1
74515,2
694235,3
750024,3
5437,2
8665,2
163998,2
858210,2
812821,2
687983,2
242076,2
834101,2
744303,3
480831,2
300727,3
570807,3
189035,2
520416,2
791890,3
448165,1
509888,3
872999,3
515452,2
65956,1
156723,2
650482,3
487423,2
800901,1
670002,3
718721,3
462985,2
829022,2
640827,2
47057,2
677387,2
510770,2
196648,2
205600,2
865377,2
243420,1
77066,3
217025,2
568747,2
772574,3
586250,3
368215,2
154916,3
1023713,2
248211,2
904019,2
279196,2
277992,3
508566,2
601179,2
145393,2
560132,2
584437,2
1052097,2
159816,2
505481,2
448267,3
708521,2
65792,3
203381,2
233709,1
960458,3
1051094,3
657630,2
437503,3
475233,2
258097,2
355760,3
728249,3
808052,3
977561,2
826663,3
904221,2
455952,2
528553,2
283889,3
918153,3
468721,3
347261,3
416146,3
663368,2
337977,2
149051,3
173868,1
269544,2
412228,3
443865,1
177381,2
887306,2
346674,2
218883,3
917587,3
538090,2
92063,2
144135,3
534412,2
1004287,2
967583,2
304204,3
398379,2
398329,2
722826,3
601756,2
975498,2
1013736,2
804045,2
638602,2
344121,3
540710,2
454320,2
377146,2
961689,3
899001,2
153947,3
792236,3
657084,2
847109,2
273171,2
482045,2
843588,2
527445,2
893100,3
802150,2
15130,2
600137,1
930060,3
534522,3
34745,3
880135,2
746439,2
69590,3
156846,2
869803,3
461305,2
615940,2
656070,2
535213,2
886316,3
496259,2
728434,3
982753,2
315090,2
642735,2
775014,3
760143,2
73440,2
392933,2
692674,3
174620,3
355401,3
770756,2
83673,3
1028367,2
104630,2
417409,3
206341,3
469852,2
1021274,3
689811,3
50894,3
418721,2
540086,3
695800,2
961166,2
257250,2
842707,1
406349,2
313305,3
798834,1
971777,2
145342,3
693571,2
805639,2
859127,2
66130,2
962862,3
550319,3
86549,2
969351,2
661504,3
688989,2
201295,2
711512,3
518311,2
323546,2
194553,2
144250,2
808305,2
258382,2
4797,3
318136,2
913900,3
627722,2
1040081,2
56801,1
25806,1
148288,2
519289,2
53586,1
842194,3
621455,2
554599,2
187385,2
157039,2
286162,3
745924,3
296454,2
25543,2
478929,2
316094,2
105814,2
150148,3
225060,3
608423,2
641730,3
291418,1
671462,3
987457,2
90389,2
467881,2
355879,2
222610,2
265559,2
786552,2
916180,3
143381,2
579914,2
788133,3
18143,2
750302,3
445234,3
359439,2
999745,2
344797,2
57561,2
5653,2
367529,2
694285,2
558133,1
140027,3
1016436,2
682996,2
176388,2
263156,2
1012707,2
767791,3
811276,2
745332,2
249800,2
103901,2
88800,3
837765,2
392251,2
577062,2
650710,3
1037101,2
126848,2
734234,3
677019,3
793530,2
196793,2
459672,3
654077,2
756441,3
163741,2
217862,2
489078,2
109319,3
615628,3
642333,2
1034854,3
362601,2
576970,2
367682,2
721869,2
169875,2
775044,3
72874,2
928706,2
646897,2
674038,2
748563,2
843157,2
901745,2
758536,2
552384,3
407724,3
969950,2
303300,2
709961,2
641951,2
732492,3
883916,2
638387,3
188402,1
964981,3
1041033,2
855149,2
263147,2
881606,1
266318,2
111182,2
1037564,2
437746,2
256055,2
899680,2
668662,3
465480,2
49641,2
608530,2
683806,3
857543,2
521032,3
467086,3
216562,2
651229,2
849059,2
167403,3
862199,2
591366,2
11504,2
197303,2
541089,1
184356,2
572798,2
39876,3
874139,3
789208,3
950984,2
123338,2
478123,2
988720,2
736410,2
462007,2
236545,2
596028,3
609296,3
807929,2
737596,2
916776,3
283672,2
125599,3
82390,3
864048,2
1003839,2
147892,2
841161,2
437904,2
65945,2
434867,2
1042802,2
538173,1
69480,2
639480,2
205008,2
277142,2
35870,3
643278,1
953336,2
395814,2
747995,1
384804,3
914436,2
713132,2
485218,2
1001736,2
218585,2
319942,3
111478,3
895805,2
884004,2
642947,2
256766,2
552470,2
1034535,3
825998,2
110839,2
115429,2
180747,2
1024704,2
866714,2
948030,2
1001301,2
963299,2
704815,2
374554,2
285048,1
539214,2
65465,3
288254,2
692996,2
924872,2
175995,2
904245,2
607551,2
281626,3
660015,2
746921,2
557577,3
861865,2
69311,1
5757,2
1013340,2
465054,3
494277,2
610153,2
749423,3
419624,2
879007,2
142300,2
202618,3
325376,2
870613,3
420584,2
907638,1
943447,2
570629,1
961975,2
255705,1
191068,2
814412,3
3100,3
497892,2
302398,2
691795,2
158504,3
755467,2
245777,2
785856,3
35862,3
860332,2
75972,2
690705,2
611034,2
428036,2
453172,2
452160,3
773106,2
380861,2
130855,2
400085,2
162787,2
466294,2
478561,3
422410,3
108231,1
607480,2
1043687,2
465524,3
590479,2
806031,2
483638,2
624904,2
656859,2
1046352,2
558457,2
761588,2
472469,3
403019,3
1039972,2
942835,2
90821,2
785068,3
64508,2
615653,3
570537,2
631580,3
803358,2
474846,2
514222,1
756535,2
108934,3
17327,2
740838,2
22971,2
453779,2
395589,2
120909,2
420488,1
949558,2
513196,2
651837,1
781678,3
862327,2
632462,2
307075,2
359226,2
1003942,2
37706,2
784201,3
331071,2
545893,3
11897,2
349646,1
668271,2
353487,2
1033766,2
797981,2
130917,3
570831,2
441047,3
161938,2
97836,3
1004790,2
687106,2
471391,2
320131,3
250712,1
1011490,2
860541,2
880720,2
941253,2
360530,2
790501,2
237877,2
649430,1
254990,3
383700,2
322280,3
131871,2
648832,2
385632,2
14186,2
205874,3
423111,2
934785,3
598594,2
353484,2
857243,2
941652,3
128327,2
259866,2
903104,2
310681,2
698485,2
16926,1
244794,2
394528,2
646407,3
300437,2
796985,2
80834,2
439997,1
979131,2
91254,2
21473,2
388769,2
130793,2
425139,2
55025,1
135159,2
674073,3
248606,2
816730,2
662344,2
235040,3
383415,2
61823,3
1043499,2
399540,3
886585,2
741032,3
244444,2
1023428,2
117905,1
698503,2
33081,1
75642,2
818950,2
284233,3
1020523,3
597865,2
315250,3
461039,2
52028,2
838664,1
114686,3
350842,2
497853,2
13954,3
493086,2
418863,2
725845,2
227015,2
320361,3
60886,1
832224,2
78281,3
108857,1
564581,2
516748,2
51044,2
221718,2
1000479,3
761614,2
704667,3
140171,3
1049698,3
956329,3
534052,2
67795,3
819060,2
867683,2
599425,3
508181,2
231479,2
759995,3
688635,1
649618,2
766977,3
245131,2
479009,3
85375,2
626522,2
1022871,2
455371,3
32687,3
139196,1
209157,3
900729,2
410599,3
386647,2
443649,2
487013,2
364344,2
687760,2
520418,2
471153,2
356768,2
272840,3
707220,2
676964,2
617349,3
622416,2
97116,2
575516,2
269165,3
931970,2
920778,2
914097,2
100295,3
696366,2
975239,3
18453,1
83574,2
925597,3
967925,3
480393,3
618301,3
694308,2
777247,2
941448,2
702962,3
484607,3
133693,2
421419,3
998757,3
271068,1
437120,2
968263,3
1036719,1
629643,2
270477,2
95116,2
837767,3
91492,2
666369,1
50222,2
459912,2
193910,2
243855,2
769784,2
834052,1
222960,2
1018847,3
46034,2
119286,2
344622,3
765921,3
156735,2
666560,1
973085,3
928114,3
508700,3
123480,2
226833,2
646943,2
387277,2
672959,3
435624,2
807958,1
823058,1
791493,2
617738,3
402748,2
891070,2
19026,2
470071,2
5569,2
581211,2
34030,2
131665,2
941367,2
890265,2
1927,2
93350,1
915473,1
138185,2
86444,2
1037946,2
184983,2
855734,2
658791,2
18920,1
272240,2
298330,2
40476,2
800086,2
255062,2
1011564,2
317480,2
900644,1
1034844,2
296093,2
29912,2
430920,2
474181,3
944107,3
79587,3
778246,3
698420,2
649524,2
145078,2
761466,2
77714,3
437765,2
380086,3
613144,1
75839,3
318602,3
845621,3
824339,3
229130,3
805149,3
46306,2
16298,2
852503,3
1007662,2
555459,2
280708,2
644634,2
309433,2
121703,2
887785,2
35982,1
205696,2
819437,2
913172,3
376769,3
613759,2
42839,2
379639,2
483461,2
402943,3
134359,1
463594,2
92296,2
1047170,2
360460,1
497477,2
700357,2
627437,2
285103,3
982609,3
461431,3
581736,2
396927,2
40421,2
132501,2
245608,2
629993,2
783573,3
368912,1
854297,2
173255,1
341983,2
263556,2
777599,2
482689,2
16208,3
834998,3
984730,2
53972,3
475594,2
838413,3
71985,1
337918,3
225054,2
917609,2
426312,3
437247,2
810089,2
457012,3
807488,3
568745,3
673799,3
662130,2
232894,2
881054,2
854026,2
686990,2
637386,3
889353,1
491913,1
28216,3
521608,3
998015,2
423267,1
29449,3
790660,2
498628,2
562866,2
946233,3
358817,3
188468,3
474401,2
1005597,3
751771,2
592544,2
815691,2
836774,2
327409,2
247570,2
950449,2
561866,2
225606,2
363893,2
459426,1
206492,3
570598,2
953113,2
438104,2
481111,3
123455,2
207692,2
46628,3
693234,2
427632,2
712587,2
339312,2
201743,3
877733,2
882463,2
734708,3
504039,2
509194,2
1052210,2
53332,2
724199,3
780085,2
829649,3
256722,2
49772,1
58431,2
369991,1
458669,1
290260,1
716520,2
515169,2
825759,2
509778,2
653212,2
444279,3
45547,3
108500,3
492834,3
730182,3
13922,2
418508,2
394308,3
380998,2
379509,2
353376,3
981743,3
371423,2
194379,3
197278,2
56113,2
283290,2
475609,2
180738,3
239284,2
378374,2
347841,2
35325,2
653333,2
153681,2
715042,2
869032,3
646377,3
159263,3
25280,2
363840,2
265331,3
782904,2
332446,2
195047,2
313601,2
824621,2
225152,3
255982,3
194967,2
719205,1
941506,3
714946,1
476478,3
237707,2
721366,3
547096,3
962114,3
876569,3
477706,1
77704,2
273963,3
575855,2
545338,3
356567,2
1029825,2
673315,3
223479,3
174283,3
745152,3
240506,2
393833,3
567606,2
785844,2
1010352,2
941879,2
208869,2
521513,2
705831,2
805032,2
838266,1
355090,2
271297,2
908114,1
190309,2
304299,2
302997,2
546676,2
624112,3
359627,2
498097,2
432953,2
1026646,2
860210,3
93918,2
696561,3
442834,2
491560,3
182044,2
292620,2
638635,2
98706,2
68737,2
235559,2
752376,2
592189,3
678441,2
405761,2
99778,1
787812,2
53014,2
271806,3
193973,2
255204,1
379528,3
225277,2
988409,2
710055,2
595988,3
144109,1
882468,3
281720,2
44798,2
33810,3
711876,2
438715,2
62504,3
26407,2
928707,2
33130,2
551320,3
961624,3
149864,2
882966,3
459338,2
224003,2
1017120,2
563762,1
683437,2
870190,2
522095,1
324168,2
342236,2
822784,2
278252,3
1006528,2
202094,3
492081,2
719594,2
35504,3
628778,2
742029,2
428673,2
533166,3
119483,2
853636,3
201730,2
755754,2
340922,2
643868,3
299184,3
774015,2
333867,2
473751,2
511035,2
69689,1
765225,3
218833,3
564754,2
156504,3
714151,2
995598,2
775170,2
1030687,2
69288,2
533979,3
811931,2
284845,2
1021211,2
18378,2
164018,3
314674,2
944830,3
119933,2
13370,2
577218,3
280683,1
931962,2
20717,3
974514,2
753587,2
869197,2
261042,2
766246,2
19539,3
416912,3
871703,2
967744,2
587184,2
618415,3
137508,2
1016102,2
188348,2
779974,2
987907,3
333975,2
764877,2
131893,2
686363,2
202213,2
854558,2
48643,3
164919,2
623725,2
574183,3
386435,3
187610,2
112001,2
243690,3
136083,2
664942,2
384168,1
723564,2
169960,3
331394,2
249335,1
502381,3
400495,2
126378,3
800433,1
359309,2
851668,3
419154,2
808161,2
951037,2
47379,2
161358,2
815989,2
514201,3
660717,2
271225,3
355259,2
1025306,2
196216,3
36405,2
893433,2
223989,2
728289,3
818781,2
1009110,3
735976,2
369778,1
440386,3
804825,2
437689,3
570364,2
630511,2
49265,2
260914,1
541338,2
1049764,1
197041,3
903864,2
709032,3
392307,3
395267,2
696372,3
908724,3
46182,2
811664,3
1029168,2
47827,3
880499,3
793766,3
899541,2
378227,2
604877,2
197063,2
115085,2
96694,2
912171,2
397026,2
718449,3
206697,2
709190,2
473316,3
429720,2
577191,2
686132,2
594253,2
1050212,3
896993,2
463029,2
35022,2
410602,2
663104,3
490673,2
339568,2
528525,2
728817,2
862855,3
498150,2
212058,2
669333,2
901593,2
112489,1
27107,3
72655,2
776503,3
771494,2
838682,2
535899,2
505348,3
481686,2
443481,2
789536,2
882982,1
537543,3
566980,2
455931,3
554994,3
446456,2
967915,1
243659,1
130482,3
635702,3
354097,2
11733,2
259345,2
530454,2
152716,2
1042588,1
269894,2
242013,1
632751,3
571453,3
211549,2
972689,2
1014322,2
594627,3
144096,2
252728,2
511734,3
75756,3
65234,3
489222,2
233395,1
1040159,2
733516,2
406594,3
998329,2
1041532,2
201412,2
147755,2
71130,2
1040058,3
96311,2
520657,2
113233,2
785761,2
137323,2
939993,2
82191,2
52571,2
657461,2
25329,2
99210,3
780719,3
300622,2
682239,3
505417,2
280984,2
1037506,1
281168,2
491207,2
191222,2
950550,3
444869,2
167706,3
802084,2
997940,2
548030,2
970683,1
491758,2
1047816,2
817699,3
782883,2
704205,2
842074,3
189043,2
777489,3
565377,2
78103,2
833603,3
804175,2
721486,2
268799,2
1047096,3
640802,2
884078,2
848355,1
813553,3
516979,3
480891,3
578491,2
734561,3
214214,3
575029,2
593793,2
143960,3
165206,2
329137,2
281494,2
992694,2
127638,2
832700,2
674310,2
999025,2
1018919,2
962267,2
216529,3
855488,2
291775,2
771180,2
596505,2
373437,2
554678,2
730176,2
890574,3
445027,2
78038,2
140916,2
634783,2
896165,2
426414,2
233993,1
317477,2
126071,3
779855,2
1021963,2
445122,2
687675,3
770345,2
866843,3
176228,2
636540,2
318172,1
452632,2
119163,2
283157,2
423788,2
329933,2
584865,3
210937,3
160797,2
359421,3
651936,2
59791,2
928723,2
207451,2
139597,2
589615,2
38803,2
817796,2
122249,2
906907,2
1009094,3
891811,2
596280,3
453818,2
1019374,2
823220,2
902016,2
604832,2
273965,2
289201,2
264715,2
496564,2
557507,2
1045621,2
141076,2
906514,2
970678,2
277523,2
284948,2
869315,2
581791,2
533259,2
404197,2
248061,3
665676,2
907138,3
369490,2
474719,2
28290,3
542044,2
234412,2
833049,2
465405,3
444783,2
269946,3
1037276,3
48306,2
789706,3
914065,2
29674,2
307427,2
59894,3
341829,2
1018956,2
550248,2
900795,2
506907,2
172532,2
865900,2
560681,3
985625,2
1035163,2
384049,2
252271,1
799888,1
27472,3
922132,2
498161,1
705477,2
1021290,3
100687,3
1018745,3
136355,2
47042,2
448189,3
578389,3
342292,2
273373,3
714518,3
1009780,3
445505,1
796499,2
889511,2
771706,2
135714,2
686191,3
763542,2
769430,2
1026325,1
744876,2
442490,2
679410,3
554395,2
666801,2
249667,2
179808,3
845645,1
215804,2
669344,2
308054,2
811784,2
365731,2
658675,3
859894,2
135578,2
382534,2
400734,3
827825,2
732912,2
770624,3
871378,3
187067,2
1011997,3
261591,2
437065,2
150250,2
238389,2
229135,2
694403,2
265447,2
1022664,2
995640,2
924864,2
31563,3
641064,2
314432,2
34926,3
226381,2
201601,2
889697,2
498576,2
707057,2
307395,3
861643,2
318352,2
666718,2
980447,2
586449,3
28008,3
707084,2
182391,2
312955,2
503694,2
813714,2
209244,2
775372,2
909365,2
745301,3
655157,2
441949,2
117841,3
728912,2
1010146,2
661727,2
112121,2
826312,2
17760,2
978010,1
934543,2
796219,3
122853,2
56519,2
766858,2
230811,2
951214,2
634651,2
784655,3
913215,2
291822,2
765498,2
178950,2
904202,3
612835,2
856951,2
423429,3
77543,1
370726,2
726348,3
121379,3
31840,1
720862,2
659194,2
174187,2
933410,2
750336,2
739989,2
756492,2
932638,2
328323,2
882030,2
47480,1
679685,3
95407,2
976077,2
18649,3
463070,2
134319,2
210330,3
633296,3
898711,3
972596,2
884848,2
969680,2
813952,2
406973,2
345690,2
36242,3
99322,2
217396,1
493564,2
223514,3
616212,3
37390,2
479734,3
365788,2
386428,2
12721,2
402414,2
703774,2
92416,2
318974,2
946829,2
346864,2
617552,2
81309,2
342017,2
881028,2
45494,2
91579,2
263853,3
290045,2
111448,2
194609,2
134292,3
364206,2
72398,2
14189,3
102268,1
960646,2
941896,2
644090,3
558625,2
249442,2
283380,2
869390,2
22038,2
118778,2
122597,2
689694,2
145129,3
635001,3
497256,2
575881,2
533226,3
506387,2
569700,2
866295,3
167686,2
609364,3
134443,1
156918,2
397828,2
243105,3
822834,3
214562,3
263754,2
680430,3
861410,2
655838,3
744735,2
507856,3
613666,1
964101,2
561829,2
620207,3
90378,2
650007,3
491970,2
338252,2
815061,2
262022,2
106363,2
806860,3
142974,2
502266,2
561105,2
925128,2
470582,2
255092,2
223484,3
245690,2
935874,2
1051828,3
1007140,3
594642,2
407699,2
135978,1
610379,3
935041,3
334961,1
944313,2
252161,3
979673,3
528449,2
478181,2
123322,2
760870,3
72620,2
827312,3
405192,2
378001,2
943089,2
305915,2
821604,2
463828,2
353290,3
911309,2
562464,2
759577,1
774999,2
227902,3
22981,2
810613,2
553243,2
305430,2
564466,3
630244,2
302713,3
891976,3
296098,2
873977,3
1040716,2
857099,2
987104,2
730135,2
946521,3
222841,3
47189,3
454449,1
343797,2
1015515,2
523414,2
779540,2
158385,1
577354,2
956225,2
240520,2
370554,2
511821,2
553920,2
534775,3
924038,3
105936,2
371614,2
758920,2
833132,2
904509,2
659004,2
10877,2
547053,2
782391,3
30786,2
791466,2
197070,3
78120,3
15500,2
951092,3
418722,2
25942,1
208045,1
859270,3
711648,2
647200,2
320990,2
425575,2
183985,3
813801,2
106824,3
487074,2
386713,2
807144,1
185195,2
1049505,3
81263,1
350955,3
755085,3
616450,3
772764,2
180447,2
320976,3
720143,3
963651,2
205551,2
102250,3
96983,3
379566,2
347827,3
287710,2
541712,2
875356,2
36507,3
189799,2
436104,3
806907,2
912998,2
851663,3
447467,2
641772,2
309268,3
796941,2
264130,2
848764,2
937127,3
806832,3
241084,2
330487,2
215506,3
849192,2
4130,2
278867,1
458872,3
151146,2
305038,2
729415,2
880418,3
807742,1
980219,2
235653,2
563566,3
846986,3
1026965,2
824726,2
397330,2
847023,2
1026926,3
220307,3
875661,2
130068,2
671872,2
862507,2
235676,2
33090,2
782573,2
506857,2
953414,3
456240,2
689693,2
353667,2
528062,3
92969,3
422042,2
45486,2
127714,3
862330,2
327205,1
970482,2
21769,1
316689,2
582540,2
637905,2
819701,3
229278,2
874503,3
1001954,2
434001,2
354681,2
1021146,3
1012525,2
326361,2
739910,2
478399,2
808246,2
535179,2
995659,2
67605,3
240093,2
741662,3
177922,2
611353,2
730462,3
1032100,1
266027,2
453043,3
496732,2
739746,2
545001,3
806552,2
188095,3
594943,3
481893,1
846362,2
282057,2
30298,3
505907,3
67350,2
848113,2
914339,2
199040,2
732821,3
580583,2
326674,3
895130,2
770747,2
919956,2
915079,3
64015,3
73211,2
718987,2
858962,2
528915,2
366707,2
145852,2
848275,2
527282,2
754574,2
706766,3
606243,2
352136,3
199995,2
264256,3
327328,1
620515,2
974756,3
375973,2
353199,2
574227,3
708079,2
971434,2
93122,3
1035726,2
194869,3
564841,2
74087,2
229491,3
357674,1
631576,2
738053,2
861177,2
55634,2
351449,2
511267,3
942776,2
430056,2
37655,1
407735,2
530089,2
823234,1
979667,2
791107,2
220362,2
144543,2
267604,3
495415,2
28479,2
412433,1
41282,2
757407,2
549165,2
171141,1
685844,2
498328,2
1003642,1
157705,2
291301,2
120453,2
850660,3
440653,2
465067,2
274502,2
179777,3
771367,2
980716,2
225895,2
148824,1
747050,3
1014607,3
721329,3
9453,1
436438,3
742766,2
193353,2
205888,2
714230,2
594973,2
240217,2
492453,1
357009,1
279122,3
1037126,1
748740,2
442199,1
368137,2
730713,2
571610,2
471918,2
542124,2
857260,3
1008986,2
158193,2
73944,2
331999,1
400692,2
583020,2
931620,2
296144,2
1006446,2
369041,2
1002903,2
601312,2
1007354,3
325366,2
179558,2
461961,2
1048257,2
549859,2
527328,2
897623,2
761561,2
1010205,1
39387,3
592692,2
832800,2
185336,2
993109,3
99408,3
742490,3
1003018,2
136632,2
234174,2
904822,2
1004375,3
542839,2
12854,2
490633,3
998405,3
54984,2
1002654,3
1051789,2
310416,2
475560,2
457187,3
678309,2
2518,3
427346,2
684235,3
851658,3
479619,2
122771,3
303786,2
505505,3
603945,3
81724,3
581056,2
948136,2
625499,1
683263,2
354962,3
879422,2
417174,2
692482,2
277587,2
470755,2
821957,2
515453,3
223589,2
936178,2
120922,3
610567,3
422117,3
926882,3
322961,3
878612,2
514122,2
720397,2
968762,3
19533,2
218071,2
972380,3
583649,2
668798,3
353248,1
861858,2
385194,3
945767,2
310944,2
1049606,2
282932,2
532011,3
324546,2
979376,2
620497,2
682807,2
836127,2
226343,2
448459,3
130159,2
217037,2
689593,2
512891,1
963172,2
651972,2
823288,2
209309,3
721503,2
748517,3
962245,2
971657,2
632577,2
419217,3
430532,2
380074,2
708507,2
1046061,1
925771,2
144545,2
489176,2
155378,2
394773,2
332008,2
379689,3
557748,2
204848,1
776749,2
344494,2
901383,2
127093,1
473167,2
823262,2
301,3
773196,2
538763,2
445494,2
61126,1
115950,3
397908,3
591727,3
343680,2
741640,3
953741,3
1036396,3
559921,2
442578,2
492448,1
552506,3
980147,2
20164,2
503713,2
923405,2
198296,2
681645,2
988584,2
310142,2
186735,3
433918,2
17641,2
828270,3
219523,2
771634,3
421602,2
987882,2
969185,2
97168,2
201800,2
110033,2
255760,2
942527,2
750003,2
941291,1
489831,2
450604,2
849802,2
756686,3
602492,2
612157,2
398769,2
217559,2
699034,2
389073,3
757573,2
210073,2
1039516,3
108143,2
999796,2
971908,3
32785,2
659102,2
78145,2
461893,2
888087,2
90366,3
653279,2
80542,1
373350,2
576850,2
92484,2
254654,1
786951,2
202469,3
145285,2
784333,1
351912,2
9039,3
687572,2
557608,2
420158,1
507660,2
531743,2
738918,2
209816,2
693615,2
885252,2
202308,3
264380,3
672423,2
403020,3
550466,2
966477,3
382576,2
1025105,2
138379,2
807790,2
923177,2
563512,1
127808,2
884492,2
838215,3
537166,2
1002270,2
1025117,1
316106,2
919825,3
845211,2
213270,2
348488,3
314954,3
115921,2
818146,3
55722,2
422981,2
85701,3
922045,3
726091,2
904750,3
337344,3
865798,2
692122,2
886157,3
826229,2
687290,1
947792,2
355953,3
81608,3
565970,2
790061,2
727310,2
359870,3
131022,3
977096,2
918302,2
711701,3
38392,3
432329,1
833598,2
892774,2
259135,2
846015,2
779800,3
828527,2
167231,3
7786,2
619295,2
206227,3
651353,3
663704,3
680468,2
17006,3
25341,2
400754,2
255501,2
266600,2
430167,3
490095,3
204077,2
401568,2
466682,2
289063,2
1009937,2
383172,2
326908,1
691824,2
163858,3
143963,2
696193,2
695225,2
575222,1
680217,2
743652,3
130501,2
516636,2
18660,2
747633,3
361536,3
380294,2
727359,2
139455,2
461611,3
817183,2
623553,3
967685,2
86100,2
886668,3
253659,2
742402,3
200250,3
212041,2
303375,2
500904,2
732810,3
691219,3
941500,2
42627,2
795516,3
61430,2
384473,2
755726,2
213550,3
618578,2
311281,1
1050326,2
380893,1
467726,3
1009338,2
140169,2
46040,2
80965,3
203093,2
529271,2
205411,2
300520,2
977621,2
896845,2
857369,3
616685,2
679012,2
858927,2
35465,3
781600,2
497169,2
144936,2
762683,2
514254,1
542947,2
492786,3
72148,2
1000561,2
103473,2
551358,2
631120,2
989492,2
628190,2
996854,2
567756,3
1001163,2
430589,3
842146,1
607110,2
432093,1
19986,2
115614,2
779273,2
54418,3
326386,3
570506,2
602455,3
990434,2
678592,2
112697,2
759881,2
591405,2
805080,2
67191,2
176678,2
58157,2
1003015,3
21786,3
703638,2
296858,1
276576,2
447805,2
356354,2
168347,2
684111,3
301321,3
30989,2
727455,3
341107,2
301280,3
602680,3
511488,3
107409,2
44119,2
57666,2
75545,2
694271,2
469868,3
418660,3
247916,3
539594,2
974294,3
443177,2
662049,1
116780,2
999490,2
206314,2
525244,1
895604,3
23823,3
831987,2
634251,2
689392,2
156583,1
39566,2
967096,2
756138,2
369836,2
716712,2
699449,2
1014627,2
34212,2
693424,3
766103,3
96752,1
935777,3
898018,2
129540,3
157022,2
352792,2
897374,3
1049100,2
664513,2
46065,2
787317,3
559003,2
59874,2
957663,2
892045,2
472309,2
979254,2
869721,3
937672,2
781961,3
699157,3
380728,3
402747,3
173676,2
366741,2
1003096,2
53858,2
768802,2
464652,2
326316,3
767692,2
540447,2
243599,1
39587,3
746627,3
33598,2
76684,3
177845,3
24501,2
772484,2
330748,1
240019,3
393629,2
34506,2
437996,3
823693,1
797102,3
922522,2
415976,3
816250,2
220450,2
702294,2
956855,2
221210,2
47467,2
584466,2
1010763,2
608413,2
744406,3
565255,3
546189,2
574478,3
979925,1
171776,3
356381,2
816372,2
941525,3
1045562,1
608599,2
549540,2
891612,1
996591,2
269665,2
622263,2
159109,2
444630,3
661766,3
446857,2
489138,2
27172,3
857028,2
331224,2
178782,3
27191,2
169006,2
308124,3
959835,2
179722,1
725328,2
8080,3
669568,3
655912,1
772513,3
325068,2
417382,2
534599,3
198049,2
963450,3
220660,2
855483,2
116650,2
422301,2
496059,2
808300,2
540808,2
266906,2
983243,2
610579,3
393667,3
871548,2
506227,3
319240,2
52533,3
485756,2
851007,3
554123,2
65306,2
1050694,2
62974,3
932298,3
899976,2
713530,3
701557,2
259451,3
791296,2
191335,2
991919,2
364714,2
196921,2
15328,2
1032652,2
292051,2
803411,2
790538,2
221968,2
1012478,2
358161,2
938275,2
880303,2
25245,2
806168,2
972115,3
1010565,3
251263,2
109620,3
611533,2
680243,2
530957,1
218700,2
531773,2
951397,2
397406,3
593612,2
88257,2
66645,2
538282,2
266355,2
915058,2
393190,2
396169,2
303871,3
167551,2
164739,2
378821,3
140032,3
78774,2
391886,2
576311,2
840319,3
725121,2
517408,3
310255,2
717242,2
801834,3
881355,2
75259,1
565717,2
390490,2
354470,1
630927,3
145598,2
996336,3
345895,2
264457,3
458678,2
297378,1
834915,2
380137,1
856956,2
5599,3
716965,3
122744,2
582409,2
344694,2
430329,2
943748,3
372622,2
554600,1
845220,3
898584,2
164119,2
738587,2
816153,2
80343,2
797293,2
579429,1
627140,2
701371,2
636590,2
377553,1
4415,2
564704,3
589149,2
958495,2
8486,2
122561,2
326981,2
295858,2
23731,2
521898,2
988688,2
886746,2
1040134,1
238514,3
253904,2
752039,2
211589,2
124991,3
1006496,2
620406,2
323994,1
399880,2
226588,2
977002,2
349065,2
252057,3
773568,2
398047,2
563617,3
66772,2
783575,1
1039232,3
884054,3
381985,2
297821,3
68672,1
314453,2
1005856,2
1019255,3
731738,2
746937,3
1000211,3
624268,2
363410,2
1037059,2
245242,2
721145,3
896016,3
939981,3
183671,2
996141,2
906399,3
416558,2
581996,2
98403,2
729911,3
512472,2
513426,2
341441,3
389693,2
817449,3
299832,3
853484,2
207782,3
174844,3
227045,1
851194,1
93103,2
924031,3
128862,2
126143,2
143531,3
190825,2
803069,2
267177,3
740805,2
667675,2
562152,2
370383,3
1029435,3
955614,1
435232,2
49662,3
596619,2
363018,2
166386,2
755490,2
927585,1
214669,3
963141,2
662786,3
117530,1
124436,2
88005,3
307762,3
315989,2
987352,2
395021,2
226742,3
443862,3
737922,2
995189,1
593578,2
510006,2
657905,2
986521,3
814447,2
210611,2
325969,2
185349,2
59644,2
12433,2
558309,2
567550,2
484890,2
480433,2
125857,2
915842,2
112202,2
366502,2
349842,2
485983,3
405834,3
939247,2
989122,2
912653,3
854994,3
207444,2
741473,2
1004404,2
668035,3
93833,2
672465,2
93050,2
52784,2
991104,2
1025008,2
359944,3
578348,2
735770,2
439592,2
181027,2
275123,2
201616,2
875981,3
871143,2
1051618,2
400551,2
619932,2
773875,2
645724,3
861150,2
204750,3
135005,2
659665,2
908622,3
75786,2
456491,3
490555,3
371999,3
474489,3
96082,3
314469,2
5656,2
396631,2
215405,2
839661,2
70067,2
925000,2
396407,2
223704,3
338612,3
514063,3
437826,2
648965,2
953508,2
379981,3
101339,2
488919,2
220497,2
75746,2
759593,3
152031,2
865875,2
729394,2
149087,3
218025,2
593088,2
795559,2
462374,2
825989,2
827552,2
708454,3
399387,3
563284,3
470366,2
586220,2
483773,2
445190,3
129971,2
389362,2
921447,2
267797,2
282270,3
231353,2
171052,3
914698,2
581739,3
300627,3
509168,2
949684,3
799429,1
120518,3
708938,2
198271,2
1043553,2
536717,2
871631,3
177201,3
259164,2
143443,1
1040676,2
1047956,2
185048,2
161118,3
655321,2
66387,3
194377,2
900664,2
438831,3
880703,2
154544,2
683500,2
81394,2
261561,2
708009,2
712760,2
1025973,2
708311,2
37243,3
372655,1
543042,2
537325,3
102235,3
1034804,2
430885,3
430469,1
219234,2
597361,2
397598,3
737705,2
119853,2
895282,3
247430,2
139928,2
20373,1
929181,2
554980,3
725263,3
231851,3
570876,2
852082,2
58438,2
947129,3
921406,3
1004851,2
212806,2
751874,2
905184,2
723400,3
810539,3
746526,2
782807,2
653897,3
883468,1
25955,2
282915,2
226235,2
503961,3
650553,2
92462,2
5841,3
890483,2
339949,3
447678,2
182631,2
910258,2
640165,3
142130,2
649254,3
704133,3
258276,2
551012,1
217238,2
101329,2
270325,2
333714,2
935549,2
421516,2
263290,2
949705,3
50015,2
270504,2
53487,3
597668,3
252895,2
469686,2
396463,2
549578,2
656900,3
479961,3
785584,2
759216,1
131149,3
629792,2
44922,2
346845,2
702413,3
239665,2
718758,3
418235,3
692305,2
755891,2
93989,2
553000,2
874645,2
897669,2
870035,2
160167,2
617501,2
399348,3
620982,2
740249,2
218956,2
249708,2
38230,2
836836,2
347167,2
425529,2
31782,2
279539,3
982734,2
181429,3
1045039,2
44962,2
717371,2
393650,2
501263,2
986340,2
846513,3
745961,2
236876,2
846343,3
81476,2
15215,3
219322,2
610446,2
807964,3
769212,2
224179,2
238,2
168771,2
592309,2
454726,3
777750,2
948047,2
888407,2
1034438,1
500452,3
535226,3
928448,2
1036188,3
566576,2
8031,2
551822,3
949681,2
160660,3
927707,2
567794,2
43575,3
1028797,3
746136,2
229198,2
211680,2
569001,3
407734,3
602508,2
896542,2
305001,3
976502,2
723737,3
665406,2
542376,2
102613,3
365386,3
93409,3
192831,2
966859,3
835114,2
84373,2
882344,3
537079,2
176499,2
601401,2
79529,3
155110,2
243242,2
468152,3
172528,2
612785,3
946313,2
245509,2
180967,2
202859,3
95400,3
369337,2
193143,2
857182,2
51357,3
283666,2
1032149,3
669769,1
43574,3
250730,2
7426,2
1008256,2
451335,2
971553,3
974867,2
301698,2
654140,2
373941,3
142896,2
644098,2
566220,2
128614,2
681318,2
208645,2
472282,2
376873,1
234247,2
768728,2
530856,2
886145,3
8843,2
216463,2
373652,3
110208,2
941430,2
724636,2
81783,2
933551,3
1032156,3
832816,2
657393,3
901901,2
743684,2
840465,2
739142,2
655100,2
542740,1
732076,3
114295,1
542750,3
50493,2
713196,3
789052,2
147727,3
479873,2
267267,3
158364,3
913887,3
2956,3
980680,3
459743,2
646328,3
472768,3
820030,3
68700,2
384238,2
61250,2
319307,2
504377,2
1033159,3
288032,2
406600,3
220623,2
652091,3
352153,3
572058,2
321562,2
471859,2
122636,3
938400,2
955947,3
706169,3
492363,3
222012,3
67701,2
973951,2
674785,3
862033,2
539627,2
392717,2
935441,3
1018566,2
73794,2
422062,1
1046157,2
417536,3
743945,2
725677,2
413310,2
487302,2
830163,2
609995,2
452759,2
669159,2
976697,1
502356,2
3286,2
380064,2
707605,2
127978,2
980068,2
109460,2
119639,3
338403,2
474243,2
702473,3
328721,2
1030802,2
677732,2
375718,2
31743,2
941071,2
357240,2
42238,2
624082,2
434178,2
990651,3
398449,2
752213,3
95354,2
349028,1
563143,2
494312,2
855653,2
863650,2
351632,2
566552,2
375905,3
523247,2
999491,2
992132,3
620360,3
688588,2
165121,2
44844,1
928246,2
766602,2
956751,3
67868,2
284500,1
706627,2
282238,2
70309,2
1029011,2
415553,2
240066,2
769629,2
892880,2
644519,2
93367,1
399981,3
771869,2
624941,2
60605,3
873166,3
510863,1
660709,2
361772,2
1027582,1
203877,2
881671,2
450284,2
642268,2
42540,3
437450,3
681908,2
183825,3
771269,1
998976,2
213647,2
609519,3
302646,2
467643,3
514357,2
341275,3
818980,2
512678,2
199317,1
702147,2
557543,2
302509,2
752503,2
715649,1
682584,3
159617,3
205121,3
686444,3
212580,2
245627,3
584195,1
748267,2
272440,2
223088,2
309225,3
1004327,2
956321,2
24071,2
374787,2
593074,3
664257,3
957536,2
502665,2
906963,2
58185,3
467123,2
538713,2
379674,2
689708,2
660599,3
533847,2
520291,2
986660,2
997049,2
19640,2
111593,2
650324,3
438810,2
615993,2
438702,3
638327,2
159212,1
92718,2
496595,2
537062,2
730177,2
368583,2
580971,3
445405,2
427146,2
835863,1
633001,2
873716,2
165607,2
809940,2
39700,3
130735,2
610635,2
774843,2
34546,2
395793,2
965922,3
932983,2
469349,3
972847,2
102463,2
818506,3
544036,2
58311,2
268194,2
1049408,2
140188,2
463209,3
851430,2
425855,2
331338,2
403033,2
946175,3
332158,2
171267,2
491220,2
331075,2
729888,2
162378,2
710875,1
899487,2
996989,2
379567,1
931466,2
532696,2
153786,3
606426,2
304059,2
919057,3
81861,2
278424,1
91817,2
784946,3
433493,2
481231,2
870987,2
856279,2
875507,3
445767,2
435364,3
1044223,3
971128,3
689587,2
761229,2
831370,2
445477,2
526188,2
518570,2
593142,3
161637,2
241990,2
165622,2
36660,2
674348,2
161748,3
683321,2
1039918,3
627580,2
853523,2
230950,3
988948,2
164587,3
948857,3
970412,2
604090,2
13625,3
62407,2
105999,2
430935,3
67259,3
801643,3
516836,2
799998,2
841317,2
346825,2
577166,3
1025478,2
99166,2
92175,3
798645,2
246996,2
66726,3
52769,2
176375,3
71726,2
141928,2
277646,2
297979,2
766269,2
1007417,2
911436,2
683114,2
647984,3
51997,2
975404,2
600454,2
254542,2
689785,3
547139,2
874379,3
50829,3
1034085,2
250231,2
488306,3
900547,2
925636,2
604799,2
668986,3
570766,2
712803,2
929374,2
117254,2
751570,1
184338,2
450544,2
648571,2
813480,2
630526,3
263499,2
71587,2
212082,2
735881,2
526918,2
905320,2
604340,3
692918,3
969822,1
333338,1
912614,2
126186,2
656040,2
365814,2
462338,3
684855,2
176486,2
585524,3
898988,2
30691,2
43852,3
357948,2
618792,3
160239,3
886250,3
569025,2
541445,3
766840,2
451231,3
611891,3
1050217,2
362523,2
955956,3
198073,2
981750,2
648094,2
581065,2
1045390,3
452287,2
451131,3
1003345,2
39069,3
79577,2
991836,2
685575,2
684777,3
517226,2
608195,2
149188,3
948083,2
1042045,2
270119,2
410556,2
1045661,2
591199,2
661709,3
747896,2
978528,2
872678,2
957861,2
746169,2
719540,2
832825,2
570780,2
764116,2
928323,2
234606,2
793802,1
122497,2
640998,3
371727,2
701333,2
438812,2
665400,2
983638,2
854734,1
437198,2
979829,2
450420,2
927374,3
565512,3
644790,2
891105,2
77087,3
905284,2
591174,2
478944,3
136027,2
371904,1
912504,2
554704,2
387533,2
850705,2
717616,2
462648,2
376231,1
55122,3
928328,2
126035,2
631015,3
307820,1
109073,3
790161,3
181572,1
371068,2
617744,3
669956,3
847487,2
82032,3
563161,2
78407,2
74534,2
928192,2
159612,2
413119,3
553253,1
1040133,2
6302,2
70248,3
301052,2
641520,2
267058,2
993830,2
406423,2
620783,2
561068,2
878714,3
776020,2
85492,2
225222,2
469613,3
408890,3
591557,2
11916,1
272475,2
98665,3
343324,2
618180,2
206815,2
2957,2
24682,3
895367,2
916528,1
781180,2
80172,2
861136,3
1051066,2
333201,2
152478,1
170846,2
370180,2
70086,2
700384,2
879787,2
874717,2
131530,2
729856,2
359585,2
4113,2
572143,2
947650,2
994675,2
962564,2
611393,2
617046,2
215126,2
164891,3
870068,2
931900,3
610904,2
725446,2
124953,2
469048,2
1031848,1
473922,2
134819,3
610010,3
128978,1
298832,2
613116,2
392530,1
1031043,2
1051123,2
720145,3
74264,2
1051150,2
40975,3
984345,2
5471,2
934794,3
285099,1
117724,2
655660,2
928337,3
1023349,1
446991,2
1046010,2
609243,3
256687,3
79137,2
790255,2
629393,1
442667,2
284619,3
962809,2
858243,3
832649,3
302622,2
697816,3
460945,3
771940,2
133967,1
903731,2
823533,2
529875,3
340418,3
834973,3
104292,1
487187,3
437486,2
523111,2
749169,2
784303,3
643392,2
588321,2
212537,2
417893,3
281170,2
14817,3
837417,2
1027913,2
277950,2
590902,3
721357,3
560489,2
708039,2
398162,2
932670,2
579335,2
977523,2
71379,2
987411,2
844094,3
1037122,2
948114,2
230132,2
569099,3
963855,2
1026559,2
385816,2
271590,2
893958,3
631636,2
206693,2
360830,2
373700,3
152520,2
489744,3
72761,3
1016387,2
803517,2
338066,3
232420,3
250549,3
791108,2
431750,2
725344,2
251228,2
212748,3
1010379,2
729345,2
281414,3
521585,2
723065,2
285527,3
826636,1
77725,3
812547,2
452400,2
158854,2
66443,3
941773,2
829816,2
724998,2
180869,2
240770,3
338835,2
910731,2
72945,2
205461,3
902188,2
658805,3
878110,2
17371,2
762602,2
107794,2
753883,3
941116,3
377380,2
126119,2
303700,2
594875,2
237005,3
1001169,2
210642,2
300764,2
52192,2
505624,3
983490,2
870010,2
490423,3
33489,3
807771,2
442782,2
1022743,1
659498,2
84178,3
96666,2
943290,3
1048125,3
615006,2
462503,3
180193,1
328339,1
924472,2
880474,1
474380,2
189341,2
244884,2
543247,2
259793,2
653912,2
596664,2
114191,2
988012,2
350557,2
520325,3
114565,3
741440,3
939124,3
549541,2
817303,3
724989,2
179469,2
828233,2
186983,1
990190,2
941951,2
214420,3
829069,2
129727,2
346746,2
970691,2
117051,3
478213,2
256424,3
862279,2
334248,2
232352,2
423927,1
824737,2
16005,2
761608,1
515005,1
584016,2
117875,2
138131,3
86404,3
666410,2
856730,3
208145,2
340387,2
662570,3
338489,2
788624,2
245286,2
416687,2
287848,2
814982,1
849151,3
96271,3
266226,3
8034,3
641222,2
102855,2
975203,2
129888,2
283857,2
290326,2
503321,2
82047,2
790410,2
216486,3
27980,2
780972,2
934706,2
855180,2
711615,1
622148,1
893988,2
514541,3
636960,1
1008315,3
452267,2
118159,2
781820,3
527533,3
396397,2
906141,2
411414,1
946575,3
651380,2
593401,2
378886,2
184644,3
520034,3
443719,2
245228,3
761316,2
697043,3
406206,2
718548,3
83380,3
3780,1
663133,2
409874,2
893605,2
834732,2
231436,2
354451,3
968258,3
838379,3
312035,1
724674,3
929175,2
974396,2
28843,3
441206,2
621868,2
529615,2
538069,2
755876,2
928542,2
105097,2
463983,2
435449,1
283728,3
557019,2
964028,2
759721,2
144086,2
587033,2
1039751,2
1178,1
478406,3
600614,2
761273,3
148689,3
985047,3
229057,3
94798,3
519973,2
247019,2
230419,2
173995,3
458931,2
329893,1
61694,2
141098,2
58787,2
781384,2
441826,2
879846,2
338235,3
329455,1
318902,2
570674,3
396120,2
307320,2
404924,2
791462,2
170677,1
689775,2
364077,3
263425,3
922363,2
888261,2
546012,2
638784,2
727277,2
42453,3
4825,2
589146,2
494842,3
863898,2
790576,2
45055,3
894948,3
879310,2
553925,1
736700,3
85040,3
702020,2
112547,2
691947,2
424424,3
811429,2
724352,3
278625,2
775112,2
95994,2
111785,2
771249,2
927283,3
763147,1
1010435,1
686324,2
262952,2
936958,2
976806,3
593362,2
275409,2
906065,2
529577,2
189446,3
202841,2
396038,3
229113,2
450087,2
551795,2
516087,2
165924,2
96369,3
782852,3
476417,2
985407,3
1052607,2
629840,3
251000,3
807554,2
282621,2
522386,2
29428,1
898568,2
110663,3
708701,1
27453,2
383539,1
1010428,2
139496,3
142400,3
38335,2
1040222,2
899555,2
537587,2
1008280,2
312571,2
390341,2
916919,2
457907,1
322809,2
678051,2
936731,3
576880,2
1023844,1
643712,2
949617,3
1010272,2
1031203,1
684904,1
458469,2
706102,3
1003896,2
528871,2
174365,2
349881,3
856063,3
22518,3
123122,1
788771,1
642187,2
373794,1
177990,3
1020499,3
555464,3
749707,2
965355,2
1031735,2
600947,2
239031,2
120163,2
76798,2
105678,2
913426,2
970634,2
177480,2
342836,2
816013,3
420873,3
753499,2
923541,2
780959,3
255567,3
987301,1
695412,2
950373,2
563001,3
139316,3
574881,3
427606,2
410983,3
581327,2
316082,3
863816,3
952650,3
905351,2
288693,2
201910,2
198811,3
992769,2
960648,2
357867,2
58797,3
740197,2
598056,2
1023824,2
841587,3
460275,2
436245,2
69799,3
428103,2
105913,2
18512,2
509432,3
197370,2
933776,3
971497,2
662618,2
842014,2
535324,1
42273,1
580986,2
807265,3
677761,2
547105,2
697273,2
599372,2
544269,2
97051,2
227906,3
161320,2
646525,2
948238,1
666472,3
197837,3
333998,3
211352,2
859899,3
620194,2
934217,3
758488,3
51004,2
583946,2
891499,2
570377,3
118432,2
337073,2
637732,2
197451,2
851367,3
73992,2
52347,3
57997,2
67019,3
875420,2
254642,2
229610,2
179920,3
556070,2
683213,2
687976,2
624501,3
1017951,2
687550,3
685567,2
338169,2
478020,3
294333,2
77972,3
320831,2
709302,3
992981,3
956400,2
268309,2
747971,3
35312,2
68227,2
212257,2
636999,2
12754,2
813869,2
461399,2
353612,2
864906,3
376932,2
43186,2
329491,3
186886,2
293494,2
725889,3
539990,2
58850,1
163650,3
298801,2
533996,2
960639,2
237268,3
44773,3
188782,1
1005176,2
453428,3
281082,3
48150,2
961183,3
677150,2
284866,3
857883,3
471846,3
301700,3
130042,2
899842,2
517105,2
462701,3
137871,3
785288,2
1000080,2
320104,2
387305,2
784605,2
473646,2
188166,2
19990,2
595427,3
242718,2
689266,2
126612,2
741137,2
243070,2
983176,2
838338,1
481087,2
999026,2
316443,2
1039505,3
215655,2
556094,2
466393,2
319375,3
730216,2
1012140,3
731461,2
248248,2
709531,3
166285,2
579712,1
223276,2
552994,2
345795,3
523656,2
675780,2
501706,3
972362,2
279899,2
493423,2
254771,3
157070,3
192026,2
763403,2
447235,2
636564,3
864724,2
124824,3
944484,2
731875,2
422786,2
737184,2
809166,3
1036662,2
896021,2
311730,3
63017,2
47628,2
366514,2
381191,3
393341,2
638105,2
683727,2
606854,3
381118,2
274564,3
324119,2
38612,3
531829,2
733448,2
915618,1
669690,3
772206,2
945907,3
193371,1
170685,1
100037,2
677631,1
680426,2
780533,2
10445,2
835378,2
615758,2
175109,2
415456,2
667997,2
404227,2
1033670,3
475056,3
171230,2
761266,2
689184,2
292775,3
458402,3
193156,2
630091,2
344166,2
338056,3
573518,2
692704,1
441693,3
108421,2
456185,2
43442,2
1046823,2
899478,2
750090,2
549271,3
629510,2
880167,2
439891,2
499266,2
24558,3
841746,2
680824,2
614438,3
566060,2
676980,3
436760,2
229439,2
975362,2
265369,2
24700,2
827964,2
79742,2
683022,3
615970,3
396532,3
497691,2
303513,2
83116,2
304898,1
76043,3
191170,3
644232,3
333713,2
325,2
327563,2
425050,2
321306,2
432655,3
742764,3
818914,3
563759,2
377031,3
568567,1
396290,3
105805,2
131949,2
821718,2
559480,3
725513,2
870558,2
394345,2
450743,2
1046948,3
997233,2
669749,3
513124,2
115325,2
258185,2
716748,3
1043907,2
192963,3
712090,2
711856,2
925939,2
47670,2
705983,2
277246,2
613475,2
832531,2
558881,3
793707,2
311439,2
37790,2
261079,2
281623,2
5984,1
277615,3
848734,3
10970,3
701058,3
295423,2
397757,2
842276,2
1655,2
44041,2
620073,2
208681,2
766385,2
820449,3
610222,2
254394,2
623034,2
663597,2
368282,2
916794,2
615593,3
723790,3
938656,2
330150,2
799977,3
922381,3
623207,2
781561,2
247215,2
821285,3
197983,2
166,2
444751,2
196522,2
855109,2
659325,2
731560,2
967258,3
835455,2
132641,2
212608,2
476965,2
433948,2
911712,2
760198,2
406766,2
307215,2
989159,3
696642,2
661714,2
572150,2
59603,2
860388,1
387293,2
424995,1
898198,2
531873,2
56203,3
291158,3
55398,2
33074,2
1044686,3
918865,2
213391,2
645172,2
186424,2
764712,2
16691,2
1001836,2
24391,3
929991,1
852080,2
34882,3
521460,2
817416,2
639875,2
963750,3
673105,2
103727,2
860525,2
781802,2
348581,2
481815,2
555095,2
359717,2
453298,2
537420,2
862208,3
518176,2
832394,2
819704,2
493355,2
366818,2
47907,3
345920,2
468758,2
251001,3
162065,2
968111,3
753843,3
1037485,2
1002291,2
590439,2
790535,2
911955,2
927133,1
980184,2
927979,3
402331,2
296257,2
862662,2
602912,2
379029,1
768488,3
466162,2
49606,3
521811,3
78091,3
408439,2
122512,2
625244,2
234653,3
154538,2
869959,2
883235,3
1007593,2
484579,3
652774,3
185589,2
966964,2
637496,2
589017,2
48359,1
415594,2
231217,3
862416,3
874627,2
374682,2
699382,2
1042780,3
377145,2
752884,2
155048,3
324748,3
245833,1
241159,2
103310,2
388519,2
607606,2
191304,2
993484,2
597778,1
829358,2
576435,3
8584,3
182795,3
755321,2
911949,2
928058,2
676654,2
724767,2
932952,3
663940,3
59944,1
71997,2
130019,2
356603,3
34982,3
1038539,2
824464,2
377713,3
1030720,1
968441,2
476860,2
420841,2
803861,3
364635,2
809445,2
196951,2
917920,2
719064,3
393128,3
541850,3
1049550,3
124477,2
994569,2
968450,2
1033584,3
157723,2
611723,2
218703,2
514443,2
263730,3
734666,2
899491,3
742288,2
785457,3
377243,2
212525,3
944832,2
632785,3
695439,3
526796,2
32002,2
775908,2
359816,1
295553,2
360588,2
312566,3
910536,2
385051,2
697094,2
959989,1
593952,2
277585,2
238551,1
529335,3
759831,1
966436,2
610352,3
353238,2
304076,2
706172,2
324909,3
130376,3
777530,2
558352,2
667972,2
329608,3
937485,3
121103,2
412872,2
820979,1
920930,3
623863,2
827650,2
250295,2
945250,1
479172,3
72414,2
261463,2
628721,2
548099,2
293097,2
877062,2
641395,3
265849,2
171198,2
581133,2
369437,3
786677,2
26560,2
811022,2
675515,2
316667,3
432195,3
705555,2
388363,2
974240,2
560606,2
758459,3
26433,2
878350,2
338189,2
519347,3
611256,2
859871,2
662378,3
561563,2
918806,2
563927,3
468599,2
39903,3
812588,3
430015,3
963161,2
278862,2
751728,3
833272,2
743908,3
658741,2
885826,2
101455,3
1045255,3
396461,2
815423,1
392294,2
594031,3
989966,2
325471,2
374753,1
245810,1
824299,2
1017610,2
858942,2
576331,3
1101,2
167609,3
487093,3
649024,3
598475,2
518739,3
674186,2
40570,3
405131,2
446347,2
942849,2
481633,2
478294,2
704498,2
351711,2
177934,2
26631,3
949523,2
457508,1
410743,2
878205,3
680574,2
690391,3
809798,2
580966,3
124139,1
215614,2
640843,3
955436,3
238666,2
504574,2
802474,3
290619,2
619146,3
1023132,2
225437,2
341117,2
500827,2
521329,2
366042,3
530683,3
270388,2
945009,2
796069,2
547272,3
431537,2
561508,1
764110,2
559377,3
368247,2
785242,2
72965,3
481424,2
927970,2
1007195,3
302056,2
45480,1
33093,2
1004068,3
789176,3
428088,2
466425,3
727089,2
213424,2
49,3
970554,3
318068,1
528444,3
688370,2
250858,1
654836,1
239836,3
576972,2
290705,1
198524,2
948757,2
95877,3
600775,3
115627,1
453148,1
884991,2
175740,2
323521,2
514208,2
918622,2
499778,2
1038152,2
512693,3
523965,2
782040,2
350924,2
613076,3
599291,2
434203,2
168626,3
61978,2
413463,2
825805,2
992234,2
957970,2
3082,2
831065,3
931352,2
125884,2
775777,2
532701,3
141578,2
116026,2
744912,2
864218,3
462537,3
631777,3
51023,3
683032,2
349332,2
634410,3
941596,3
266684,2
370613,2
478520,2
434790,3
910160,2
859687,2
974605,2
821090,2
669621,2
131431,3
335263,2
210639,2
936678,1
289186,2
539463,3
91617,2
730822,2
602351,2
708406,3
239378,3
896226,2
701982,2
121643,1
664365,2
500236,2
618450,3
66302,2
945196,2
138480,3
460713,2
459644,2
932291,2
493041,3
250153,1
83292,2
523006,3
24705,2
4228,1
337263,2
365938,3
551260,2
509251,2
818726,3
928372,2
692058,2
382021,2
622287,3
432338,3
553424,2
949594,3
170330,1
715182,3
315115,3
1017068,3
604420,2
504968,2
602936,3
284913,2
130898,2
587267,2
969524,2
813610,2
306062,1
165976,2
705533,2
1010736,2
595646,3
965038,2
295639,2
787859,2
10365,2
440745,2
159138,2
239722,1
512785,1
515499,2
567219,3
962377,3
524554,3
645415,3
23394,2
89365,2
472069,1
897094,2
627999,2
698272,2
814345,2
627222,2
335620,2
1027652,2
472664,3
169681,2
1046558,2
371048,2
481962,2
270370,1
193111,2
723825,2
903053,2
578272,3
287061,2
326232,2
292024,2
346726,3
120417,2
193441,3
251829,2
837616,2
951375,3
54196,2
880903,2
804628,2
926392,3
742301,2
893311,3
701465,2
834243,2
1046950,2
17633,3
868678,2
551526,3
71599,3
1012888,2
910754,2
493378,2
342710,2
738568,3
911085,2
258345,2
854641,2
9595,3
1033785,2
345726,2
496205,3
136664,3
873177,2
645114,2
57563,3
600460,1
71668,2
572948,2
442329,3
76627,2
861163,2
618607,2
637354,2
971299,2
93838,3
163114,2
347558,2
279779,1
653715,2
412378,2
145880,2
93303,2
426928,3
167875,2
907507,3
890577,2
171206,2
247339,2
924186,2
768975,2
488250,2
152800,1
985236,3
247362,3
55740,2
637777,2
518591,2
569074,1
512580,2
807680,2
893743,2
969035,3
789271,1
335340,2
91799,2
898837,2
855621,3
852602,2
506700,2
753568,2
501487,3
88063,3
161449,3
423958,3
642379,2
804835,2
918374,2
882218,3
747590,2
148199,3
44278,3
306057,1
725907,2
935493,2
377057,3
5207,3
1012696,3
28122,2
1029834,1
902560,3
1014873,3
468183,2
183150,2
206288,3
509118,3
304849,3
1030032,2
463669,2
464070,2
135473,1
624975,2
178246,1
20011,2
130182,2
903494,2
996664,3
292455,3
771994,3
488227,1
364034,2
1006502,2
916534,3
669338,2
870470,2
188819,2
485848,2
33034,2
820820,2
594719,2
519817,2
12168,3
106655,3
613289,3
148879,2
108901,3
692545,3
382493,3
318942,2
245733,2
610695,2
773952,2
494237,3
324891,2
706642,3
366666,2
479630,3
793126,2
572806,2
204070,2
395380,2
163287,2
967416,2
652385,2
28371,2
327668,2
701038,2
1042476,2
341214,3
237838,2
146921,2
365803,2
553362,2
350854,3
414308,2
93845,2
1044530,3
504733,2
766949,3
594324,2
986372,2
552967,2
547014,2
683314,2
202925,3
205546,3
268766,2
868255,2
231552,2
165698,3
777827,2
178057,3
346267,3
731982,2
687894,2
5571,2
455970,2
386353,3
409718,2
623851,2
449306,2
335576,2
531867,2
141166,3
290685,2
848023,2
807649,3
1043393,2
258244,2
403614,3
920762,3
114504,2
930299,2
8544,3
53859,3
250016,2
727279,2
638221,1
424275,2
127353,2
889138,2
934796,2
321636,3
99920,2
252383,1
384849,3
374808,2
538344,2
728461,1
200790,3
381588,2
523431,2
366025,2
791354,2
170906,2
795000,2
362648,2
772136,2
413411,2
814000,2
101576,3
474815,3
778444,2
269633,3
647972,1
571157,3
672792,2
887,2
784428,2
744997,2
615654,2
221546,2
404677,2
540927,1
586773,2
948639,2
74823,2
788101,3
329507,2
880996,2
568111,2
587349,2
59251,2
90307,2
227410,2
1013007,3
838047,3
175250,3
810345,2
497744,3
275335,3
915331,2
566199,3
263502,2
248287,2
298647,2
643617,2
638362,1
465077,2
18088,2
508542,2
529545,2
730286,2
421217,3
474625,2
570385,3
578027,3
130716,2
414992,3
307834,2
420844,2
955079,2
413534,3
622199,3
384448,2
86980,2
917123,3
409787,2
13508,3
593457,2
748365,3
405000,2
177057,2
225559,3
507273,3
434494,2
454054,2
758212,2
587155,2
412910,2
592117,2
810019,2
791339,3
353169,2
564266,2
557787,2
423366,2
844635,2
331768,3
273928,2
351430,2
592532,3
236274,2
976277,2
980411,3
344943,2
135493,2
784613,2
343606,3
1025713,3
659765,2
765215,2
683457,2
893161,3
746301,1
667723,2
618780,2
434292,2
899073,3
885321,2
416535,2
822146,2
644304,3
247871,3
252162,2
844980,3
441917,2
816868,2
266851,1
145296,2
596574,2
419392,2
461212,3
289241,2
665815,2
89713,2
525243,2
442814,3
885752,3
893732,1
105372,2
880731,2
386490,2
378844,2
381129,2
817635,2
551095,2
864745,2
76510,2
434621,3
87738,2
29036,2
29599,2
820490,2
722912,3
42993,2
898192,2
1026611,2
974407,3
722960,3
255344,3
745124,2
30683,2
532918,2
23988,2
886781,3
620968,3
1010282,2
824958,3
246214,2
995378,1
319290,2
664921,2
758053,2
764636,1
803932,3
65992,2
315916,3
314638,2
147043,1
186230,2
478843,3
788188,2
1013095,3
665979,3
289840,3
592781,3
1052260,3
446838,2
704030,2
630804,2
348585,2
61175,2
900592,2
322867,2
148592,3
821042,3
207948,3
377364,3
626185,2
988907,2
85576,2
776581,2
925220,2
554405,2
1047680,2
363655,3
158990,2
129009,1
636514,2
793585,3
82687,3
676557,2
637128,3
984692,2
316225,2
959206,2
433596,2
702715,1
525891,2
303279,2
181855,3
536424,2
168491,2
83779,3
238102,2
991037,3
870996,3
292625,2
635348,3
745745,2
281052,2
347899,1
853360,3
180134,2
194145,2
573595,2
969087,2
65804,3
16959,3
920060,2
666747,1
867813,2
721124,2
416759,3
461119,2
737381,2
316248,2
403240,2
761393,2
357171,2
173644,2
628694,2
507745,3
50190,2
596053,3
722748,3
639577,3
226375,2
171335,3
190990,2
209115,2
255697,2
728844,3
247406,3
547736,3
391507,2
693337,2
960614,2
151913,1
599689,2
452691,2
27386,3
837586,2
213549,2
724577,3
312532,2
427921,2
833500,2
853765,2
599970,2
323592,3
607165,2
487118,2
679630,1
967748,2
335443,2
53991,3
4710,2
518141,3
938245,3
10258,2
385407,2
772669,2
309935,3
848080,2
784837,2
858126,3
617551,2
948372,2
452201,2
265677,2
147672,2
1035703,2
730672,2
435856,3
343320,3
417488,3
834297,2
317099,3
140700,3
187920,3
248731,2
723862,2
663250,3
852236,3
115772,2
717691,3
161579,2
109517,2
41452,2
363582,2
212988,3
111302,2
399158,2
711468,2
120627,3
866334,2
612217,3
587621,2
1033740,2
261099,2
315243,2
105064,2
1027124,2
304896,1
310473,2
958647,2
698222,2
6015,2
99051,3
578514,2
182382,2
35321,1
96625,2
76992,2
353073,1
911726,2
272097,1
568992,2
88158,2
318407,1
1011454,2
461227,2
576278,3
492615,3
689140,2
611430,2
598002,2
430776,3
662941,2
500588,2
273224,3
388513,2
472682,3
620692,2
474838,3
95832,2
116575,2
875493,2
555384,2
569346,3
758940,2
78835,2
571232,3
917142,3
374961,3
735805,3
289696,3
634597,2
429919,1
353173,2
459459,2
126820,3
467841,2
15655,2
19403,2
843375,2
65198,3
150455,2
415604,3
952081,2
290846,2
641886,1
583261,3
950673,2
585659,2
743386,2
942691,2
926363,3
941892,2
599214,2
496940,2
984802,2
997514,2
301986,1
27904,3
720343,3
169089,2
866019,3
310781,3
391528,2
503797,2
263822,3
761487,2
639378,2
814131,3
401519,2
246827,2
322239,2
281586,1
378896,2
526534,1
691916,2
905547,1
319830,3
464271,2
687881,2
673030,1
885989,2
952176,2
849090,2
474921,2
803742,3
74973,2
682366,1
675264,1
382169,2
46792,2
676368,1
551918,3
433527,2
337406,3
489616,2
266536,2
412589,2
350492,3
641268,2
899015,2
815530,2
765823,3
167476,3
1008945,2
880423,2
355049,2
1024902,2
701764,2
836737,2
430426,3
1047789,3
667246,2
601114,1
524433,2
172095,3
738994,2
130191,3
314899,2
421385,2
455190,2
34694,2
420009,3
648900,3
881954,1
1024248,2
902499,2
357037,2
257000,1
589359,3
523791,2
232488,2
936759,2
440453,3
1021570,3
662901,2
615317,2
953942,2
296016,3
855176,2
496978,3
371709,2
550614,2
924599,2
582656,2
27588,2
83912,2
594441,3
955804,2
662455,3
577544,2
148120,2
149198,2
414826,2
685903,2
1026427,3
977196,2
65446,3
866233,2
769926,3
227777,2
154386,2
860545,1
556529,1
921804,2
856226,3
956506,3
517597,3
1007978,3
84132,3
516160,2
146155,2
238782,2
651952,2
923843,2
25626,3
821591,2
827741,2
647536,3
295790,2
828506,2
1031884,2
689359,2
836387,3
539948,3
750888,2
115982,1
850143,2
1039374,2
897702,2
586029,3
379245,3
944010,2
387685,3
900455,2
432015,2
836596,3
290719,2
303415,2
802736,2
833158,1
569647,2
349052,2
936252,3
1009553,3
510482,2
316119,3
591734,2
627308,2
405883,2
178388,3
727877,3
972592,2
229350,2
316760,2
335947,3
672058,3
971206,2
427013,2
481096,2
226638,3
433071,1
982917,2
808740,3
644695,2
943403,2
551475,2
557509,2
110255,2
67168,2
717997,2
419651,2
1016180,2
636034,3
936421,2
231139,2
971166,2
779452,3
441380,2
585955,3
796810,3
821842,2
7060,2
377429,2
786979,2
670332,3
191372,2
485463,1
247539,3
20588,1
358857,3
440115,2
277146,2
663241,2
686729,2
515844,2
569173,2
360332,2
1030663,2
326546,3
408214,2
788323,2
676386,2
515393,1
470566,2
587620,3
1046326,2
85521,1
767553,3
50270,2
844199,2
1006886,2
895214,2
184701,2
559293,2
893737,2
913473,3
906442,2
582968,2
554743,2
266407,2
164730,2
867062,1
158076,2
630197,2
434609,2
744714,2
20949,3
962116,3
241052,3
208044,2
748718,1
180142,2
489626,2
855510,2
441785,2
564853,2
930532,2
750911,2
615179,3
253063,2
215310,2
334637,2
854850,2
97630,3
962639,2
154670,2
982935,2
955196,2
321010,2
372563,3
231488,3
280329,2
994542,2
458702,3
413335,2
632433,2
997344,2
553378,2
203245,2
359702,2
314156,3
743681,2
540019,2
309742,2
608946,3
623142,2
598476,2
30753,3
92733,2
331667,1
147948,2
735915,2
77428,2
376576,2
747488,2
627053,3
788976,3
216216,2
783973,2
930223,2
525610,3
533760,2
435348,3
973293,2
914143,1
883594,2
371993,1
32884,3
893144,2
675023,2
1008003,2
874492,2
127847,2
682586,2
467728,2
742685,3
617868,2
223758,2
814650,1
1036670,2
225894,3
304848,2
858713,3
630699,2
98598,2
391806,2
38890,2
145956,1
168200,3
844252,2
375505,2
660491,2
475822,3
394149,2
126897,3
356632,2
873613,3
101217,1
690145,2
171042,3
588809,3
448345,2
445530,3
2524,2
675429,3
647555,3
847761,2
822986,3
993257,2
732008,2
777970,2
721656,2
80865,3
1040306,3
155557,3
699268,3
387832,2
864117,2
508349,3
682181,2
471487,2
316084,1
184709,2
987092,3
843779,2
575247,2
937150,2
492117,2
940879,2
726754,3
793554,1
195432,2
753912,2
60256,2
283519,3
291895,3
484600,2
932346,2
482012,2
397342,1
537876,3
128346,3
252861,2
370407,2
394631,2
80496,2
271686,2
720876,3
364267,2
821921,2
948919,2
333472,2
637306,2
363892,2
387634,2
881433,3
319956,2
279107,2
508805,3
398320,3
993172,2
501327,3
860918,2
569620,2
702093,2
182912,2
524434,3
685987,2
974124,3
833754,2
982101,2
584141,1
1005113,2
547299,2
1006968,2
54967,2
712678,3
352692,2
263961,2
958311,2
352313,3
742454,3
897509,3
780029,2
395117,2
748217,3
965113,2
92544,3
466133,2
567148,2
135815,2
732174,2
744652,3
672672,2
214306,2
21391,3
865470,2
303127,1
457583,3
160926,2
58615,1
596346,2
263197,1
881459,2
853310,2
691494,3
353790,3
551391,2
743815,3
552769,2
819121,3
132505,2
344327,2
1012232,3
111057,2
26784,2
724795,3
673034,3
270083,2
858060,3
763748,2
887413,3
40194,2
880365,2
321910,3
723237,3
884537,2
1016421,2
594125,2
879963,2
681529,2
118802,2
127441,2
569299,2
218134,2
1040673,3
691537,2
30198,2
72766,3
169073,3
578920,2
137640,1
20595,2
687045,2
496073,3
731519,3
465158,1
164943,3
980226,2
807055,2
8906,2
751155,3
530037,2
631648,3
687981,2
530894,3
125890,2
471377,2
921352,2
197984,2
993634,3
86215,2
669522,2
496131,3
175914,3
289625,3
392044,2
324238,3
900760,2
187645,1
354609,2
988429,3
972671,3
1008483,3
684208,3
189680,3
946954,2
344022,3
335762,2
249276,3
307120,2
481985,2
20439,1
462474,2
268745,2
600690,1
396351,3
879525,2
753987,3
705964,1
111733,2
543005,2
206408,3
639218,2
1047339,2
614410,2
264550,1
267012,3
1002020,2
296750,1
88137,2
949584,1
158752,2
946783,2
900105,2
155755,2
829510,2
492559,3
681898,3
600118,2
209732,2
919657,2
731349,2
294304,2
898621,2
774891,2
807048,2
438406,1
642196,3
1024009,3
125329,2
787121,3
841459,3
20509,3
577896,2
345659,2
613865,3
949823,2
549534,2
597921,2
13550,1
817043,3
177007,1
746034,2
224064,2
506479,2
792478,2
590395,2
906127,3
444535,3
719863,3
859446,3
850286,2
487525,3
466171,2
586254,2
445384,2
50145,3
554171,2
545925,2
261985,1
25247,2
235801,2
405265,1
988250,2
886673,2
23423,3
1018437,2
617494,2
620992,3
743181,3
573703,3
107153,1
665842,2
341261,2
906150,2
140426,2
658058,3
898558,2
582315,3
787231,2
477672,2
107648,3
348880,2
762650,2
512895,2
1030894,3
1015125,3
223141,3
774774,1
547756,2
1042853,2
514674,3
512636,3
342998,2
826189,1
115547,2
828130,3
938608,2
943038,2
105759,3
17617,1
1031141,2
994985,3
655738,3
752314,2
462112,3
236081,2
54316,2
485618,2
1032511,3
726927,2
506344,3
929327,2
403513,3
949695,2
322398,2
513953,3
860791,3
486663,2
707868,3
304665,2
749699,2
268164,2
791278,2
386515,3
132127,2
881532,2
1036532,2
78611,3
801567,2
314431,1
509402,1
3764,2
718643,2
972138,2
827886,3
100063,3
312364,3
422827,2
172089,3
952983,2
193071,2
459903,1
158601,2
611184,2
808559,2
365424,1
967229,2
898550,3
828565,1
441270,2
449753,3
927405,2
310091,3
603045,2
136740,2
327449,3
1046718,2
711766,2
434468,2
179454,3
148428,2
811585,1
586598,1
464315,3
932374,3
39706,2
894038,2
585020,2
115532,1
863681,3
160698,1
803760,2
180835,3
80946,3
610822,2
961029,2
1044963,3
93512,2
178772,3
297498,2
238186,2
454359,2
209335,2
574737,1
65988,2
126824,3
121969,3
360592,2
457456,2
737847,2
627229,2
549610,2
790483,2
190321,2
361852,1
697181,3
976550,2
145051,2
967754,2
462935,2
976659,1
944250,2
906032,2
872889,2
710871,2
325855,2
108295,2
128267,3
346235,2
776208,2
1010161,3
766826,2
345330,3
611336,2
1034911,2
29192,3
589412,2
736253,3
766926,3
728141,3
226305,2
703907,3
700897,2
840167,2
186968,2
403876,2
46915,2
721448,2
135937,2
503588,1
754087,2
288395,3
415789,2
972092,1
1047172,2
650557,2
1016699,2
261277,3
19238,2
541659,3
197249,3
456604,3
676861,2
669661,2
128853,2
859530,2
309708,2
59709,2
202705,2
729939,2
253661,2
238838,3
234171,2
529410,2
784862,2
961145,2
709074,2
12120,2
957207,3
376868,2
887405,2
842569,2
313173,1
578249,3
182987,2
107182,3
477454,2
397670,2
425064,2
363899,2
181641,2
608662,3
495386,2
950623,2
650610,2
424115,2
185341,2
51951,1
297746,2
857230,2
854271,2
370509,2
682286,2
895761,2
322308,2
473494,2
275670,3
881119,2
1051287,1
944272,3
910919,3
997431,2
309813,3
769371,2
187598,2
1033186,3
418835,2
501695,3
953156,2
782404,2
345155,3
433238,2
981031,2
24509,2
472700,1
14179,1
324854,2
101446,2
122817,1
581798,3
1031228,3
728879,2
384635,2
815710,3
344608,2
414125,2
139,2
109363,3
740006,3
765929,2
365215,2
870182,3
668042,2
781767,2
1029957,2
969477,2
737865,1
922987,3
688758,2
552233,2
865014,3
592930,2
277518,3
123681,3
55503,2
423890,3
567083,2
88224,2
248355,2
424236,2
77488,2
505652,3
847833,2
492380,2
524382,3
402312,2
733320,2
158636,3
663549,2
360167,3
718953,3
452607,3
357479,2
189151,2
396944,2
278471,2
1019973,2
983506,2
665552,2
638773,2
682024,2
830172,2
176884,2
268212,2
709351,2
481395,2
211948,2
699239,2
452030,2
819288,3
982311,2
281127,2
492170,2
864428,3
201625,2
214513,2
148518,3
923749,2
469095,2
647936,3
405662,1
625940,2
430704,3
447165,2
733237,1
395199,3
987914,3
931507,2
245015,2
725787,2
533688,3
978823,2
283448,2
480865,2
195816,3
1001112,3
473186,2
147203,1
110825,2
456054,2
262173,2
16962,2
284846,3
67852,2
839991,3
657039,1
977750,2
83857,3
649222,2
667220,3
566214,2
567144,2
267672,2
773493,2
752459,3
538787,2
334353,2
1018126,2
826606,3
1051670,2
721517,2
651759,1
160304,2
392276,2
398410,3
143577,2
855307,2
765324,2
353542,2
3335,2
542012,2
804061,2
217218,3
270769,2
882230,2
29152,2
973252,3
1011973,2
354993,2
981082,2
606545,3
995111,2
521396,2
537559,2
297870,2
570749,2
243214,3
423979,1
75326,2
705947,2
563813,3
825979,1
147990,2
1010858,2
72668,2
369069,3
832199,2
635982,2
284544,3
799883,1
307775,3
997596,2
563445,3
314902,3
486504,2
782375,2
243908,2
607940,2
829802,2
480977,3
1032883,2
406637,2
87147,2
324766,2
25336,3
619273,2
840907,2
312575,2
1010018,2
776808,2
408333,3
714044,2
953467,3
695400,3
629338,2
825286,3
430836,1
933794,1
384883,2
1032373,1
716899,1
672948,3
998165,3
325270,2
20009,3
892731,2
200579,2
833031,2
326366,2
144911,2
828040,3
443636,2
365555,3
624200,3
51936,2
882941,2
403086,2
330653,2
886174,1
237202,2
899185,2
714592,2
694107,2
649201,3
709756,2
632002,3
174011,2
910597,2
913269,2
200044,1
573351,3
372526,2
254930,2
484924,2
6664,2
437437,3
555834,3
509189,2
510532,2
519811,2
567112,2
824139,2
451171,2
367661,1
201846,3
48763,2
940414,3
375233,2
1052850,2
190239,3
73087,2
518234,2
909199,2
42573,2
522016,3
468507,3
743428,2
833706,2
369775,2
166561,2
879137,2
835942,2
459224,2
659681,2
931034,3
32559,2
843435,1
145968,2
943381,1
158745,3
899378,3
26569,3
540801,3
536078,2
993747,2
658800,3
922109,3
918703,2
708604,2
265767,3
151977,3
819353,2
30224,2
837303,1
925807,2
821396,3
1015841,2
459618,2
191264,3
816283,2
923163,2
87022,3
1002968,3
29849,2
495103,3
160256,2
923634,2
779309,1
925836,3
325660,2
557196,2
631999,2
497258,2
1047139,2
81913,1
521468,3
833374,2
551880,2
712035,2
65355,3
129048,2
432436,3
450707,3
845828,2
541613,2
151098,3
535115,2
271624,2
972482,2
967673,3
615090,3
98129,3
474820,2
13958,2
345565,3
988961,2
738515,3
769510,2
772617,3
690683,3
170771,2
15553,2
486097,3
281517,2
237071,2
21435,2
220150,2
44708,2
206660,3
677286,2
546961,2
923132,3
758147,2
654582,3
707420,2
169043,2
184744,1
895331,3
595198,3
1032558,1
326593,3
47611,3
291302,3
316289,3
750179,1
420355,3
989821,2
805317,2
440949,2
633478,3
152395,3
674504,2
713871,2
637598,2
458890,2
565733,2
331221,2
364482,2
503938,2
699893,3
916971,2
75651,2
231457,2
669271,2
687984,3
28149,2
31943,2
574352,2
304954,3
955314,1
756530,2
285829,2
577172,2
535955,2
407059,2
810443,2
175079,2
428610,3
692776,2
399278,1
630876,2
965000,2
115587,2
863778,3
3664,2
365457,1
99410,1
250044,3
841938,3
607750,2
1039338,3
584173,2
676039,3
467311,1
464648,2
341371,2
134705,3
533637,2
25678,3
742753,2
846285,2
179986,2
1023190,2
320637,2
101599,2
753982,2
666284,2
973541,2
137686,3
212163,2
516696,2
228722,2
985894,2
817381,2
398872,2
1047594,2
810169,2
215317,2
834712,2
20334,2
417527,2
186459,1
641003,2
792803,2
663659,2
186605,1
14366,3
911875,2
884843,1
424024,3
795215,2
54225,2
252646,2
347584,2
495970,3
546827,3
722637,2
619704,3
969699,2
333373,2
377739,2
25755,1
356158,3
906513,2
765937,2
13156,1
1034504,1
216955,3
810437,2
620780,2
184873,1
972412,3
1010554,2
612631,2
228576,3
641146,1
261825,3
656271,3
431168,3
735630,2
804030,2
965620,2
763672,2
1035548,2
900785,3
471523,2
696529,2
12751,3
268980,3
587125,3
647816,2
587408,2
115054,1
369161,2
904629,3
20023,2
994861,2
675301,2
230881,1
780615,1
944949,3
356583,2
905755,2
216211,3
1025842,2
797999,2
311734,2
586391,3
606637,3
422702,3
423897,3
336420,2
665318,2
393722,3
947350,2
888907,2
942731,2
709144,3
478431,2
763609,3
234441,2
728859,2
11466,1
845614,2
13852,2
544539,3
511253,2
418274,3
19766,2
573749,2
256444,2
989152,2
884238,2
208956,2
190662,1
365916,2
205242,2
544846,3
44284,2
493789,3
39886,2
1019527,2
119942,2
93899,3
414126,2
414925,3
434133,2
484213,3
358509,2
227126,2
437640,2
825022,3
373088,2
984651,3
446360,2
901514,3
811824,2
243007,2
151033,2
192626,2
617390,2
430462,3
303093,2
1022565,2
164628,3
96146,2
273946,2
695759,3
714250,3
92116,2
136915,2
342807,3
930220,1
864941,3
196409,2
195249,2
911069,2
250313,2
255601,2
699472,2
235209,3
747620,3
735574,1
277770,2
578582,3
618991,2
346044,2
326810,2
567680,2
289550,3
982693,2
391097,2
279735,2
917588,2
434531,2
469968,2
167283,2
463963,2
1006288,2
506012,3
439059,1
700952,2
18386,2
708671,2
600902,2
377519,3
51841,2
1029081,2
1022550,2
365179,2
326053,2
1017362,3
691621,2
835220,2
1020828,2
977177,2
1044658,2
819776,2
1039208,3
1049711,2
555453,2
16203,1
270420,3
663778,3
2467,1
899272,2
728961,3
867746,3
263884,2
449214,2
76303,2
543451,2
204763,3
676511,3
137218,2
572616,2
390516,2
176199,2
121827,2
302468,2
286541,2
243521,3
547639,2
646666,3
662847,2
666852,2
554268,2
475379,3
840444,2
549006,2
650466,3
508652,2
137939,2
489290,2
304405,2
800289,2
679214,2
409299,2
810842,2
1044557,2
363523,3
113207,2
966298,3
477757,2
81206,1
269421,2
481165,2
654458,3
769469,2
980370,2
677923,2
501827,3
404311,2
206853,3
531681,2
647538,2
91294,2
386599,1
29971,2
642419,2
786412,3
535508,3
456531,3
976085,3
135994,3
450416,3
1008155,2
471559,2
827405,1
557442,2
648937,2
72008,2
781751,2
34000,3
237549,2
430455,2
847245,3
674603,1
1038502,3
98231,1
304715,3
864394,3
416680,2
400518,3
71070,2
760658,2
998504,3
898624,2
304111,2
423186,2
363681,2
689121,2
643126,2
207915,2
492142,2
689851,2
1041876,2
1031213,2
243591,2
809212,2
274532,2
576174,2
425323,2
526088,2
565576,2
636010,2
919849,1
221302,1
560582,2
591881,2
581353,2
307377,1
33793,2
32920,2
711623,2
1021373,1
458102,1
53283,3
736413,2
462684,2
370052,2
902240,2
662751,2
845234,2
534976,2
630972,2
138893,2
549427,2
129761,3
856369,2
451833,2
840911,2
1009736,3
530718,2
782765,2
121925,2
670592,2
809944,1
46320,2
252300,2
369968,2
764677,2
431941,2
839024,2
298343,2
969194,2
869072,2
880881,2
114457,2
818743,3
839105,2
961695,3
553998,2
875859,2
705470,3
211536,2
205516,3
944082,2
748313,2
1027020,2
855533,2
213964,2
90890,2
1045779,2
384568,2
478585,2
191797,2
148657,2
294816,2
984837,3
713682,2
726359,2
674701,2
28842,3
250897,3
1023866,2
912293,2
424791,2
182908,3
121281,2
1028221,2
1015176,3
147664,3
658807,2
330083,2
920461,3
432269,2
353154,2
867157,3
1012511,2
552558,3
111138,2
3375,2
126252,3
1048478,2
655699,2
734236,3
563959,2
558429,2
793024,2
681474,2
828523,3
199424,1
564063,2
723937,2
647606,3
384679,2
824418,2
435358,2
605019,1
333446,2
741252,2
469471,2
950356,2
662906,2
915154,2
607254,2
838402,2
232801,3
382382,2
983531,2
700426,2
975238,2
1018325,2
326570,3
528496,3
770554,2
906675,2
217349,2
782604,1
1016627,3
890527,2
447556,2
62526,2
113527,2
963364,3
651440,2
119707,3
616503,2
45438,2
391227,2
95102,2
788729,2
484815,2
754112,1
294869,2
193867,2
608230,3
529266,3
97492,2
696457,3
694736,2
826339,3
401185,2
943068,2
912510,1
233730,2
223048,2
172247,2
602975,3
598875,2
297862,2
503969,2
364875,3
542211,2
562402,2
574955,2
844436,2
549412,2
1051907,2
933324,2
556053,2
271588,3
759816,2
551078,2
914468,2
811241,2
47640,2
181797,3
675180,3
987028,2
716866,3
488911,2
273435,2
544558,2
854717,3
489282,2
629388,3
560566,2
724748,3
310991,2
796560,1
226767,2
400028,3
392711,3
573002,2
907943,3
51827,2
93914,2
881587,2
181811,2
618972,1
741865,2
1045662,3
47484,2
949049,2
735009,3
805131,2
908505,2
569592,1
807806,2
526457,2
56901,2
88967,3
1014605,2
746853,2
753440,2
677216,3
497518,2
573346,2
14364,2
851624,2
362503,2
618129,2
348139,3
124797,2
256058,1
322055,1
398851,3
1026642,2
316249,1
71753,3
924748,3
24956,2
277621,3
534111,2
595712,3
715378,2
200308,3
365780,2
440352,2
154586,2
149082,3
76806,1
430547,2
185183,1
986900,3
344582,2
943575,2
652113,2
751848,2
998064,2
235680,1
98174,2
251849,2
351059,2
411027,2
307838,2
746427,2
453110,2
522691,2
51210,2
125829,2
925709,2
55804,2
402673,2
609417,2
822444,2
973378,2
847853,2
972225,1
20738,2
803650,3
817710,2
114262,2
785141,2
720686,2
594566,2
816422,2
844846,1
978324,2
1040307,3
40075,3
964565,2
298900,2
347980,2
481918,2
456721,2
335624,2
88685,2
344371,3
1033539,3
950391,2
789162,3
466830,3
676720,2
243240,2
256772,2
982005,2
849625,1
710726,3
789945,2
553097,3
729500,2
692460,2
179153,3
358483,2
591743,2
129488,2
294305,3
348845,1
242847,2
642669,2
925287,3
671494,2
408509,2
228523,3
738417,2
790180,2
382565,3
941366,1
97433,3
951255,2
618845,2
597201,2
582438,2
123767,2
231387,2
693375,3
728112,2
282390,1
41750,2
860819,2
857381,2
944776,2
84268,3
784044,2
179544,2
351002,3
209879,2
781283,2
177561,2
420263,2
481185,3
642059,2
466466,3
379199,2
280695,3
362118,2
698572,2
877591,2
662267,2
250316,2
877022,2
1012576,1
858982,3
904014,3
153631,2
14845,3
877538,2
104477,3
1024738,2
871365,3
235399,3
912987,2
38096,2
28900,3
56193,2
678947,3
269518,1
294016,2
115247,3
175346,2
94713,2
1004819,3
935313,2
188791,2
107663,3
351756,1
1043077,1
991709,2
662048,3
117533,2
7931,2
721139,1
1007631,3
978711,2
261077,2
1017035,2
792722,1
756386,2
1036723,2
373045,2
688192,1
1008,2
1022727,2
577723,2
214787,3
921043,3
559789,2
344034,2
955766,2
870686,3
143178,2
52634,2
316984,3
949593,2
342978,2
187007,2
1036061,3
1048975,2
490970,3
654308,2
565484,2
772829,2
624346,2
784117,2
664540,3
401473,2
449038,3
530325,3
594488,2
158420,2
674976,2
148878,2
363597,3
1042892,2
406888,2
579926,3
280822,3
138091,2
511443,3
425838,2
113235,2
861731,2
899315,2
993677,2
775997,2
826529,3
755234,2
656924,2
1036302,1
272785,3
133272,2
840771,1
713941,3
828992,2
672165,2
423500,2
133903,3
767064,3
892048,3
889179,2
853526,3
452221,3
693965,2
149281,1
835698,2
143244,2
1013322,2
135211,2
734162,2
296699,2
402750,2
730084,2
1023503,3
1045928,2
473861,3
807382,2
254767,2
430863,3
918061,2
90588,2
1006782,2
334064,2
780549,2
367853,3
299106,3
632399,2
329939,3
108115,2
467475,2
1011447,2
731737,2
141468,2
126561,2
323490,3
774269,2
833263,2
533747,2
475847,3
402328,3
192680,3
494844,2
952460,3
318846,3
533923,2
365653,3
572307,2
243206,2
700823,2
301273,2
13781,3
116392,2
72343,2
890792,3
928464,2
216443,2
469192,3
453105,1
714730,2
997531,3
787822,2
990265,2
750247,2
562907,2
929043,2
271330,2
143323,3
518753,3
145484,2
382544,2
490373,2
782476,2
782025,2
268234,2
48652,2
356417,2
83582,2
319749,3
509052,2
736548,2
494687,2
192314,2
606762,2
91164,2
883608,2
772626,3
757214,2
335262,1
925889,3
253405,3
1017506,2
706469,2
611666,2
20441,2
403190,2
332507,2
441170,3
623420,2
1050056,3
828742,2
279190,3
926140,2
812425,2
132584,2
296174,2
718796,2
403811,3
187573,2
296215,2
942743,2
205344,2
116185,3
999205,2
675919,2
503791,3
575042,3
47941,3
584292,1
649378,2
66696,1
572794,3
481442,3
13769,2
667390,2
663917,3
545887,2
781890,2
55832,2
758229,2
922650,2
116910,2
151819,2
287425,3
673076,3
618843,2
965254,2
793556,2
833581,2
666302,2
62777,3
605278,3
555977,2
1008917,2
437999,2
872270,2
673676,3
518987,2
942860,2
762449,3
799847,2
842892,1
530985,3
555772,2
469612,2
287980,2
477741,2
1026223,2
950280,2
46352,3
636732,3
478556,3
111676,2
506645,2
304585,2
340186,2
221676,3
334503,2
386065,1
524298,2
696507,2
817336,2
584984,2
224219,3
816959,2
943504,2
865140,1
815875,3
459858,2
695950,2
190778,2
564663,3
1037221,2
302460,2
246783,2
62310,3
802239,2
262963,2
611657,2
615196,2
724901,3
1018136,2
277259,3
125209,2
4269,2
8625,2
876506,2
246196,2
685872,2
828884,2
302529,2
794325,2
235380,2
623215,3
74241,2
676025,2
12429,2
143280,2
896766,3
21810,1
184379,2
890678,2
870732,3
876574,2
913339,2
122906,2
239670,3
302209,2
145926,2
540567,1
604675,3
941995,2
749192,2
149246,2
612226,1
156823,1
722588,2
731869,2
611520,3
465418,3
495374,2
258368,3
451378,3
30236,2
204969,1
397742,3
178447,2
735558,2
553654,2
897061,3
817400,3
960824,3
920518,2
343301,2
362007,2
389526,3
55686,1
194402,3
673767,2
984296,2
94003,2
1026632,2
895999,3
264555,2
618031,3
1036858,2
356652,2
757437,2
353858,3
807319,2
79853,1
830880,2
1003450,2
914054,3
357398,3
261821,3
257643,2
641310,3
925399,2
646865,2
351785,2
756358,3
364154,3
763239,2
405764,2
989678,2
56201,3
303296,2
795788,3
455238,3
541802,2
80480,3
906508,2
995773,2
961246,2
97624,3
784093,3
982535,3
589223,3
565778,1
295022,2
990099,2
470311,2
951690,2
790663,2
171087,2
207141,3
40611,3
100399,2
683406,2
189760,2
26336,2
443697,3
661143,2
80243,2
430339,2
46522,2
631481,2
62969,2
951411,3
582822,2
335110,3
700613,2
767619,3
1012042,2
844414,3
811658,2
599917,3
252550,2
297625,3
646830,2
1001048,2
539766,2
292427,3
885606,2
715239,3
859817,2
441929,2
1052588,2
845958,3
535980,2
978551,2
911824,2
563800,2
837275,1
25911,3
675188,2
291552,3
455369,2
689454,3
206104,3
262010,3
254787,2
702692,2
636314,3
826597,2
499086,3
622337,2
977590,2
828407,3
177266,2
972946,3
806075,2
118058,2
96124,2
187349,3
406288,2
518852,2
336198,1
302924,2
123958,2
448575,2
779841,3
247784,2
586305,2
923777,3
771387,2
644835,2
874387,3
26131,3
666021,3
932316,2
184625,2
915952,3
892413,2
885030,2
630644,2
787487,2
280008,2
668267,2
588338,2
168411,2
884833,3
901378,3
522473,3
235764,2
165395,3
322233,2
564487,3
281240,2
467946,3
444501,2
989913,2
864768,2
111867,1
923980,2
450684,2
859024,3
599436,3
2852,2
823819,2
789069,3
295708,2
888305,2
701983,2
1000759,2
701720,1
1263,3
846209,2
863598,1
823354,2
789627,1
906471,3
757416,2
794907,2
924885,2
41505,3
342264,2
781312,3
945360,3
496511,3
445162,2
351656,2
425744,1
979310,3
412177,2
947357,2
137075,2
161808,1
712033,3
447083,3
283470,2
526595,2
934452,2
1038252,2
1018064,3
691983,2
83091,2
998348,2
275420,2
421155,1
42403,2
484718,2
440396,2
781586,2
882024,2
582331,2
643333,2
58500,2
1052492,3
584809,2
478932,2
964499,2
900465,2
488619,1
478360,1
512129,2
523315,2
865969,2
559546,2
11997,2
852136,2
593992,2
39250,2
794698,3
332522,2
856495,3
633745,2
335750,2
437109,2
269850,2
855160,2
536190,2
878683,2
1052514,2
772327,2
420333,2
616358,2
577759,3
743704,3
896616,2
20896,2
187606,2
641889,2
1008435,2
323512,2
944264,3
270403,2
220460,2
14288,2
970433,2
861577,2
402703,2
686874,3
511616,3
88291,2
84362,2
541505,1
594149,2
849185,3
625758,2
97448,2
64542,3
914968,2
406844,3
623980,1
55007,2
357515,3
60485,2
890987,2
813594,2
548486,2
544544,2
910082,3
497503,2
641729,2
967375,3
490219,3
189548,2
570269,2
933570,2
491292,2
92809,3
14652,2
611429,2
369720,3
233851,2
939957,2
652708,2
547058,2
334196,1
849252,2
691414,2
897979,2
183093,3
442665,3
378318,3
980681,3
863771,2
145452,1
812785,2
133266,2
821643,1
815891,2
334638,2
1020545,3
908933,2
183156,2
13864,2
375623,2
327565,2
773918,3
743700,3
951351,2
504722,2
672871,2
855525,2
762782,2
862190,2
13981,2
1020259,3
36664,2
841443,1
901824,2
836505,3
694144,3
435605,2
964611,2
760451,2
690502,3
343361,2
524431,3
1000056,2
382969,3
1026521,2
286461,2
101171,2
493935,3
1023206,2
556158,2
904035,3
109200,3
561716,2
56374,2
348569,2
856758,1
922914,2
648052,2
874760,3
722115,2
402359,2
628150,2
751678,2
489574,3
601739,2
596435,3
542892,2
659581,2
752576,3
653559,1
917448,2
258477,3
701179,2
538830,2
178139,2
297279,2
631705,2
367239,3
821677,3
710495,2
150904,2
779929,2
361559,3
83179,1
742661,2
689265,2
377967,3
125683,1
582965,2
35170,2
746888,2
816302,2
666842,2
431524,2
1025925,3
845762,2
409741,3
223580,2
719660,1
72189,3
664135,2
647643,2
883026,2
965504,2
863161,2
1032968,2
854583,3
183598,3
452902,2
299229,1
152705,2
314816,2
225568,2
256845,1
65814,2
1011626,1
10146,2
543122,1
797297,2
619000,3
916667,2
571277,3
922533,2
703499,2
828904,2
139661,2
682912,2
955993,2
499513,2
339598,2
394643,1
489154,1
172801,3
568558,2
128697,2
740758,2
739640,2
282104,2
926926,2
433295,2
975504,2
363722,2
226877,3
39956,3
1014179,2
652877,3
272393,2
794627,3
872399,2
209574,2
607057,2
46425,3
479393,3
839754,2
501351,1
43038,3
1029203,2
832064,2
617163,2
322602,2
589425,2
150943,3
970091,2
81164,1
37029,2
850958,2
794183,2
235716,2
440599,2
1031713,2
317725,2
763136,2
828058,2
233222,2
278988,2
454100,3
113038,3
350516,2
45011,2
818231,2
575096,2
928821,3
117430,2
297612,1
196482,2
306645,2
1031659,3
723568,2
932766,2
755546,2
44387,3
576952,1
460966,2
736898,1
218732,2
323436,3
239874,2
706858,2
14055,3
373227,2
558973,1
1049368,2
654626,2
760501,2
838722,2
649736,3
313991,2
132237,2
43455,2
100825,3
971280,2
663987,2
655786,3
980875,2
76690,2
53963,2
324153,1
421165,3
410742,2
313112,2
860506,3
867147,2
207422,2
660790,3
497219,2
365026,1
710730,3
1003540,2
798587,2
724758,2
533951,2
185539,3
868408,3
132876,1
649415,2
451616,2
265528,2
610321,2
329636,2
47602,2
764374,2
956487,2
457020,3
544360,2
236906,2
1027074,2
447505,2
996827,3
812503,3
280921,3
1009768,2
952350,2
482176,2
230724,3
820027,3
18475,2
67790,2
37153,2
956116,3
300956,3
293909,2
683983,2
470441,2
711887,3
888263,2
472087,1
30385,2
831285,2
670129,2
610502,3
357995,3
697048,2
197882,3
560092,2
521303,2
421642,2
990508,2
520720,2
949136,3
511006,2
830975,2
179762,3
271566,3
638578,3
47284,2
480983,1
952680,2
914055,2
526004,2
671626,1
280010,2
333913,2
63694,2
925427,2
931984,2
543723,2
495828,2
118885,2
316409,3
576233,1
346624,2
738015,2
528872,2
279931,2
168901,2
370253,2
770679,2
383228,2
482881,2
435523,2
943002,3
565693,3
374624,1
516120,1
6211,2
951535,1
992106,2
370014,2
181473,2
359007,2
441263,2
565403,2
861377,2
821405,2
649218,3
301635,2
1019857,2
84124,2
950985,2
702154,2
212285,2
529800,3
235880,2
93588,2
108346,3
767443,3
1034765,3
264354,2
468584,3
160463,1
494551,2
80124,2
996831,2
92878,2
683915,3
1002247,3
661515,2
1015198,3
365720,2
36679,3
202259,2
750311,3
973896,2
226911,2
912899,2
868859,2
18798,3
723062,2
44156,3
587022,2
32350,2
461550,3
402348,3
294718,2
815742,2
403422,2
856522,2
48364,1
554346,3
971258,2
676321,3
901754,1
312815,2
810575,3
370173,2
804983,2
957275,2
299657,2
1003552,2
787897,2
64146,2
560700,2
621456,3
407341,3
964013,3
164883,2
131643,2
151204,2
540734,2
689645,3
904456,2
2337,2
602513,3
759781,1
428603,2
124802,2
430688,2
221911,2
731536,2
327210,2
425927,1
848498,3
752973,3
502426,2
888544,3
224845,2
533702,2
739091,2
96632,3
413223,2
511188,3
464599,2
857716,2
920154,2
1013044,1
856007,3
1015138,2
397765,3
556744,1
109865,2
780046,2
1008712,2
262970,2
715700,2
133431,2
640909,2
558332,2
694614,2
783468,2
929106,2
871549,3
747662,3
29124,2
77094,2
1011188,2
115206,2
946396,2
11944,2
156370,2
305209,2
890230,3
583457,3
573119,3
106908,3
441681,2
1026169,2
512234,3
131096,2
252267,3
869398,2
198892,3
830844,3
432176,2
588516,1
191867,3
866833,2
108783,2
943914,2
709350,2
185904,3
533740,2
274811,2
874731,2
925438,1
265579,1
229125,2
154911,3
591990,2
156423,3
81918,3
360222,3
656278,2
891580,2
804468,2
714408,2
69820,2
610398,3
745317,2
660515,3
1046353,2
702252,3
396734,2
121768,3
153739,2
274466,3
1015958,3
745686,3
448076,2
796417,3
692012,1
614895,2
116254,2
1028339,2
375428,3
380253,2
819662,2
486909,2
260239,2
989484,2
962227,2
514996,3
533813,2
758096,2
750398,1
73787,3
16480,2
478761,2
287698,1
897266,1
776665,2
101210,2
461965,2
645973,2
729672,3
359496,2
128651,2
132932,2
793159,2
186458,2
695812,3
756631,2
145317,2
496937,3
566530,1
259650,3
774920,1
126365,3
320623,2
909870,2
782147,2
120209,2
129889,2
92419,3
248178,2
439459,2
324380,3
551535,2
51273,3
723218,2
358152,2
6231,2
381073,2
549971,2
599532,2
540168,2
902635,2
781986,2
1025403,2
740741,2
864583,2
40920,2
212259,2
1008733,2
265815,2
658087,1
137214,3
886614,1
253991,2
278946,2
924510,3
73575,3
398890,3
10036,3
896091,2
812191,2
322516,2
995093,2
505306,2
13495,2
73961,2
439744,3
797923,2
351075,2
425836,3
1015822,3
593324,3
422413,2
767172,3
47161,2
646726,2
211727,3
999344,2
557670,2
314164,3
1052560,2
274577,2
490499,2
37641,3
583703,2
674149,2
603570,2
182384,2
1024090,3
773661,2
962288,1
63314,3
392361,2
569603,3
304038,2
1024292,2
331171,2
911680,2
579264,2
24935,2
22914,2
762565,2
297312,2
41645,3
790440,2
231039,2
339234,3
879686,3
353988,2
411705,2
457290,2
372759,2
4846,2
638597,2
1024884,2
885079,3
62632,2
192032,2
983456,2
365308,2
140082,2
442211,1
544614,3
990214,2
671246,1
553054,3
21656,2
458370,2
251336,3
872917,1
535654,1
853815,2
834755,2
370579,2
789992,2
312839,2
1038557,3
188366,3
3506,1
454159,3
213931,2
766366,2
549760,2
760197,3
1025131,1
357070,2
731830,3
498601,2
615043,3
448946,3
664990,1
793262,2
668589,2
288332,2
306631,2
959702,2
992059,2
618243,2
727155,1
637956,2
388019,2
802302,2
757411,2
230892,3
297408,2
510579,2
90195,2
872748,2
31912,2
156671,2
841421,2
834762,2
193218,2
652504,2
11050,1
17089,2
6704,2
113481,3
928331,2
550568,3
807404,2
912145,2
2472,2
412012,2
58524,3
972803,2
45397,3
279167,3
63126,3
50224,2
321004,2
485461,2
363443,3
72420,2
684765,2
486387,1
529304,1
442075,2
583436,2
891975,2
121694,2
14509,3
426394,2
682313,1
690910,2
765145,3
363797,3
703042,2
562954,3
979523,2
377567,2
834152,3
61754,2
596883,3
727703,2
475731,3
72916,2
46191,3
937933,1
726234,1
162518,2
1026544,3
100586,3
944162,2
23057,3
101461,1
426305,2
334595,2
973851,3
780932,2
825871,2
819307,2
1003110,1
370902,3
135547,2
329175,2
448390,2
1024250,2
923043,2
727380,2
153447,2
849604,2
280612,2
1012394,2
428507,2
625168,2
384255,3
550705,2
913159,2
1019921,3
292924,2
631221,2
146264,2
217831,2
817752,3
748354,3
446052,3
252481,2
353543,3
347117,2
674975,2
557780,2
168663,1
811579,2
368005,2
832722,3
236015,2
882706,2
913550,3
938135,2
396514,2
150469,1
775810,3
715119,2
941759,1
930400,3
210234,3
545607,2
1005703,3
169771,2
739102,3
1037832,1
309908,2
434945,2
120110,2
804556,2
744927,2
168960,3
740878,2
1037190,2
426048,1
622989,3
229160,2
993139,2
1041387,3
1026519,2
375524,3
172456,2
708444,2
429109,3
365929,3
676391,3
849611,3
186351,2
100105,2
982771,1
612783,2
829465,2
111256,2
805636,3
473120,3
949980,2
991021,2
143704,2
584360,3
754975,2
880257,3
402216,2
87471,2
943526,2
209517,2
156306,3
965876,2
299457,2
740542,3
74329,2
542222,2
335991,2
402575,3
180098,2
114593,3
148777,2
559848,2
556154,2
842669,2
37116,3
140927,2
7759,2
620311,1
1018998,2
222831,2
108950,3
802265,2
115032,3
400851,2
58443,2
29027,3
907365,3
425757,3
684078,2
884918,2
531396,3
751998,1
767668,1
406392,3
171291,2
297497,2
1020717,1
398939,3
541457,2
511863,2
710353,3
800566,1
58169,2
784954,3
16883,2
351225,2
190093,3
433609,2
509151,2
807115,2
727984,2
341380,2
298404,2
463849,2
429659,3
838686,2
401127,2
705893,2
850369,1
82313,2
368601,1
642276,3
301157,3
239570,2
100218,2
238796,2
396672,2
600184,2
58630,3
379603,3
255852,3
45634,2
112194,2
98682,1
895827,3
101426,2
663360,3
697168,3
501816,3
885389,2
494599,3
884641,2
262157,3
930318,2
50084,2
273055,2
830007,2
571043,3
516445,2
132938,3
1022360,3
18327,2
468370,2
377584,2
359711,1
55282,2
669488,2
959635,2
155619,2
713076,3
541149,2
192738,2
317544,3
351687,2
794121,3
806969,3
605889,2
296537,2
140298,2
1008186,1
78067,2
304098,3
441997,2
1051473,2
663785,2
311408,2
306839,3
40967,3
237287,2
253925,2
451849,3
504919,2
961900,3
603488,2
784581,2
125449,2
159428,3
839315,2
285647,3
455181,2
117706,3
739309,2
779901,3
459892,2
135893,2
552716,2
435435,2
277879,2
935226,3
401872,2
568686,1
371104,2
387490,3
29209,3
591617,2
578107,3
654389,2
884063,2
379853,2
939268,3
285166,3
452747,2
878620,2
969226,2
489661,2
274030,2
741139,3
850574,2
217164,3
699969,2
645230,2
1030454,3
1042540,3
726214,2
596614,2
701052,2
385183,3
388619,3
531058,1
327315,1
817476,1
845258,2
166478,2
336812,2
423578,3
766215,3
1043517,2
314795,2
151438,2
453753,3
257934,2
505996,3
2679,2
57745,3
1027050,2
104160,2
973811,3
735961,3
83534,2
344663,2
667876,3
83951,1
97198,2
674460,2
386304,2
891197,3
620287,2
655847,2
651287,2
860302,1
152760,2
410036,2
81493,2
415264,3
28483,2
725000,2
972205,2
449672,3
438258,2
919511,3
648537,2
259084,3
64763,2
336304,2
574730,2
830708,2
462379,2
591985,1
170879,1
406117,2
937987,2
230170,2
46372,3
52748,2
37904,2
226814,3
946042,3
906468,3
815707,3
29178,2
922124,2
897918,3
542980,2
17037,2
755651,2
872190,2
904773,3
265648,3
285928,1
960826,1
980620,2
981974,2
857514,2
59470,3
264272,2
188330,2
102181,2
369468,1
663779,3
385688,2
990976,3
948867,2
998632,2
71034,2
1015430,2
105885,3
514263,2
444185,2
324999,2
19933,3
730776,3
454149,3
702854,1
132489,3
239058,2
889827,3
324025,2
246083,2
1005488,3
318251,2
85616,2
703494,2
1001645,3
551695,2
577137,2
675946,2
422951,2
1037375,2
876124,2
70642,3
283885,2
86666,2
823834,2
293685,3
293891,2
386224,3
1045361,3
419886,2
635714,2
451186,2
188006,3
492923,2
516438,2
312487,3
739197,2
693993,2
262847,1
394498,2
700379,2
138696,3
202776,2
384127,2
289327,2
790735,2
928862,2
847188,2
333190,1
568087,3
913566,2
310834,3
185919,2
709333,3
898786,3
897060,2
635692,2
114415,2
664192,2
1028297,2
35128,2
504758,1
271630,2
814899,2
295955,2
634154,2
29344,2
922874,2
902604,2
851041,2
757533,2
736639,3
601390,3
1026044,3
1029434,3
257613,2
693323,2
73200,3
574192,2
920308,2
937612,2
1018710,3
988058,2
823286,2
206231,1
154786,2
805214,2
389171,2
368361,2
355769,3
734362,3
1019178,2
66202,2
898140,3
197257,3
699740,2
622062,2
105185,2
633787,2
29107,1
908850,2
563941,2
326881,2
402447,2
55505,2
530696,3
955060,2
471054,2
966606,3
20992,3
468431,2
889903,3
25418,2
109095,2
567937,2
517583,3
67691,2
542827,2
319894,2
115090,3
54739,2
605235,2
573180,1
201977,3
470968,3
579093,3
881745,2
853178,2
749500,2
23973,1
134887,2
858782,2
1045266,3
799208,3
440441,3
578782,3
432572,2
845758,2
761602,2
704379,1
385524,3
663289,2
679306,2
609648,1
993973,2
98980,3
191757,1
2791,2
668521,1
804205,2
593057,2
778356,2
1041126,3
79353,2
524376,2
814663,2
726509,2
911200,3
291767,2
910348,2
1019681,2
544757,2
192488,3
605755,3
934631,2
653287,3
284514,2
476679,2
245215,2
503599,1
520960,3
938761,2
607498,3
282213,2
10054,2
905508,2
942866,2
249359,2
985765,1
446632,2
547918,3
867906,2
178078,3
204096,2
586233,3
918172,2
230117,1
15396,3
142205,2
847563,2
236713,2
956899,3
833819,1
969417,2
595151,2
1028103,2
213523,2
1040106,2
680610,2
615850,2
934767,3
188978,2
1008750,3
19894,2
189349,3
130763,2
144228,3
623434,2
755671,2
456977,2
760048,3
808116,2
427049,3
233919,3
443556,2
661577,1
833460,2
726215,2
463476,2
903930,2
574504,2
23216,2
775716,3
169942,3
390445,3
11533,2
291982,2
888612,2
843579,3
502613,2
188803,3
967391,2
207390,2
63460,2
37604,2
467952,2
271122,2
680128,2
776481,2
527147,2
637048,1
560908,2
934914,2
314090,2
2456,2
72193,3
124248,2
782592,2
905535,2
365240,2
790575,2
569489,3
957569,2
392911,3
977327,2
538136,2
213009,3
580787,2
1005167,2
37681,2
541854,3
788113,3
964281,3
537949,2
205228,2
622799,2
1049760,2
420012,2
356009,2
862016,2
208774,1
302784,2
342741,3
869384,2
509879,2
1026485,3
2100,2
579626,3
946298,2
462230,2
77710,2
27919,2
491636,3
669218,2
262427,3
994598,2
793086,2
926876,2
811667,2
865054,2
198758,2
976122,2
273216,2
472844,2
977753,2
59404,3
604297,2
549877,2
606756,1
787696,3
40397,2
754585,3
450159,3
643430,3
863449,2
577730,3
747582,2
31562,1
279057,3
448298,2
301262,2
338518,3
945527,2
606574,2
913874,2
144088,2
919582,3
639078,2
183742,2
678801,2
891409,2
555341,2
112292,2
683640,2
417373,2
790648,2
322147,2
285629,2
1016878,3
296015,2
273112,2
803879,2
563530,3
619079,2
435890,2
101543,2
193777,2
468439,2
631810,3
799077,2
784968,2
425252,2
752604,2
811320,2
317455,2
790390,2
1037724,2
279255,2
797081,2
804309,2
15093,1
468304,3
496311,3
372267,3
313010,2
24352,2
234878,2
351836,2
998893,3
1003539,2
108522,2
358465,2
94417,2
388928,2
713955,2
145415,2
797450,3
861460,3
669528,2
257271,2
602251,2
205462,2
595559,1
587073,2
220272,3
170133,2
286285,2
885840,1
27553,2
1015401,2
721070,2
358797,3
308603,2
264375,2
678569,2
224413,2
927654,2
1012490,2
591783,2
676678,3
1034866,1
713165,2
1014556,3
263296,3
493863,1
883437,3
848162,2
799939,2
184040,2
795362,2
486955,2
281112,2
93579,2
700796,3
276409,2
29296,2
376077,3
690260,2
862447,2
28121,2
714902,2
22908,3
465578,2
90800,1
383350,2
739223,2
420220,2
990222,2
1012653,2
730766,3
75503,2
366333,2
537025,2
898709,2
546604,2
461080,1
895629,2
718555,1
770473,2
55481,1
548913,2
640828,2
277965,2
662993,1
408469,2
806740,3
146278,2
98362,3
501438,2
579462,2
531538,2
466717,2
96977,2
625356,3
549180,2
43261,2
123089,2
357527,2
823929,2
308012,2
348556,1
795247,2
17929,2
351971,2
961081,2
725560,2
382663,2
352100,2
191674,2
731694,2
293755,2
553088,2
19870,2
578132,2
1041969,2
368623,3
909698,2
470648,2
544238,3
297512,3
424655,3
882582,2
218565,2
185193,2
122296,2
36811,2
392225,3
366509,3
909676,2
360128,1
60033,3
929960,2
789862,3
651156,2
140723,2
495586,1
359854,3
512438,3
983475,2
628915,3
245772,2
924171,2
704466,2
780606,2
968923,2
712840,2
644392,3
978728,2
954654,2
15898,2
527531,3
148746,3
640790,3
886553,2
615971,3
136697,2
216904,3
939200,2
735652,3
63394,3
477685,3
496082,1
9432,2
71415,2
518066,3
316221,1
352061,2
74167,1
585208,2
688506,2
892361,2
379357,2
561487,2
153566,2
72913,2
275498,2
295034,2
485926,3
551812,3
547564,3
79420,3
112688,2
366924,2
894260,2
408105,3
496213,2
294466,3
490112,2
704797,2
934699,2
481785,2
231355,2
482372,3
850846,2
56743,2
208979,3
1033357,2
775692,2
604477,2
1012245,3
453495,2
173964,3
560571,2
9490,1
507708,2
482334,2
334287,2
455532,1
106164,3
649968,2
200529,2
400138,2
477026,2
716379,2
499782,2
321381,2
473041,3
744529,3
521931,2
544762,3
514668,2
253296,2
416425,2
196310,2
882139,3
942115,2
673664,2
723841,2
826940,2
25353,2
1037755,3
618930,2
897982,2
873532,1
539304,2
969227,2
276647,2
234739,2
683540,2
407882,2
122023,3
161779,2
577666,2
49528,2
427331,3
490196,2
253674,2
1048260,1
925092,3
930816,3
532028,3
534230,2
5717,2
219667,2
346478,1
51106,2
10254,3
169559,2
922837,2
601763,3
713650,1
240172,3
355743,2
446650,2
546774,3
356383,2
801522,2
416893,2
373668,2
628568,3
885317,2
716191,2
309170,2
1005801,3
898741,2
986835,2
774441,2
579155,3
31934,2
477747,2
1037435,2
245700,3
1021440,2
720207,3
877978,2
273776,2
895249,2
784765,2
1026744,3
975956,1
768175,2
1032187,3
494614,3
518443,3
795679,3
251258,3
755453,3
348502,2
216977,2
399360,2
180070,2
139791,3
325514,3
477983,3
890918,3
375124,2
435440,3
1052247,2
591460,2
224362,1
540759,2
726873,2
693944,2
148665,3
50993,3
678356,3
912253,3
438365,2
950339,2
982041,3
318620,2
481206,2
366593,2
12239,3
204719,3
1017341,2
49500,2
824764,2
750400,3
159575,2
331979,2
182649,2
1047786,2
241253,3
301513,2
403044,3
326664,2
775951,3
364393,3
731210,2
545610,2
216334,2
301095,2
236623,2
54565,2
87527,2
376855,2
720453,2
366789,3
88430,3
560336,2
756092,1
698549,3
700422,3
316398,2
62061,1
629587,2
1049329,2
595764,1
535543,2
850836,2
187347,3
82195,2
37330,3
507771,3
749801,2
310470,2
323000,2
312359,3
914892,2
251537,2
79319,3
698537,2
997393,3
115076,3
112704,3
607216,2
851118,3
148811,2
123441,2
911453,2
624621,3
630634,2
476836,3
280479,3
703785,3
1003142,1
484526,3
340085,2
1039524,2
1005523,2
43357,3
152694,3
566815,2
499831,2
456714,2
185531,2
768174,3
1014727,2
516110,2
346444,3
477381,2
929469,2
800117,2
432372,2
76795,2
106925,3
621576,1
677129,2
48033,2
937116,3
960233,2
328630,2
530636,2
468911,2
630260,3
187948,1
834729,3
212407,2
748259,2
380048,2
580871,2
63450,2
1026772,2
170248,2
737454,2
381858,2
85735,3
660084,2
679727,3
826157,2
786194,2
875252,2
325841,2
707504,2
885103,3
477557,2
248816,3
21631,1
390379,2
563897,3
50054,3
500893,2
28302,2
254213,3
994161,2
843744,3
445945,2
374860,2
145973,3
223994,2
133700,2
446846,2
404488,2
472812,2
665851,2
975887,2
685917,1
41342,2
828173,2
691580,1
122356,2
907577,3
626278,2
391503,2
818965,2
780805,3
198267,2
687742,2
1034760,2
20976,2
12119,2
704636,3
716203,3
507786,3
995186,2
443629,3
962071,3
171438,3
978733,3
154606,3
850854,2
1010015,2
435325,3
799246,2
648734,2
96176,2
888309,2
823367,2
574605,2
442545,3
825031,2
830131,2
884868,2
838305,2
390859,3
135072,3
1016737,3
756509,2
795182,2
753707,3
22553,3
79967,2
903583,3
154102,2
265345,2
872844,3
129433,2
128766,2
522366,2
25226,2
358254,3
381795,2
616130,2
917388,2
358322,2
529519,2
523468,3
270607,2
494115,2
755194,3
635989,2
883725,2
699809,2
523272,3
545204,1
838221,3
919890,2
736395,2
419837,2
857547,2
11495,3
52849,2
881099,2
719651,2
304175,2
370643,3
228220,2
446261,2
196640,3
831742,2
642767,2
150284,2
1038704,2
32922,3
786087,2
116928,1
558386,3
476942,2
951594,2
287537,2
1000414,2
716675,3
168370,2
442737,3
686453,2
787114,2
628408,3
342526,3
632296,2
763578,2
447293,3
346314,2
11550,3
820008,2
514790,2
334837,2
639155,2
283204,2
805526,3
820564,2
889009,3
106444,2
859993,1
548577,2
635860,3
695097,3
444992,2
494542,2
1000677,2
852361,2
838933,3
311601,3
986085,1
40740,2
227969,2
247619,2
915141,2
833566,2
817708,2
448116,3
778081,2
504715,2
751186,3
16841,2
569797,2
218550,1
369851,2
646031,3
620261,3
430375,3
953325,2
863392,2
473893,3
973462,1
459795,2
427125,2
244842,3
222759,2
933176,2
248472,2
40547,3
635300,1
785082,2
142991,3
434273,3
277350,2
62518,2
753136,1
846390,2
371336,3
960729,2
428737,2
508962,2
561418,2
913368,3
40224,1
951878,3
285590,2
796973,2
370035,2
328803,2
278639,2
719397,3
501815,2
974542,3
212323,3
451528,2
224817,2
733284,2
878464,2
851273,3
975786,2
352588,3
833667,3
871098,2
940426,3
381320,2
192764,3
711249,3
799278,2
665177,2
314189,3
383195,2
654273,2
72016,2
1036529,3
223690,2
85172,2
939149,3
600975,2
666494,2
883285,3
92513,3
701166,2
617419,2
994050,2
145161,2
822511,2
974290,3
887265,3
635832,2
3930,1
936155,2
30701,2
262569,2
626987,2
718191,3
445467,2
731559,2
674951,2
407578,2
610773,2
273999,1
474029,2
249360,2
929471,2
411165,2
980516,2
128510,3
329444,2
281700,2
383266,1
647750,3
652565,2
872683,2
236572,2
440419,3
552118,1
555564,2
170052,2
961002,3
289366,3
695259,2
362704,2
311854,2
354250,2
1038269,2
288430,3
767180,3
569053,2
553241,2
885859,2
459000,2
963041,3
721846,3
423377,1
636096,2
590501,3
737689,2
1004705,2
730139,2
902871,3
771887,2
324667,2
269323,2
86365,1
121027,3
417081,2
131712,2
324579,3
660221,2
122692,2
41671,2
681672,2
763394,3
807373,3
578909,2
995313,2
561316,2
28537,2
295310,1
216481,2
885020,2
773384,2
239774,2
635224,3
263278,3
650724,2
514592,2
548260,2
116632,2
41382,2
808824,3
978037,2
577881,3
225971,3
974188,3
610086,1
216789,2
981017,2
821217,3
199240,2
370204,2
240730,2
530599,3
711703,2
425576,2
1036571,2
1030373,3
458599,2
360790,1
241910,2
927659,2
912468,2
673065,2
111918,2
194766,1
897111,2
792709,3
606773,2
676233,2
502130,3
615857,3
929445,2
928564,3
672808,2
161761,2
662368,2
640676,2
380106,2
102884,2
294340,2
808372,2
314430,2
710044,3
718547,2
824481,3
738674,1
525093,2
893945,2
205394,2
331167,3
20101,2
837730,2
154800,3
162828,1
353444,2
553006,2
511210,3
298156,2
248174,1
502735,2
982205,3
113048,2
809180,3
1013542,2
171759,2
911019,3
186809,3
469732,2
590517,3
947172,3
884056,1
1010966,2
605624,2
223163,3
756024,2
192124,1
697059,3
1014342,3
671079,2
640326,2
927402,2
861838,2
88006,3
970834,2
68033,3
649214,3
708508,3
1028633,2
505822,3
555143,2
437738,2
872927,2
979176,2
97404,3
928202,3
789400,3
800394,2
459852,3
8366,3
822800,2
901663,2
134377,2
557827,2
163772,3
321960,1
76124,2
225261,2
271723,3
958372,2
226461,2
647312,2
27254,3
753364,3
614886,2
284984,2
177370,2
661301,2
1007774,2
768008,2
988355,2
791492,2
442878,2
338477,2
555226,2
386994,3
547230,2
480735,2
149197,2
412672,2
763399,3
242298,2
600347,2
341981,2
91865,2
624450,2
859142,2
514391,2
380148,3
600243,3
121538,3
961562,3
280309,1
564127,1
485284,2
25878,1
780904,2
212432,3
793268,3
12623,3
1038394,3
356831,3
378086,2
943896,2
702361,2
956829,2
945220,2
813984,2
808495,2
126308,3
22010,2
838174,2
86722,3
143025,2
880630,3
860873,2
293208,2
803870,3
819416,2
845019,1
389713,2
959904,2
653712,2
816985,3
144779,2
264066,2
426788,2
226323,1
47906,2
265045,2
472428,2
696401,2
1032077,3
935110,3
478212,3
978335,3
550739,2
890961,2
889618,2
464742,3
388271,2
754891,2
418765,2
944271,3
872052,3
915600,1
453447,2
987329,2
97152,1
506290,3
156949,3
367061,2
418559,2
1023510,2
695647,2
73044,3
568162,2
1029847,3
279251,2
780530,2
35991,2
412072,2
481514,3
670321,2
946692,2
730280,2
778751,2
197141,2
221227,2
186578,3
658160,2
369561,2
375658,2
821267,2
850008,2
925820,3
213816,3
1000541,2
878297,2
950991,2
198616,3
233710,2
180672,2
922360,3
145356,2
397178,2
11003,2
829,2
748098,3
99575,3
428854,3
11402,2
333692,3
823454,3
901414,2
688650,2
34233,3
685989,2
992502,2
530050,2
801297,1
551716,2
8210,2
777845,3
11973,3
117176,3
149644,3
912635,2
73597,3
324726,2
379649,2
985616,2
140478,2
105009,3
722596,2
991205,2
196259,2
341868,3
302279,3
379192,3
913039,3
355937,3
118399,3
866213,2
808321,2
93469,2
245023,3
919889,2
202875,2
523297,2
411546,3
854863,2
937591,2
821558,2
643445,2
422638,2
1005821,2
774005,2
368693,2
174488,3
52470,3
952181,2
108052,3
528536,2
185518,1
309,2
151685,3
501751,2
554040,3
303934,2
291997,2
31183,3
394010,2
377218,2
21029,2
982303,3
413816,1
556888,2
691006,1
1046338,2
798449,3
212705,3
777209,3
49994,2
276878,2
385052,2
70740,3
167266,3
352621,2
640737,2
985334,2
143301,2
244549,2
388521,2
314966,2
886813,3
285939,2
903111,2
39752,2
748618,2
977405,2
414145,2
611912,3
1045595,2
495758,2
345699,2
657724,2
537754,3
833560,2
403989,1
256360,2
851388,2
279557,2
858522,3
392190,2
682349,3
680577,3
1035189,2
566150,2
644570,2
880247,3
281348,2
56760,2
135457,3
635003,2
481345,2
109587,1
580758,2
368572,3
784511,3
615617,2
493494,2
411994,2
1050256,2
364796,3
783678,3
185428,1
219633,2
590172,2
869270,3
619577,2
667942,2
491463,2
585788,1
609937,3
342664,3
330212,2
187852,2
859396,2
107477,1
672220,2
116039,3
739594,3
171849,3
208993,2
610166,3
823369,2
910352,2
707672,2
209023,2
620593,2
512499,2
548675,3
39042,2
870559,3
923131,2
657241,2
302015,1
404202,2
64525,2
1012329,3
608651,2
533684,2
777596,1
612702,2
867556,2
531249,3
165414,2
594272,3
906372,2
922252,2
664829,2
176829,2
1038595,3
610519,2
548000,2
558764,2
611958,3
610007,2
314314,2
326867,1
543215,2
77612,2
948209,2
417267,2
123004,2
426277,3
173926,2
877596,3
833830,3
875585,3
684832,3
818606,2
134331,2
83276,2
869783,2
194366,2
208689,2
935016,2
963565,2
131757,2
692936,2
582434,3
702282,2
717163,2
937147,2
590362,2
315245,3
501150,2
459842,3
782048,2
140440,2
407805,2
1030653,3
125575,2
558087,2
613338,1
555635,2
601151,2
394969,2
773065,2
658598,2
378578,2
110397,2
718702,3
158188,2
778272,2
390023,2
491854,2
507815,2
640043,3
989824,2
360151,2
283139,2
970777,2
784842,3
125780,2
992294,2
408549,2
21206,3
157731,2
733900,2
238085,3
461630,2
683347,2
692773,2
956363,2
23430,2
549285,2
310928,2
783203,2
880428,3
83094,2
986648,2
83551,2
483633,3
115649,2
594852,2
986993,2
442303,3
476631,3
797469,2
106895,2
1025327,2
876562,2
601799,3
391686,3
869761,2
330136,3
46662,3
429639,3
723853,2
985282,2
544489,3
620058,3
282516,2
208143,2
745699,3
788297,2
387885,3
366340,1
305782,2
118486,2
494080,2
755766,3
731309,2
480755,3
369234,3
418589,2
525482,2
983242,2
560205,3
141431,2
329712,2
1042323,3
352191,3
641297,2
836154,2
704346,2
555092,2
618956,2
244277,2
586316,1
743780,2
142690,2
835042,2
839871,2
316991,2
105969,2
33177,3
719642,3
656764,2
774884,3
832763,3
806284,2
1036948,3
518496,3
702436,2
274499,2
738896,3
628086,3
921303,2
977444,2
702610,2
682392,3
277334,2
842377,2
212133,2
446919,3
70707,2
223467,2
382807,1
736315,1
496553,2
789318,2
38092,2
34533,2
315492,3
705526,3
774976,2
204759,2
395361,2
853079,2
362937,2
422870,3
915540,2
437344,2
2604,3
597043,2
545608,2
328799,2
799340,2
521054,3
899136,2
34503,2
921321,3
150786,2
752761,3
626983,3
806241,3
152075,2
850894,3
170617,2
762830,2
703799,2
326180,3
494364,3
404323,2
215627,2
45016,2
896773,2
353647,3
535604,2
8265,2
394065,3
405601,3
439239,3
400377,2
581499,3
711321,2
455887,2
503394,2
936670,3
351364,3
202324,2
409524,2
534820,2
823311,2
485666,3
37375,2
490660,2
384086,2
1033065,2
715076,2
109647,2
84882,2
1031773,2
197960,3
417660,3
118012,3
302059,3
158983,3
660994,2
961309,3
919439,2
309220,2
485374,2
1003008,2
224010,2
1000255,3
285247,2
88214,3
1032537,2
1030238,2
977135,2
288786,2
505931,2
588197,2
415041,3
729041,3
427702,2
880197,3
931784,2
469761,2
252103,1
872080,2
49382,3
759238,2
586710,3
129100,2
174347,3
93306,2
173188,2
6041,2
861382,2
552538,2
66291,1
391869,2
119723,2
125658,2
665184,2
216468,2
711578,3
608154,2
546808,3
234314,2
1009527,2
744241,3
790497,3
127512,2
683603,1
844640,2
59128,3
424409,2
543404,1
636550,2
66689,2
918354,2
308614,2
766345,2
72099,2
948709,2
643340,1
545542,2
336592,3
634196,2
700868,2
109029,2
300573,2
162719,2
152349,2
211911,2
17066,2
824162,2
259935,3
769460,1
734217,2
1017150,2
89826,2
139513,2
321649,2
665018,2
725148,2
810713,2
42304,3
1023013,2
610402,2
502093,2
572048,3
70778,2
202769,2
813982,1
959152,2
336500,2
890153,3
793805,2
768143,3
545063,2
731404,3
122055,3
942725,2
550899,3
439573,2
670660,2
448877,2
942450,2
854762,2
387504,1
1002676,2
559829,2
815924,1
415205,2
1004754,2
434543,2
537120,2
556072,3
791593,2
488448,2
662634,2
385094,2
79997,1
540359,2
102342,3
350380,2
232562,3
885379,2
260496,2
833119,2
314615,2
891889,2
978799,2
613573,2
848906,3
448541,2
609209,3
1008758,1
31283,2
606009,3
857778,2
737701,2
92559,3
749701,3
797862,2
42815,3
996209,2
428296,2
675024,3
40993,3
264614,2
15666,3
347481,2
134826,2
619573,3
325239,2
749998,3
713386,3
842445,3
461774,2
1052325,3
944361,3
576836,1
22657,3
350519,2
569012,3
562080,3
517533,3
845916,2
902779,2
169233,2
313521,2
227998,1
334300,3
824784,2
673268,3
214622,3
996366,2
534424,1
163555,2
640108,2
674065,3
889121,1
918480,2
936987,2
519277,2
345426,2
461790,1
689387,1
342652,3
768193,2
779638,2
123500,3
681130,2
834005,2
637759,3
105059,2
316631,3
974194,2
284041,2
946987,2
860952,2
449413,2
88532,3
850477,2
590933,2
986663,1
923248,2
22838,2
446925,3
88312,2
688165,1
249938,2
442143,2
539023,2
690138,3
916559,2
660125,2
359332,2
358079,2
224983,3
8820,2
782320,2
233473,2
751090,2
986936,2
599273,2
598146,2
7811,3
768420,2
426213,2
156252,2
666746,2
168578,2
535095,1
603431,2
879229,2
164767,2
511252,3
804044,2
961456,2
952646,2
693451,3
832789,2
124159,3
117416,2
692826,1
189956,3
3386,2
172342,2
772772,2
172241,3
643734,2
458444,2
1041258,3
630171,2
210537,2
990965,2
504885,2
982781,3
623518,3
704882,2
87844,3
634072,3
802518,2
837659,2
918724,2
715324,2
949755,2
804852,3
293057,2
308370,2
657667,2
412888,2
320777,2
904655,3
397327,3
461998,2
875877,3
873057,3
253510,3
929149,1
546325,3
892906,2
656591,1
96805,2
409008,1
953178,2
651447,2
226729,2
101824,2
1040281,3
337088,2
215901,2
640170,2
349577,3
771326,2
82452,2
835615,3
1047893,3
343974,2
273461,3
760758,2
565045,1
788183,3
770578,3
413471,1
771979,2
950699,2
876243,2
6262,3
528836,2
297228,2
389473,2
555964,2
937815,2
861589,2
320327,2
115765,2
387348,3
114781,3
127390,2
70944,2
73780,1
203333,2
104249,2
599003,2
881266,2
313468,2
405401,2
44945,2
1034570,2
516068,2
983920,2
150372,2
886070,3
743749,2
797805,1
902586,2
72310,2
956635,3
859014,2
393968,2
800191,2
380784,2
640200,2
777230,2
796331,3
131342,3
760130,2
419494,3
1033789,1
136501,2
237475,2
1007942,3
666044,2
679829,2
616625,3
899984,2
332340,3
714289,2
385940,3
30282,2
436175,2
800259,2
1003875,2
840908,2
1036523,2
537009,2
972631,3
812707,2
887592,2
455348,2
598000,1
576482,2
731746,3
329566,2
233389,2
210026,2
558416,2
160163,3
428718,3
608117,2
696159,2
118860,2
640131,2
586093,2
810820,2
487084,3
313643,2
435903,2
212140,2
771527,2
336234,2
301774,1
108751,2
480001,3
83366,2
439076,3
276002,1
514518,2
68101,2
799224,1
12206,2
632527,3
849945,2
636190,3
751148,3
478290,2
126620,2
204354,3
959690,2
386025,3
953584,3
413549,2
1006341,3
741308,2
280962,2
950062,2
788851,3
982450,2
348793,2
311053,2
20393,2
420311,2
693659,2
814578,2
957256,2
376081,2
1023438,3
461825,2
796317,2
487273,3
355761,3
163995,2
396523,2
605448,3
694957,2
203684,2
826054,2
816599,2
680492,2
678186,2
787683,3
987217,3
471445,3
598841,1
901931,3
768811,3
1013820,3
449113,3
213261,3
841626,2
1006618,2
396177,2
981640,3
196623,2
944786,2
1050676,1
1043852,2
105615,2
67633,2
131557,3
964704,3
735217,2
205941,2
375944,3
326413,2
627237,2
684055,3
325533,2
815673,2
228705,2
971823,3
1008603,2
765701,2
753941,2
1039852,2
428503,2
251546,2
775116,3
223970,1
125245,2
850468,2
799776,2
29001,2
60890,3
836307,1
88475,3
264583,2
436847,1
738945,2
101516,1
519711,2
124738,2
222715,2
107104,2
383835,1
415128,2
180560,2
682935,2
277790,3
328639,1
620215,2
335559,2
176382,1
550495,2
971988,2
390330,2
621216,2
1032949,2
465226,1
300045,2
111413,3
649170,2
561281,3
673881,3
621278,3
1049712,2
725409,2
504600,3
187773,2
571102,2
7874,2
838205,3
302971,2
862177,2
714057,3
730044,3
740892,2
805672,3
312417,2
923397,2
122643,2
1026301,3
492846,1
780279,2
1014742,1
206061,2
451665,2
198923,3
250001,2
406000,2
289783,2
830774,2
590816,2
945187,1
323913,2
456200,2
800606,2
457277,2
266285,2
244045,2
135696,2
342491,3
718637,3
150011,2
760532,2
552453,2
938002,3
796444,2
1040435,3
129104,1
178922,3
368555,2
702054,2
113285,2
406273,2
789932,1
27064,2
953407,3
689753,2
132013,3
795658,2
194610,2
653110,1
949727,2
447741,2
737432,2
325439,2
867444,2
123327,3
615913,2
559457,3
686600,2
62497,2
11080,2
531125,2
136792,3
178405,2
932878,2
237711,3
528630,3
980654,2
634629,3
10681,2
757583,2
860655,2
1008204,1
282499,2
205235,2
830784,2
691227,2
510346,2
654764,2
687101,2
724447,2
1012333,3
766870,3
6714,3
513745,3
1011475,2
634685,1
987465,2
162267,2
216738,2
15284,3
523577,2
1043991,3
260393,2
714670,2
90349,2
617821,3
413861,3
63277,3
948264,3
784671,3
369307,2
340321,2
589936,3
633791,3
484910,2
888814,3
931236,3
855432,1
94859,2
354547,3
928259,2
751666,2
453820,2
1036661,2
1009591,3
762262,2
1001385,2
424881,2
327109,2
134055,2
486130,2
963259,2
942562,2
725899,2
443917,2
410652,2
56788,3
299095,2
635792,2
130107,3
532744,2
224366,2
906354,2
98939,2
807857,2
204018,2
12414,3
936099,2
19577,3
945204,2
771270,2
214549,2
258422,2
396304,2
412656,3
274600,3
961206,3
345143,3
139579,3
66901,2
505437,2
1052686,3
213334,3
23816,2
128677,3
897805,2
23695,3
1018729,2
484878,2
575301,1
271604,2
217518,3
252532,3
562668,2
8144,1
10356,2
217799,3
703679,3
285435,2
733782,1
723962,2
622397,2
438961,2
934612,1
235841,3
87159,3
519332,3
214356,2
504689,2
79157,2
805221,2
567044,2
132456,2
685611,2
24871,2
251938,3
849914,3
533768,2
347994,2
1007800,2
2513,2
63716,2
270434,1
353713,1
958402,3
854536,3
293424,2
20166,2
227298,3
710828,3
709537,2
458907,3
82324,2
1014421,3
725370,2
165873,2
969737,2
9925,3
486587,2
474911,3
394956,2
884000,2
451235,2
68952,3
463252,2
43834,3
284373,2
775388,2
860238,1
897692,3
33194,3
622312,3
829170,2
377865,2
531205,2
368,3
701590,3
735703,3
133297,3
33804,2
990928,1
970677,3
178573,2
432615,2
74339,2
41177,2
1024126,2
389328,2
616516,2
38100,2
66035,3
186821,2
860748,2
353438,2
304002,2
879920,2
459126,2
494212,2
212681,3
663054,2
760665,2
577943,2
867630,2
87341,2
614152,2
717376,2
454821,2
413560,3
742226,1
66139,2
785252,3
1026050,3
761975,3
178183,2
22096,2
926414,3
627089,2
695947,2
1003139,2
396457,2
96659,2
472543,2
53285,2
552301,2
1548,3
322123,2
745700,3
719405,2
58960,2
756152,1
782252,3
155144,2
538838,2
284998,2
499481,2
284099,2
550882,3
748582,3
167543,2
351268,3
991036,2
841310,2
910647,2
987688,3
706280,3
722565,1
125075,2
373851,2
616841,1
110574,3
448446,2
271730,2
293265,3
348658,3
461131,1
375925,3
22363,1
358124,2
532889,3
1017352,3
127566,2
54206,3
528393,3
923124,3
122881,2
819334,2
682852,3
296742,3
427532,3
320341,2
774522,3
256901,2
499202,2
417634,2
1006992,2
450744,2
587058,2
520766,2
705847,2
487476,2
138426,2
448861,2
154612,2
303251,2
674458,3
651615,2
358458,3
747291,2
99840,2
756261,2
576052,2
1000937,3
1002159,2
903921,2
860934,2
339661,2
171588,2
741488,2
1019024,2
199644,2
355627,3
997397,2
862060,1
723035,1
621260,3
411351,2
964728,2
917761,2
794832,2
375516,1
169199,2
205873,3
414133,2
365186,2
885339,2
265985,2
463183,3
457773,2
411070,2
731037,3
285271,3
97456,2
846677,3
246841,2
641174,2
341682,2
198849,1
331104,3
823671,3
841184,2
263532,1
87314,2
145526,2
413990,2
125533,3
164529,2
835031,2
342596,2
13121,3
684109,2
277531,2
439047,3
583913,2
770460,3
997388,1
554423,2
340755,3
416448,2
156530,2
805011,2
754080,2
532769,2
154985,2
838060,2
829238,2
200063,2
248215,2
44321,3
510256,3
496130,2
695289,2
234827,2
996813,3
422033,3
1013185,1
160777,1
598311,3
564679,2
978879,3
782115,3
589847,2
559572,1
907946,2
311075,3
210313,3
957953,3
309228,2
697350,1
905298,2
627577,2
594700,2
517512,2
452830,2
297416,2
119915,2
366364,2
848034,1
608754,2
86436,3
372910,2
207394,2
585316,2
991803,3
860585,2
1037594,1
434855,1
749629,2
988947,2
525518,2
325124,2
631936,2
336208,2
691542,2
813663,2
451202,3
193341,3
285935,2
951909,2
73785,2
592486,3
77027,3
1036411,2
967757,3
137992,2
228319,2
226697,2
741111,3
919995,3
743038,2
579097,2
883978,2
785462,2
502762,2
578488,3
12587,3
387592,2
711394,2
1045904,2
23962,2
316659,2
588345,2
715489,3
545161,2
657139,2
811603,2
318061,2
591200,2
802591,3
996154,3
324701,2
590562,3
852642,1
785084,2
366681,2
702751,3
135711,2
725682,2
543644,3
25651,2
171914,2
647181,3
462408,2
91173,2
692040,2
1013254,1
12706,3
476828,2
279592,2
814676,2
803126,3
400276,3
810965,3
11998,2
875335,2
426283,2
910439,2
909079,3
108899,2
157356,2
366511,1
511804,2
235714,2
849759,3
308217,2
84457,3
194809,3
632795,2
613395,2
319214,2
48960,2
683845,3
752084,2
205790,2
881357,1
598330,2
426537,2
692330,2
764123,1
22074,2
1028605,2
250232,2
928710,2
371066,1
671696,2
618718,3
820608,2
907053,1
771489,2
904644,3
667810,1
363486,2
530826,3
268785,3
1035755,3
739816,2
160533,2
1039192,2
19589,2
369495,2
809525,2
288310,2
456207,3
752386,3
611037,2
846780,2
569482,3
460875,3
169373,2
644426,2
210099,2
505172,2
873238,2
24608,3
743157,2
109171,3
231089,3
722995,2
70759,2
126165,2
468419,2
922630,3
447943,3
339879,2
734786,1
679566,2
28134,2
506117,2
320675,1
142249,2
274754,2
610008,3
680506,2
166787,2
975204,3
2235,2
363100,2
149134,3
446873,3
960015,2
814283,2
787869,2
113717,2
233904,2
681728,2
491813,2
357159,3
297265,2
21084,3
437561,2
297953,2
656491,3
639253,2
602531,1
1036732,3
715033,1
552545,3
253055,3
460211,3
96667,1
318760,2
180060,2
432241,2
971744,2
232133,2
925867,2
627490,2
1015774,3
84860,2
1012873,2
551163,3
491348,2
31199,1
850588,2
196794,2
69355,2
10252,2
177138,2
446686,2
511460,3
606427,2
1038263,3
850824,2
283949,3
697423,3
92027,3
471129,2
852495,2
213152,2
8338,2
773670,2
51578,2
595551,2
475345,3
604175,2
849425,2
273392,2
557859,3
429938,2
234917,2
186587,2
577990,2
168513,2
260898,2
1005515,3
554028,3
81958,2
593919,2
784818,3
663747,3
625068,2
17336,2
468531,2
379944,3
510501,3
169262,2
703798,2
356698,2
809617,2
103732,2
454666,2
356301,3
636964,1
811497,2
842320,3
514360,3
464123,2
107033,2
992710,3
267585,2
869456,3
366539,2
152161,2
503579,2
13900,2
934888,3
73226,2
742378,2
1045419,2
735294,3
173913,2
759717,2
783992,2
144672,3
792759,3
275349,3
503964,3
38757,3
350570,3
38487,3
703198,3
202569,2
479348,3
682578,2
759489,2
267142,2
275560,3
199237,3
503790,3
565408,2
874486,2
651066,3
383113,2
723027,2
301443,2
1021587,3
532497,2
355850,2
110132,3
213127,2
1023469,2
362797,3
302213,3
560212,1
54835,2
700023,2
888963,2
605942,1
848010,2
400586,2
328544,2
2570,2
308258,2
496787,1
589222,1
105904,3
1040669,2
1046865,2
820711,1
393715,3
3470,1
257506,3
314691,1
960138,3
976466,2
938679,2
290830,2
161788,3
981295,3
558443,2
387796,2
469555,2
961314,2
386361,2
683026,2
278614,3
330227,2
533442,2
372546,1
237955,2
745248,2
87307,3
525513,2
441007,3
716711,2
1052837,3
495147,2
492785,3
16825,3
836798,2
225465,2
979418,2
442485,1
501301,2
832467,2
760232,2
471007,2
413875,2
276052,3
982819,3
643019,2
613198,2
198033,3
925028,2
148795,2
832611,3
737074,3
597183,2
27459,2
977513,3
650156,2
669391,2
16725,2
506516,2
286021,1
824572,2
977704,2
732686,2
974039,2
837090,2
470229,2
487466,3
92869,2
980203,3
323792,2
828055,3
659746,3
977129,3
594762,3
1036222,2
166338,2
952738,3
97654,2
26528,3
17741,3
43556,3
28239,3
763340,2
614862,2
493581,2
519200,3
468938,2
374970,1
716258,3
409017,2
261224,2
9247,2
291092,2
65591,3
959618,2
887107,3
201869,2
137347,3
817196,2
1036950,2
617645,2
352218,2
791066,2
492141,3
267870,2
615842,3
955144,2
351646,2
296020,2
892007,1
358121,2
507783,2
318295,3
109211,2
202932,3
415942,2
540924,2
297710,3
228492,3
1050196,2
291966,2
418272,2
975381,3
953595,2
1031281,2
103468,2
581527,2
393950,2
911250,3
293362,1
784907,3
985180,3
249543,2
76669,2
712217,2
877998,2
546646,3
619201,3
411600,2
986853,1
684664,2
61081,2
557294,2
435957,2
768442,2
730534,2
187828,3
608834,2
97078,3
578842,2
907004,3
275159,2
43594,1
184158,2
76354,2
918614,2
269706,2
738229,3
621155,2
641200,2
347735,3
530479,3
303859,2
845026,3
976647,2
818387,3
1002494,3
422384,3
823797,2
343509,3
858518,2
317372,2
852623,3
212162,2
579195,2
652307,3
650611,2
984341,2
898623,3
86478,3
989823,2
802188,2
234087,1
625473,2
332815,3
607111,3
921239,2
264390,2
99728,2
734192,2
496644,3
860223,2
69052,2
570524,2
413962,2
472471,3
628440,2
409938,3
1015683,3
49310,3
354773,2
718080,2
815799,2
1010147,2
822142,3
964953,2
363929,1
734854,2
279625,2
1003338,2
487824,3
300711,2
108480,3
594916,2
987904,2
371024,2
531450,2
903815,2
409035,1
533991,3
925744,2
9424,2
769093,2
227529,2
347733,1
371815,2
886344,2
911533,2
719553,2
88491,3
837585,3
260389,2
676231,3
451805,3
803640,2
890607,2
62451,2
52605,2
370914,2
820335,1
3834,2
175093,1
916597,2
343513,1
797376,2
215800,2
638377,2
236176,2
380499,2
243401,2
351649,3
945320,2
538128,2
225089,1
931852,2
69184,3
425749,2
522980,2
9552,1
409408,2
75083,2
556141,2
725303,2
95667,2
972875,2
153772,1
919156,1
160869,3
1042048,2
696453,3
365157,2
129938,2
374597,1
57240,2
640083,2
457807,3
628112,2
775621,3
960930,2
404426,2
861834,2
381609,2
340705,3
598362,3
698914,2
752740,2
278360,2
247698,2
903373,2
569289,2
595166,2
601704,1
578601,2
151752,1
485458,2
529561,3
260209,2
137880,2
872466,2
460601,3
37454,3
593073,2
810037,2
344906,2
592127,2
650168,3
236150,3
300114,2
50887,2
537548,2
199542,1
236527,2
533734,3
501591,2
545601,1
311314,3
993812,2
960830,2
576620,3
168979,3
804674,1
555907,3
643885,3
599477,2
952816,2
844115,2
723395,2
1024570,2
819518,3
643353,3
346231,2
421564,2
146191,3
271642,2
388726,2
75806,3
571373,2
204283,2
874490,3
1052181,2
135954,3
279297,2
855326,3
967582,2
566911,2
260199,2
1028884,3
273261,2
568390,1
884167,2
443149,2
631661,2
555847,2
949678,2
173804,2
151475,2
372262,2
315946,2
34131,2
11496,3
194197,3
19666,2
329420,2
409543,2
1043719,3
880938,3
403296,3
681005,3
94000,2
571780,2
1037845,2
360220,2
793016,2
328040,2
148686,3
998765,2
956292,3
972331,3
293658,2
336684,1
997416,2
567225,2
356152,2
166495,2
63624,2
89193,1
99522,3
108096,2
1030505,2
502316,3
5388,2
1036431,2
275467,3
108605,2
798900,3
770154,2
926464,3
732031,3
986655,2
999671,2
724672,2
785127,2
335693,3
811749,3
821831,3
380055,2
719497,2
368148,3
739592,2
968404,3
1009085,2
42682,3
1025665,3
456204,1
166492,2
115898,2
355282,2
469408,2
248309,2
360371,2
296852,1
471790,2
424297,3
1000219,1
163186,3
930193,2
9911,2
445539,2
849233,2
939972,1
785817,2
557330,3
986798,2
461480,2
273612,2
1017818,2
320483,2
574576,3
999276,2
931579,2
83919,1
831926,1
378826,3
1028070,2
822769,2
759199,2
672458,1
657949,2
67761,3
335286,3
58303,2
739554,2
447213,3
582910,2
877379,2
333928,3
210456,2
134283,2
501213,2
10014,2
930971,3
567169,2
563493,2
275532,2
6058,2
408184,3
672769,3
707007,3
675507,3
1024225,2
35669,3
180227,2
478948,2
182489,3
409649,2
295502,3
303673,2
641276,2
772114,2
511501,3
434907,2
6932,2
519114,2
727787,2
454387,1
56778,3
435999,3
34331,2
321146,2
1013922,3
233326,2
746000,3
474171,3
531327,2
856201,2
727719,2
497355,2
425604,3
173229,2
162915,2
521260,2
570341,2
1044460,2
127933,2
370918,2
554579,2
545890,3
359205,3
232863,3
136851,3
207376,2
696380,2
706439,3
61450,2
285975,2
85376,2
928769,3
424561,2
471461,2
353355,2
1041803,2
590691,2
13950,3
651515,2
469898,2
107332,2
75539,2
757320,1
1029941,2
840370,3
811700,2
158523,3
690333,1
752966,2
251272,2
689618,3
419062,2
278405,2
421182,2
643085,3
1014579,2
230913,2
337119,2
993082,2
3868,2
520094,3
752437,2
533192,2
49426,2
365936,2
79995,2
780757,2
930477,2
1004139,3
429009,2
106323,2
209032,3
636553,2
411566,2
776471,2
305723,2
1039117,2
20371,2
892457,2
440328,3
206724,2
285854,3
995925,3
952749,3
984077,2
707863,2
642206,2
436979,2
1009618,3
531931,2
290703,1
243846,2
544357,2
628711,2
234559,2
798894,2
197015,2
143035,1
295598,2
959628,2
709601,2
557785,2
1030963,2
989287,2
508118,2
62670,2
183005,2
348114,3
853611,2
566355,2
861704,2
104067,2
211750,2
85316,2
612977,2
272161,2
355430,2
463018,3
939928,3
138304,2
53006,2
513314,3
689072,3
62376,2
1010744,2
579125,2
823865,1
481849,2
652812,2
342066,2
716286,2
22864,1
138082,2
1049683,2
191311,2
134958,2
113049,2
104904,2
356939,2
574043,2
620637,2
969054,2
115777,1
825386,2
793381,3
742191,3
972020,2
1008212,1
919860,2
109765,3
120467,2
194206,2
3534,3
739095,2
998206,2
97737,1
510991,3
326348,3
90033,2
802419,1
650790,2
112417,2
71852,3
156184,3
670412,3
778440,2
807449,3
1033180,2
140300,2
295577,3
25012,2
707847,3
927395,2
226772,2
896701,3
879965,3
908483,2
367584,2
380505,2
1020762,2
160420,2
1003679,1
923327,2
605980,2
838630,2
116629,2
224454,2
165754,2
1008323,2
739737,2
1017015,2
259667,2
945205,2
327127,2
350019,2
1049959,2
189429,2
795564,2
370451,3
971040,2
673238,2
60962,3
475433,3
33327,2
965787,3
1016740,2
587039,3
90538,1
34780,2
229529,2
334601,2
938636,2
791496,2
402557,3
237035,2
813063,3
566600,2
162158,3
859961,2
595200,2
439287,2
709135,3
535448,2
363368,2
643579,3
161673,2
845200,2
301731,2
111332,2
66325,3
473792,2
597100,2
287644,2
377703,2
396409,2
158332,2
440202,3
533,2
878488,2
948298,2
649985,2
320229,2
541955,2
231530,1
790019,2
299287,2
611825,2
545214,3
544109,2
66235,2
235316,2
1010627,3
794313,3
348140,2
215449,2
718431,1
237191,2
999544,1
314587,2
458969,2
178106,2
30675,2
381961,2
169040,1
515114,3
823134,2
754494,1
510082,2
674452,2
489046,2
461938,2
1035636,2
972404,2
679665,3
511919,2
12717,2
937418,2
382403,2
266375,2
531761,3
123514,3
646127,3
959276,2
620958,2
725755,3
958761,3
174136,2
306050,2
92938,3
51084,3
957793,2
382523,2
744372,2
705391,1
492335,2
114798,3
625675,3
128785,2
875365,2
58198,2
704751,2
934489,2
538988,2
545577,3
221876,2
360347,3
865113,2
374892,2
317769,2
1014392,2
60028,3
881635,2
423227,2
985509,3
47594,2
511991,2
123579,2
719828,3
399215,3
981931,2
102488,3
799975,1
494791,2
161387,1
225123,3
424182,2
938056,2
59917,2
739770,3
415516,3
821327,2
167730,1
290242,2
467767,3
564347,2
454604,2
242009,2
597999,2
1022222,2
645238,3
680870,2
949410,3
1005336,2
271965,2
901616,2
814722,3
519964,2
711441,2
446211,2
64098,3
689698,2
1011629,2
507650,3
495686,3
535106,3
971916,1
1004945,3
877807,2
732233,2
292217,1
655549,3
417399,3
405937,2
124847,2
723216,2
987070,2
520623,2
379927,1
721695,2
618424,2
165311,2
233168,1
463373,2
636422,2
954952,3
1019323,2
429230,3
271324,2
655430,2
530019,2
1014563,2
642636,3
395471,3
234447,2
1017342,2
246912,3
803788,2
368448,2
9286,3
485351,3
191176,3
639465,2
500881,1
689319,2
163586,2
1017460,2
270334,2
772259,2
167705,2
727083,2
714264,3
258098,2
717357,2
775171,2
66708,2
575586,2
922054,2
1023214,3
961207,2
316496,2
568433,2
855682,2
858806,2
742422,3
559045,3
907232,3
210488,3
26250,2
447816,2
469986,2
87160,2
709885,3
892511,3
445443,2
463466,2
837986,2
169993,2
64221,3
833251,2
527887,2
922166,2
981881,2
327028,2
591656,2
842923,2
360473,1
88240,3
49028,2
608957,2
183923,2
166164,2
737274,2
785813,2
914783,2
333097,2
200293,2
579488,2
479832,2
361102,2
901692,2
208522,3
245390,2
902651,2
89029,3
449264,2
15557,1
240140,3
825178,2
874124,2
275385,3
202773,3
371793,3
403164,2
879500,2
588776,2
847771,3
585897,2
1048357,2
695731,3
480112,2
901983,2
483796,3
665011,2
736126,2
366169,3
913474,2
273384,1
469497,2
765294,3
116982,2
992,3
545527,2
340308,3
228642,3
136318,2
486273,3
192746,2
128304,1
218257,2
54751,1
507949,2
868618,2
189586,2
56188,3
301995,2
816725,2
342021,1
836677,3
989740,3
533237,3
542683,3
508384,3
968634,3
45870,2
652111,2
482956,2
111930,3
783948,2
336421,2
961338,2
469951,2
234583,1
437236,2
370211,3
198769,1
978049,2
798762,2
1038253,2
319036,2
742860,3
479076,2
699501,3
864455,2
484876,3
634637,3
35759,3
784206,3
234601,2
343067,2
641431,3
72850,3
271685,2
505012,2
932711,2
473003,2
451941,3
1011684,3
956962,2
737854,3
194408,2
297437,2
588896,3
313121,2
574533,2
258472,2
620977,3
275918,1
876291,3
375692,2
505886,2
858108,2
1025880,2
1041684,2
415422,2
596761,3
351658,2
669770,2
629566,2
798052,3
836949,2
854091,3
276545,2
432559,2
220734,2
582098,3
103582,2
705298,2
152178,3
999719,2
796447,2
682297,2
883021,2
272499,3
936976,3
915319,3
940712,3
446582,3
810468,3
749638,3
375029,2
726167,2
790669,2
166932,2
511362,2
87468,2
605561,3
526922,3
398214,2
520599,2
646568,2
936316,2
316559,3
98518,3
613246,2
411208,2
725359,2
102786,2
416164,1
774266,2
1049032,3
652848,2
3210,2
985542,2
178527,3
691979,2
308508,2
563042,2
1030839,3
1027354,2
1014449,3
103251,1
106582,1
598023,2
534249,2
462661,3
782986,2
329386,3
458785,2
57954,3
562619,3
831212,2
1013733,3
70808,2
617994,3
816861,2
824645,3
392803,2
558794,2
389087,3
1023284,3
569314,1
705835,2
341262,2
341911,3
584848,3
819866,3
250197,3
781419,2
268415,2
800458,3
645471,2
44706,2
917988,3
867296,2
653908,2
949456,2
105780,1
946089,2
421742,2
490173,2
572500,2
274252,2
843100,2
877528,2
1001375,2
462348,2
639131,2
876616,2
390685,2
34969,2
446162,2
409005,2
880061,2
803009,2
127092,3
84691,3
822322,3
28000,3
149561,2
159740,2
877893,1
259496,2
398394,1
412847,3
1029873,3
837230,3
655435,2
276022,3
641662,2
603856,2
1002226,3
540605,2
425330,2
758424,2
599513,2
868748,2
535755,2
210035,3
536808,2
796282,3
886699,2
39485,2
84796,2
333380,2
787303,2
603384,2
682010,3
294864,2
585917,2
807076,3
1032128,3
601994,3
187882,2
989365,3
1019216,2
594367,3
708101,2
191655,2
665224,2
546469,1
3638,2
715380,2
792387,3
315790,2
594893,2
484622,2
306926,2
6979,1
249211,3
1037415,2
1021241,2
140586,2
243845,2
54636,2
643906,2
301997,3
517797,2
794217,2
107128,2
901434,3
247317,1
784420,2
645914,2
259997,2
748560,2
416871,2
202980,2
118501,2
79776,3
14363,2
818547,3
151494,2
289954,2
434534,2
158808,2
621523,2
348461,1
928021,2
269090,2
730694,2
494241,3
804424,3
192687,2
626878,2
714580,2
948085,3
199078,2
701370,1
617215,2
550143,3
682432,2
525967,3
423343,1
276307,2
343880,2
181102,2
691615,3
396790,2
598808,2
693592,2
253114,3
82802,1
535896,3
764415,3
443762,2
184926,2
595255,1
28534,2
896205,2
361112,3
924535,3
250767,2
624088,3
826225,3
739801,3
102692,2
815426,3
830852,2
225303,2
94055,2
935391,2
215571,2
864036,3
831438,2
791299,2
564757,2
686364,2
575013,2
870564,3
745370,3
122929,3
573225,2
563590,2
368635,3
635894,2
634260,2
777528,2
750965,2
476405,2
857387,2
758463,2
714774,1
663288,3
628794,3
106626,2
294089,3
343001,3
270696,2
355647,2
731293,2
1047783,2
130108,2
878127,2
1050133,2
813797,2
121733,2
778224,2
258449,2
928106,3
623149,2
47389,2
122416,2
19499,2
913657,2
851937,3
516336,2
579251,3
654058,1
543390,3
36935,3
259327,3
137360,2
751250,2
24631,3
38527,2
906393,2
164258,2
61582,2
26037,2
979039,3
316891,3
512349,2
14626,2
700800,3
95868,3
578342,1
445814,2
721291,3
1006848,2
545833,3
253787,3
541389,2
865505,2
30307,2
812083,2
278884,2
393237,2
65541,3
604329,2
267955,2
340216,2
404725,3
738094,3
837592,3
990219,2
526256,3
1009081,2
248387,2
407679,1
999545,2
376730,3
523693,3
794917,2
186344,2
727854,2
630770,2
430743,3
1052923,3
978439,3
517074,3
69643,2
634988,2
571523,2
596311,2
650437,2
929065,1
981231,3
7443,2
937753,2
372259,3
603779,2
87158,2
174174,3
660453,3
764401,2
919233,2
314792,2
801779,3
45666,3
1043822,2
1044351,1
804752,2
171712,3
53093,3
559013,2
499423,2
74426,2
1022517,3
498064,2
175505,3
79107,2
977696,2
725547,1
917118,2
17792,1
730806,2
939798,2
283020,3
155677,2
961143,2
207398,2
54762,2
10438,2
259045,3
385331,3
286106,3
957555,3
527954,2
265085,2
75674,3
276282,2
491702,2
820167,1
277913,2
331141,3
863688,3
525739,3
688602,2
204889,2
656814,2
310103,2
150899,3
105502,2
330638,3
721504,2
747654,1
437488,3
937443,3
694512,2
1039109,2
442035,3
103451,3
878442,2
832625,3
977516,2
214411,2
61031,2
260778,2
1005585,2
312584,2
958899,2
126392,2
114843,2
350091,2
627425,3
300033,2
663254,3
219235,2
360188,2
82831,2
938923,1
1020282,2
526261,2
45701,2
22859,2
117748,2
288024,1
861862,2
653816,2
928141,2
851737,2
755353,2
881835,2
420415,2
216270,3
449037,3
571813,2
714631,2
829590,2
341050,3
639591,2
719016,3
749574,2
293019,2
457876,3
332179,2
305221,2
372276,3
447941,2
417270,2
589918,1
220001,2
345675,3
442717,2
219628,2
161625,2
635137,2
351795,2
476256,2
496751,2
631238,2
921753,3
273127,3
286408,3
123755,2
559813,2
1019848,1
195164,2
257843,2
299611,3
289568,2
203923,2
402527,2
738265,2
363873,3
795503,3
68831,2
269695,2
141089,2
261173,2
577128,2
251468,2
86159,2
1041776,3
91373,3
725757,2
293957,2
290688,3
206796,2
933874,2
389117,3
886180,2
245567,2
475348,2
492960,2
746862,2
883336,3
572718,1
1011741,2
959497,2
1019379,2
177750,2
487279,2
170935,3
1045737,3
845694,3
663855,2
528594,3
671582,2
1001837,2
881019,2
147036,3
214812,2
619341,2
495410,2
377598,2
927123,2
269853,3
108420,2
51547,2
322626,2
171490,2
1016400,2
977863,2
151285,2
991574,3
260718,1
275897,3
709568,1
860698,2
189316,3
978663,3
319802,2
220368,3
276841,3
343987,2
464773,2
749947,2
471374,1
369159,2
826015,2
1018459,2
339668,3
638047,2
230071,2
266554,2
71144,2
337817,3
220778,2
97625,2
122558,2
368645,2
71107,2
1050770,2
395302,3
315257,2
694314,3
278958,3
906163,3
834959,2
95583,3
27593,3
774099,3
18652,2
796711,3
777997,2
267031,1
653730,2
732937,3
1007616,2
575911,3
482962,2
661938,2
349153,3
875122,2
787922,3
754794,2
208410,2
831429,2
439259,2
700529,2
519069,2
859684,2
384468,2
573402,2
59828,3
734758,1
1030179,2
333862,3
419687,3
698453,2
698496,2
61716,2
428750,2
727955,2
847384,2
379101,2
38532,3
197247,2
124097,2
1035911,2
750639,2
708963,2
96133,2
915429,2
667724,2
16692,2
666579,3
179979,3
339562,2
278835,3
1041134,3
867066,3
282758,2
398565,2
480489,3
175607,2
160126,3
959910,2
310916,2
48065,2
621093,3
978368,3
656089,2
987628,2
186307,2
809299,3
598908,1
603683,2
266212,2
147545,2
9987,2
157548,2
203225,2
855019,2
888601,3
387855,2
23998,3
80522,3
216880,3
189715,2
230504,3
972400,2
46843,3
709418,3
288591,2
456065,2
255646,2
219228,2
652375,3
220966,2
236580,2
657746,2
700997,2
725049,3
687140,3
105609,2
250291,2
199889,2
774217,3
533070,2
586175,2
734860,2
630514,2
837775,2
294107,2
987705,2
1007145,2
942585,2
128898,3
220865,2
928325,2
998897,3
745088,3
710990,3
77780,3
903064,2
718662,2
449026,2
77036,2
488862,2
550866,2
348951,3
66865,2
756377,3
641756,3
415280,2
800935,3
392929,2
670714,3
975240,2
561872,2
572658,2
618056,2
696588,2
969415,2
185621,2
669050,2
76723,2
221143,2
729882,1
224634,3
231000,3
78886,2
663205,3
623977,3
645316,3
580005,2
900039,2
818822,2
973669,2
102794,3
410610,2
791187,2
230918,2
598589,2
263926,2
535155,3
838076,3
343695,2
545873,2
162244,2
957662,2
244423,2
1003022,2
813695,2
693127,2
421021,1
441838,2
722931,2
976488,2
1017915,2
662185,2
407557,3
195039,3
139696,2
382131,3
82828,2
456859,2
824871,2
989818,2
755916,3
828709,3
579182,3
860732,2
731766,2
729981,3
416221,2
262355,3
868890,2
714052,2
929846,2
958366,2
192663,2
245024,3
839299,2
93826,3
843704,2
925334,2
352965,3
396307,2
145535,2
405783,2
870059,2
641783,2
1045837,3
127249,2
976658,3
94424,3
578904,2
54696,2
143607,2
684185,2
240917,2
450788,2
629864,3
135852,2
258040,2
561071,1
285355,3
215824,2
121367,2
1025240,2
742909,2
29661,3
477379,2
516559,2
659586,3
739151,3
433822,2
429096,2
581175,2
640698,1
524602,3
489796,2
262093,2
501914,3
865163,2
1007909,3
380186,2
616489,3
839084,2
224451,3
733829,2
510852,2
749301,2
557556,2
666812,2
28957,1
786837,2
210940,2
251040,2
24285,2
723335,1
720926,2
1017119,1
493293,2
455899,3
838032,2
56206,1
79050,2
226916,2
785012,2
985014,3
764545,3
995434,3
129116,2
332920,2
266308,2
307040,2
953987,2
219450,3
62815,3
491413,2
665148,2
561315,3
731669,2
332271,1
620932,3
49524,3
691577,2
175480,2
437439,2
37269,3
326029,3
430314,3
457285,2
817572,2
257661,2
435082,1
840775,2
900562,3
598792,3
828049,2
31794,2
59447,2
735101,2
981146,3
338148,2
550905,1
916321,2
501368,2
847813,2
980774,3
103723,2
809765,1
906103,2
892502,2
238696,1
746589,2
796694,3
265069,3
666943,3
1050843,2
436769,3
924448,2
784504,3
539154,2
416348,2
334572,2
582675,1
405680,3
923122,2
1035293,2
658441,2
513412,2
506246,3
700015,3
704825,2
392193,2
941583,3
456980,3
708894,3
1044861,3
683159,1
781697,2
839941,2
244318,2
481600,2
702157,3
897740,3
179901,3
552310,1
1041451,2
190538,2
958046,3
819292,3
419196,3
487117,2
1019550,2
293204,2
824019,2
684986,2
466815,2
175503,2
176005,2
848576,3
637016,3
386582,2
822297,2
800093,2
778932,1
389576,3
217577,3
2487,2
588102,2
308103,1
812620,2
1032881,1
27151,2
47431,3
985405,3
991531,3
298356,2
383948,2
1013562,1
282531,2
733794,2
856780,2
471955,1
460171,2
325624,2
362401,2
530576,2
503121,2
735005,3
308117,2
1469,2
655905,2
7193,2
805800,2
646463,2
889518,2
281828,2
852946,2
10187,2
988430,1
125505,2
930743,2
348778,2
1040149,1
716285,2
838097,2
749333,2
823200,2
65330,2
191941,2
737988,2
814096,3
873457,2
136272,2
33123,3
205549,3
349867,2
114509,3
157140,3
427443,2
951640,3
974447,2
981812,2
34430,3
619948,2
376567,2
91403,2
376693,1
141440,3
525843,2
201555,2
3482,2
887997,1
390611,2
752586,2
707751,3
893517,3
155340,2
28274,3
217652,2
419644,3
619607,2
739136,3
1019174,2
1015030,3
141751,2
208448,2
695660,2
867143,2
307591,3
942264,2
588405,3
243042,2
694572,1
609065,3
1035738,2
361474,2
378114,1
564829,3
38304,2
919299,1
397495,3
708294,2
881353,2
419508,2
678881,2
1027676,3
426990,2
35479,1
132696,2
990034,2
407854,2
495145,2
842186,2
305710,2
327701,2
470538,2
175386,2
351576,3
787957,3
477932,2
299759,2
799203,2
852279,2
879093,2
678190,3
757754,2
940270,2
701351,2
61057,2
413287,2
655466,2
224225,1
596460,2
422927,2
1019533,2
126673,3
904987,2
616092,2
571335,3
192543,1
287579,3
41343,1
110689,2
61672,2
833322,2
735464,2
74971,2
1031943,3
384977,2
826915,3
494747,2
527725,3
341013,3
523067,3
858733,3
624956,2
190918,2
995214,2
499492,2
630997,3
450911,3
91475,2
879239,2
636620,2
736477,2
851510,2
47656,2
846653,2
621802,2
56622,2
353102,2
656795,1
604286,2
191026,2
353672,2
2818,3
1308,1
417525,2
130747,2
876553,3
136954,2
583322,2
732983,2
762758,3
760018,1
207918,3
114556,1
550572,2
548775,2
319270,2
719918,3
501366,3
9434,2
1042840,1
973364,2
2361,3
65232,2
905741,3
592611,3
597453,2
1027760,2
348632,2
248013,1
1021425,3
175804,2
822781,2
675099,2
416067,1
96173,1
795862,3
326072,2
273669,3
417988,2
424689,2
443517,2
530541,2
283381,3
155342,2
256912,2
418914,2
751346,2
924793,3
678061,3
424095,1
210950,2
579448,3
942405,1
405621,2
318742,1
780838,3
710238,2
829152,2
787715,2
1014304,2
582283,2
693677,3
837725,2
1017678,2
214366,3
125097,2
598634,2
861367,2
586760,2
983654,2
30947,2
870920,2
1037028,2
238013,2
39204,1
137663,3
834325,3
35898,2
1034753,3
402678,2
307400,2
588479,2
541054,2
984188,2
361535,2
363806,3
317295,3
691202,3
304219,2
55420,1
724144,2
823309,2
36790,2
377538,2
941143,2
649761,2
1046775,2
159700,3
849120,2
453995,2
974063,2
316299,2
887142,3
652105,1
810814,2
1033985,2
82785,2
516363,1
142327,2
789967,3
632531,2
380783,3
877726,2
308923,3
665431,3
688915,3
693477,2
350989,3
913694,3
882678,2
148045,2
154511,2
733173,3
29535,2
354497,1
9792,2
401870,2
157980,2
1011202,2
416168,2
494383,2
975881,2
376581,2
867500,3
97215,2
878312,2
659932,2
1046767,2
783559,2
13319,3
763304,2
65196,2
485085,1
956722,3
883300,2
606402,3
14258,2
544929,3
501684,2
773591,3
133647,2
353229,2
50413,2
1024737,2
110733,3
709479,1
74247,2
905194,2
510780,3
1387,2
945457,3
134354,2
1011679,2
323661,2
347163,2
898203,2
28708,3
287912,3
217154,2
414977,2
40387,2
348884,1
427194,3
910548,2
810983,2
145121,3
373673,1
872803,2
630319,1
563193,1
90779,2
593028,3
355047,2
156250,2
40493,3
960851,2
635939,1
744582,3
121922,3
119573,2
5132,2
879255,2
127567,2
585593,1
1039768,2
778933,2
646121,3
97244,1
107526,2
817023,2
845227,2
47034,3
415524,3
575322,2
675312,3
470548,2
307865,2
899689,3
634968,3
996821,2
110488,2
353256,2
340165,2
1010266,3
775831,2
766862,2
677055,2
1017931,3
183890,2
972110,2
789288,2
853942,2
189767,2
948554,2
412786,2
844102,2
910276,2
948681,2
411065,3
133645,2
564636,1
349762,3
614752,1
620061,2
694764,3
724147,2
125099,2
674104,3
564219,3
867952,2
241059,2
681010,2
606974,2
809977,2
941644,3
265865,3
305668,2
477461,2
51496,2
1022011,2
300800,2
115430,3
1049395,2
151173,2
1005717,2
948904,2
715967,2
214191,2
847722,2
951655,2
486957,2
449496,2
808352,2
779046,3
850004,2
998362,2
299721,2
476337,2
990819,2
1037393,2
661799,3
284912,3
799322,2
674409,3
95499,3
36287,2
544903,3
614879,2
521100,2
239481,3
819343,1
384139,2
1035986,2
665239,2
11109,2
544643,3
87007,2
339557,2
1010782,2
928512,2
197069,2
7391,1
401901,1
459931,2
573508,2
3900,2
339418,2
392951,2
673480,2
479792,3
49207,2
594071,2
777864,2
212796,2
51228,2
313152,2
278256,2
491920,2
91298,2
422090,1
638713,2
461731,2
341751,1
361892,2
840284,2
289895,3
138906,2
1005172,2
912016,2
1045314,3
825083,3
146913,2
994729,2
524322,2
186864,3
647393,2
900524,2
355415,2
732584,2
1040853,1
616896,2
932229,2
743011,2
574519,3
689725,2
246810,2
855987,2
501262,2
688219,2
193194,3
550894,3
703817,3
472390,2
431262,2
156453,2
700616,3
398818,3
856409,2
916929,3
280584,2
686519,3
259983,2
917954,1
689538,2
448626,3
713,2
280916,2
522009,2
42700,3
47208,2
878353,3
1034788,3
836503,2
872615,2
999381,3
578543,2
729171,3
993488,2
567165,2
963725,2
613820,2
796154,2
919930,2
954252,1
906550,2
203493,2
659509,3
690755,3
653414,3
570504,2
541553,3
1014256,3
841063,3
428340,3
237281,3
794322,3
493726,3
349350,2
190242,2
351717,2
1027366,2
841640,3
78101,2
938692,1
290153,2
553811,2
863669,3
644015,2
707062,3
336144,2
154728,3
325483,3
368737,2
403802,2
815732,2
1025750,2
912682,2
32443,3
294182,2
323552,2
1008908,2
804292,2
699206,2
80683,2
894763,2
505254,3
987029,3
434575,2
878699,2
71962,3
562196,2
962169,2
308948,2
937923,3
979244,3
152281,3
897585,2
369500,3
99710,3
501437,2
85134,3
476022,2
474917,3
466134,2
718125,2
990374,1
168717,3
833650,3
130117,2
439157,1
97220,2
878472,2
457446,3
819257,2
836433,2
521515,2
782506,2
528499,3
368219,3
319263,2
1042021,2
478581,2
102769,2
332392,2
341151,2
510170,3
345616,3
544748,3
322636,2
258670,2
241196,3
359864,3
1031557,2
493780,2
115948,2
283727,3
704269,3
932042,2
757109,3
900630,2
785026,3
138884,2
699618,2
515934,2
37909,2
441892,3
644719,1
837849,2
12878,3
566653,2
115913,2
831331,2
266265,2
1003133,2
314616,1
803587,2
572074,3
716415,2
415868,2
614898,2
367964,3
832567,2
877490,3
112835,2
826276,3
340176,2
29167,2
586147,1
406205,3
876219,3
538649,3
57150,3
566676,2
1046081,2
196756,3
816680,3
99986,2
82456,3
822943,3
410966,2
1039229,2
981993,3
473611,1
652467,2
111627,3
2190,1
208876,3
309233,2
28222,1
878016,3
919688,2
435924,2
243934,2
332063,3
427470,2
650776,2
399411,2
146995,2
496195,3
345863,2
692711,2
455529,2
82014,2
966805,2
434767,3
817238,2
10373,2
35177,3
415679,3
428377,2
148348,2
367707,2
671214,3
1020270,2
635168,2
43095,1
426309,2
54084,2
944131,2
12818,3
995978,2
995581,2
354610,2
822510,2
276812,2
1049142,2
610460,2
119629,3
947677,3
566696,2
852497,3
665959,3
154155,3
834399,2
1007205,2
746321,2
523047,2
225871,2
405506,2
986272,2
152621,2
660503,2
406896,2
762776,2
397523,2
388364,2
450713,2
900095,2
602866,2
601073,2
310710,2
579013,3
215717,2
530775,2
947256,2
478634,2
34740,2
714085,2
959360,2
21844,2
280102,2
230260,2
133661,2
151603,2
363482,3
800827,3
274990,1
365123,2
1003399,3
998364,3
897001,2
1045877,2
578421,3
850955,2
819908,2
284798,2
334378,3
111140,3
369777,3
487210,2
567406,3
670194,2
805342,2
122044,1
310385,2
124137,3
1027419,3
438908,2
959656,2
678059,2
377184,2
244935,2
612887,2
569420,2
706064,3
217965,2
464827,2
312395,3
222889,3
486952,2
823842,3
45918,2
1038381,1
409979,2
106961,2
247115,1
488616,3
679666,2
356061,2
831582,2
448594,2
69114,2
105073,3
496295,2
771096,2
176099,2
401460,3
408595,3
30809,2
1026435,2
784821,3
697484,3
72228,2
764035,2
642291,3
935383,2
462442,2
997667,2
1042525,2
816262,2
871501,2
129642,2
986581,3
953293,2
395698,2
663317,3
448000,1
19135,2
1042808,2
282015,2
643654,2
400996,3
364026,3
703960,2
589513,2
649121,2
530845,2
199058,2
689489,3
1031800,2
725043,2
496565,3
456595,1
188672,3
1026043,2
368003,2
163832,3
798625,3
1043272,2
59783,2
229786,2
556037,2
175678,3
335819,3
998281,2
794071,2
679176,2
107701,2
1023704,3
67324,3
459729,2
705786,2
155919,2
997316,2
228846,3
1015598,2
85007,2
856380,3
302281,2
406332,3
816145,1
109977,3
425044,1
490776,2
517528,2
245109,3
984825,3
570550,1
948252,2
535744,2
1009052,3
861939,2
813629,3
613147,3
782635,2
220292,2
573757,2
324574,2
997660,2
1016414,2
326916,3
541721,2
38693,2
158278,2
103316,2
468102,2
931126,2
773854,2
119638,2
66543,2
610831,2
308109,2
790877,2
933364,2
967682,2
862868,2
195550,3
492305,3
501170,1
262713,2
89005,1
639188,3
648181,2
210754,2
15150,2
422088,2
755806,3
792303,2
152368,3
787562,2
601563,3
851858,2
879829,2
601483,2
22641,2
855775,2
635672,2
187766,2
770115,1
64131,2
365339,2
165560,2
119960,2
361665,3
845856,1
1049192,3
578576,1
229462,2
313199,2
342840,2
37146,3
124574,3
399796,1
970667,2
373182,3
34046,3
1011685,3
386024,3
106522,3
314565,1
877468,2
615046,2
62196,2
20656,2
891364,2
830420,2
119180,1
426589,2
69531,2
453262,1
812451,2
419252,2
267998,2
347387,2
133844,3
578367,2
783909,2
640645,3
512754,1
1004481,2
415065,3
282523,2
10587,2
884617,2
76239,2
903271,2
711084,1
365097,2
725375,2
549616,3
1025484,1
21956,3
1026538,2
785712,2
231352,2
904674,3
33048,2
783095,1
428112,2
648278,2
780848,2
991513,2
163962,3
314936,3
122089,2
46175,2
393257,2
991617,2
296882,2
486659,2
852723,2
711897,1
779690,2
714043,2
988089,2
940598,2
560010,3
793237,3
319997,2
835715,2
806233,2
972265,2
673653,3
922107,3
893296,2
296279,2
392285,3
733414,2
555394,3
213810,2
460467,2
103870,2
443417,1
113851,2
649627,2
614322,3
999732,2
756586,3
1037427,2
976974,2
130024,2
597912,2
1002186,2
214582,2
684633,3
926833,2
247785,2
85660,2
909835,3
997616,2
473086,3
176656,3
908070,2
403250,2
402161,1
319564,2
963458,2
346665,2
826271,2
976325,2
1006283,2
707395,2
42760,3
262885,1
401750,1
694632,3
740535,3
409021,2
104096,2
722237,3
942358,2
744623,1
914620,3
435515,1
1035420,2
357412,2
17885,2
609970,2
648929,2
965560,2
285342,2
606219,3
976508,3
121420,2
484104,3
365767,3
1002374,2
871539,3
232046,3
759148,2
409448,2
276420,2
772034,2
58124,2
803736,3
796471,3
476504,3
670510,2
740405,2
969753,3
202659,2
208896,2
761784,2
138882,3
748423,2
640806,2
514309,2
511062,2
825009,3
774022,2
403621,2
717021,2
755557,2
808913,2
748821,2
373326,2
658627,2
273982,3
567777,2
591513,3
750887,1
988997,2
277180,2
429024,2
106549,2
132238,2
325336,1
404031,2
836236,2
263172,3
36944,3
828601,3
490647,2
862546,3
69388,2
244153,3
226340,2
803491,2
486305,2
559181,2
418208,2
478950,2
264946,2
10340,2
830330,2
877013,3
319833,2
990854,2
719496,2
562172,2
221843,2
489839,2
150672,2
649916,2
307473,1
45370,2
119491,3
361050,2
737742,1
700086,2
696746,3
860380,2
746186,1
906211,2
419657,2
865457,2
681438,2
275612,2
820705,2
363960,2
432379,2
165895,2
7410,2
816507,2
764777,2
818972,3
953908,2
688767,2
991262,3
164348,2
477601,2
80032,3
844195,2
184073,3
295206,2
453756,2
372322,2
1038052,2
904955,2
909073,2
204005,3
203927,2
772985,3
295146,3
560818,2
824341,2
416442,2
690564,1
987609,3
1015318,2
806889,3
1004693,2
81491,3
282349,3
648655,2
603930,3
455212,2
523645,2
440712,2
596135,3
854493,2
156412,2
368896,2
697247,2
195578,3
939171,2
560675,2
908031,3
931575,3
589259,3
591348,2
888897,3
663214,2
419695,2
778717,2
893240,3
434875,3
635151,2
635707,2
449694,2
942441,3
372275,3
624211,2
908417,2
823117,3
655065,2
580663,2
146048,2
1019830,3
51433,1
42343,3
1011237,2
527632,2
1041540,2
211886,2
949669,2
422294,2
523515,2
536961,2
833888,3
80791,3
370853,3
79031,2
291670,2
883815,2
161094,2
727194,2
631233,3
845584,2
645379,2
940479,2
60547,2
404077,2
574648,3
41746,3
732124,2
974673,2
540156,2
703584,2
96682,2
602927,2
688713,2
310007,3
559152,2
494494,1
637483,2
600957,2
96570,3
32542,2
234561,1
984655,2
1010430,3
435499,3
618309,2
183491,3
8533,2
268715,2
894977,2
940701,2
346301,2
980460,2
569890,1
185289,2
532921,2
627804,3
526283,2
438515,2
302672,3
1045703,1
883911,2
801039,2
955074,2
808816,2
106011,3
775157,2
1043916,3
41448,2
1020586,3
848140,2
1017358,3
571644,2
292438,3
748097,2
61280,2
599919,2
509783,2
325420,2
770728,2
662314,2
677892,2
718269,3
108378,3
474310,2
686926,3
956573,2
263915,2
403728,3
646293,3
680547,2
950707,3
518492,3
449958,3
323649,3
488951,2
636578,2
928865,2
766796,2
508735,2
1013697,2
731512,2
352800,3
767423,2
815717,2
852155,2
579478,3
111940,3
1014866,2
598645,3
717639,3
754387,3
974200,2
991168,2
850732,2
976176,2
724543,2
616665,2
639444,2
846865,3
676294,3
1003681,3
947748,3
290102,2
821232,3
569463,2
646787,2
102574,2
754101,3
865571,2
396991,1
353234,3
558304,3
409765,3
62207,2
251827,3
909215,2
377076,2
687519,2
1006048,2
778878,2
267958,1
346679,3
708700,2
132369,2
23784,2
178331,3
796465,3
417991,2
11579,3
765154,2
723036,3
692278,2
985163,3
553233,3
444087,2
49254,2
53460,2
144269,2
914657,2
988233,2
931411,2
62694,2
300617,2
108021,3
760361,3
50612,3
962027,1
4814,2
795466,2
937995,2
929362,2
86283,2
940498,2
903785,2
547343,2
767595,3
667767,2
887103,3
333208,2
419130,2
943737,3
1008465,3
968281,2
359882,3
79115,1
756160,3
352698,2
316021,1
787144,2
450088,3
265535,2
337037,2
659631,3
209310,2
100833,2
1052093,2
659272,3
483587,3
55950,2
987381,3
572720,2
571171,2
244329,2
737157,2
870405,2
449278,2
612482,2
563802,2
573246,2
511881,2
213323,1
63090,2
848319,2
544540,2
663836,2
768966,1
183359,3
531295,2
204816,1
800111,2
238203,1
132652,2
309561,3
701359,2
411513,3
237275,2
897093,2
604055,2
227474,2
707849,2
885735,2
937187,2
511326,2
620738,2
942475,2
987858,2
471375,2
383427,2
74118,2
440184,2
837055,2
233159,3
613498,2
94101,2
757518,2
913213,3
309836,3
359942,2
113335,2
458441,2
1044440,2
684965,2
266839,2
617586,3
767302,2
79071,2
528327,2
812327,3
392311,3
641602,2
54282,2
238508,2
693128,2
354718,3
354975,2
560968,2
724517,2
161928,3
1015722,2
1029063,2
222584,3
824725,3
652681,2
248002,2
34272,2
787884,2
492016,3
580804,3
25554,2
670214,2
309818,2
164904,3
268704,2
910773,2
258908,2
802600,2
857651,3
326299,2
37510,2
607584,3
778762,2
123643,2
710739,3
904088,3
707900,2
831009,2
214483,2
534945,2
465376,3
892094,3
850024,2
699102,2
209605,2
787149,2
365409,3
289800,2
335754,3
872285,3
1009938,2
474608,2
1052274,3
564084,2
455302,3
1016236,2
567448,2
1004365,3
77516,3
167328,2
540531,2
411788,1
506563,3
256467,2
337251,1
340920,2
185040,1
794405,2
176962,1
876268,1
456190,1
720412,3
519701,2
425619,2
952543,2
36106,3
507737,2
1038801,2
555447,3
154078,2
180522,2
616696,2
785549,2
174490,2
168435,3
403454,1
759930,3
1050442,1
619496,3
610504,1
622274,1
382533,2
795675,3
175836,3
68266,2
392679,2
338291,1
997984,2
257500,2
902309,2
124446,2
212555,3
62186,2
968681,2
642235,3
661655,2
382563,3
227439,2
118258,2
761351,3
621417,2
863605,2
585566,2
643856,1
882539,2
237951,2
592230,3
279895,2
52379,2
204120,2
493123,2
782024,1
995487,2
21312,2
314759,2
604780,2
973757,2
379472,2
931520,3
210645,2
1043976,1
1039840,2
213564,2
314800,3
656547,3
146270,2
387697,2
395388,2
1050936,2
952531,3
910030,2
346618,2
456218,2
726143,3
242093,2
420481,2
912199,3
775355,3
1011644,3
898677,2
192440,3
238654,3
737436,2
234620,2
985628,2
994299,2
983204,3
988480,3
439579,2
303679,2
437913,2
331008,2
577988,2
215186,3
840761,3
146642,3
174859,2
767069,2
17780,2
60754,2
462899,3
1043060,3
687568,2
287861,1
816988,2
613688,2
522135,3
347803,3
279173,2
966373,2
856967,3
83069,3
975049,3
496352,2
144575,2
384862,2
402313,2
23978,3
123683,2
737405,2
836777,2
1000409,1
280571,2
86007,2
977159,2
869579,2
407479,2
876425,2
596465,2
826816,3
460605,2
336701,3
198921,3
782217,2
164046,2
99662,2
217995,2
694080,2
1017158,2
841866,2
702164,2
572455,2
765685,2
890807,3
541385,2
359871,2
795236,2
608257,2
259648,3
98171,2
358814,3
84230,2
516556,2
491144,3
158593,2
577599,2
932026,3
974209,3
120021,2
1026516,3
231616,2
416347,1
398299,2
657046,3
795985,3
830313,2
465335,3
866298,2
591709,2
275860,2
97352,2
667864,2
387930,3
315513,2
557495,3
144046,2
899799,2
155784,2
472132,2
48084,2
235000,2
208885,2
835524,2
805595,2
257427,3
827760,3
828112,3
860089,3
295125,2
960402,2
859423,2
566210,2
842358,3
783062,2
423684,2
638851,3
143440,2
561790,2
416502,3
215873,3
308536,2
821572,2
598076,2
114139,2
432462,2
524278,2
920975,3
876034,2
552325,2
646774,1
665853,2
10952,2
820415,3
956008,3
290647,3
430533,3
523772,2
638505,2
75355,2
938765,2
615999,3
110162,3
13989,1
912059,3
894750,3
136580,2
731609,1
551133,2
984774,3
106953,2
950770,2
812894,2
762081,3
309712,2
354285,2
997386,2
442418,2
411822,2
96707,3
435532,2
473035,3
372194,2
900103,2
535239,3
916206,2
510143,3
688914,2
718571,2
292067,2
208100,1
126837,2
738546,2
128915,3
232329,3
539615,2
918543,2
133730,2
612057,2
207279,2
402466,2
1028846,2
946171,2
486700,2
343106,2
770067,2
529887,2
412429,3
633455,2
230526,2
368842,3
694900,1
796715,2
40907,3
454259,3
625904,3
93896,2
96745,3
435764,3
920041,1
334793,2
525892,2
439264,2
862041,3
17887,3
899897,3
890738,3
508875,2
717525,2
410979,2
723021,3
438626,2
527224,2
194843,2
637478,1
889833,2
462759,3
139878,2
258686,2
662397,2
340530,2
345462,2
149485,2
734564,2
430797,2
722902,2
503523,2
706471,2
1005359,3
990277,3
616937,2
994203,3
747463,2
874199,2
738662,2
514870,1
957999,2
807293,2
703652,1
179028,2
816485,2
414892,3
222575,2
251047,2
1045184,2
523907,2
236422,2
588137,3
16630,2
280172,2
416456,2
764485,2
364825,2
690519,2
515536,2
1038914,2
798877,2
600380,2
92098,2
433509,2
690881,2
302191,2
511288,2
410120,3
378980,2
210364,3
500091,2
30539,3
409085,3
921271,1
248191,2
879734,2
489841,2
805056,3
772373,3
349465,2
122164,2
985681,3
779322,2
241697,2
963780,2
956318,2
880860,2
267117,2
471173,2
188770,3
178169,3
869110,2
530996,3
560940,2
890492,3
556295,2
528187,2
642537,2
76275,2
950298,2
822638,3
269748,2
700980,2
48890,2
332178,2
628161,3
773330,1
491098,2
548476,2
774131,2
607499,2
159097,2
258174,2
214274,2
839430,2
1024750,3
711496,3
220758,1
698352,3
425742,2
83577,3
457885,3
678118,2
624754,2
430418,2
529424,2
957463,3
370774,3
718986,3
950891,2
540499,2
75058,1
1029853,2
962600,2
90015,3
776763,2
148836,1
482491,2
121594,2
391134,3
535743,3
955969,3
932332,2
1043877,2
403450,3
679638,2
911941,3
1037266,3
717370,2
889341,2
712980,3
88062,1
284280,3
781471,2
28388,2
1000433,2
932358,2
477057,3
1039544,3
763214,2
482635,2
901009,3
686031,2
970184,3
268985,2
189833,2
899542,2
769871,2
407510,3
130695,2
263209,2
824942,2
1018232,3
716514,3
72225,2
569268,2
509260,2
821462,1
136991,3
229315,1
901627,2
942269,2
393277,2
854095,2
165183,2
1353,3
358288,2
139085,2
543203,2
309785,3
439782,2
117088,3
306441,2
187905,2
600704,3
1002352,2
175033,2
411897,2
61983,2
199919,2
262500,2
511404,3
627258,1
56887,2
724807,3
711886,2
200007,2
942531,2
355354,3
77287,3
325165,1
911161,2
418689,2
639467,3
218574,2
92272,1
215930,2
1018002,3
1002666,2
655940,3
311477,3
213781,1
638575,3
556620,2
69171,2
834047,2
259616,2
301514,2
70651,2
510981,1
39112,2
1025994,2
176351,2
80292,2
1017013,2
429758,2
330105,2
89094,1
206617,3
474536,3
768292,3
642401,3
486166,1
869865,3
372800,2
1047467,3
236558,2
791651,1
818402,3
1026204,2
921525,2
735047,3
269669,1
75505,2
745274,2
750053,3
407179,3
507347,2
476681,3
46988,2
180333,2
88488,2
801360,2
246629,3
532630,3
357767,2
513463,2
756695,2
613209,3
115493,2
83751,2
1044290,3
669765,2
1029878,2
810691,2
1006909,1
559909,2
803536,3
899726,2
317013,2
329251,2
498460,2
757888,2
416747,2
690538,3
238921,1
859703,2
15188,3
776100,2
309637,2
223099,2
703162,3
1037398,2
426174,2
422941,2
914029,2
628215,3
120957,3
472298,2
970790,2
812343,2
891447,2
361203,3
282828,2
427838,2
545869,2
66017,2
654038,2
903197,2
754471,2
549565,3
589648,2
604219,2
12657,2
123735,2
291138,2
442317,2
360133,2
850976,2
806182,2
807465,2
1052001,3
134875,2
536596,2
132958,3
929306,3
333709,2
576203,2
586709,2
388950,2
798666,2
196015,3
165718,2
313145,3
1044300,2
886339,2
59094,2
716724,2
983305,2
958566,2
716662,2
437601,1
159735,2
892803,2
682971,2
647826,2
357096,2
908984,3
197363,2
67660,2
945096,2
403364,3
1011185,1
531972,2
389705,2
604196,3
596841,2
96161,2
378225,3
528834,2
1027324,2
606642,2
939896,2
654334,2
82056,2
892811,2
983960,2
951488,2
20145,2
680776,2
434029,2
719726,2
7141,2
516275,1
1042259,3
915519,3
944278,3
205291,2
592615,2
179060,2
622058,2
274815,2
598055,2
997158,2
446379,2
117044,2
1039302,3
109164,2
719717,2
613436,3
331381,2
1038374,2
494763,2
492940,2
29739,3
295831,3
99932,3
380251,3
572743,2
79599,3
162128,2
777097,2
374728,2
605895,2
822391,2
431818,3
525942,2
163281,2
480180,1
649023,2
65417,3
983767,3
658372,2
345649,2
90843,1
1045977,3
848809,2
697728,3
140068,3
796405,2
157064,1
822479,1
430016,2
755798,2
621130,3
767094,2
512344,2
39291,2
679370,2
905809,2
306764,3
721312,2
367928,2
180303,3
676810,2
438687,2
598556,2
980090,2
921021,2
1020108,2
208958,3
14858,2
345302,2
515324,3
615698,3
140819,2
128217,1
413221,3
315761,3
318915,1
727437,2
705423,3
176759,3
626086,3
1050328,3
344102,3
180532,2
961500,2
1015092,2
368214,3
523240,2
716002,2
81709,2
12491,2
522168,2
393521,1
105568,2
611422,2
97866,2
784396,2
945649,2
322260,2
7736,2
436331,3
251893,2
999173,2
1575,2
1006952,3
842994,3
764547,3
686412,2
55435,2
602493,2
690111,2
410177,3
195572,2
317741,2
561050,2
495803,2
719869,2
626247,3
1031198,2
335256,2
169034,3
267655,2
445713,1
371365,2
373687,2
273554,2
926053,2
455244,2
671517,2
816679,3
977374,2
548637,2
620057,3
891428,3
89013,2
959734,2
651204,3
110326,2
968697,2
80150,2
150446,2
157385,3
195256,2
282375,3
727278,2
625493,2
808945,2
361920,2
1036266,2
313285,2
256540,3
310297,2
967591,2
611289,2
355977,3
443000,3
55642,2
285976,2
21022,2
834061,2
255111,3
152167,3
748444,2
551080,2
1045472,3
322947,2
599968,2
945182,3
516300,3
378637,2
948117,3
986348,3
491056,2
227058,2
60685,1
345041,3
557068,2
12322,2
702592,2
307237,2
734647,2
964143,3
889283,2
691792,2
292211,3
550002,2
201570,2
829710,3
288039,2
931079,2
980750,2
570012,3
88994,2
61576,2
860602,2
834824,2
517588,2
8511,3
272784,2
199266,2
95387,3
244650,3
352476,3
102963,1
13675,2
697604,2
788688,2
842265,2
318286,2
108171,2
438380,2
298999,2
558209,3
1046234,3
126597,2
574277,1
466390,3
146470,1
601361,2
353908,2
248646,2
462633,2
83882,2
772178,3
719897,2
432904,1
534729,2
312930,2
565667,2
825463,1
474857,3
736081,2
888925,2
110483,2
435169,2
949994,2
408910,2
431257,2
112972,2
657824,3
182906,2
78853,2
818009,3
187314,1
41075,2
1030250,3
958855,2
796883,2
492972,2
773299,2
220075,3
1031961,2
943256,1
1040605,1
449459,3
666502,2
480783,2
189492,2
228503,2
915557,2
1037515,2
834400,3
950573,2
761059,2
982035,2
259672,3
935994,3
682267,2
764180,2
953502,2
1015211,3
719070,2
847145,3
466291,2
455675,2
977875,2
862262,3
709889,2
486866,3
813137,2
773033,2
38724,2
543365,3
791421,2
159956,2
921235,2
297471,2
761766,2
798133,2
669269,3
1017926,3
983121,3
742006,1
467898,3
247662,3
1014447,2
352569,2
61796,2
997736,2
879642,2
995705,3
553413,2
1009815,3
390770,2
980592,3
51900,3
619207,3
333853,2
352038,2
746231,2
502262,2
387556,3
814132,2
717605,2
221736,3
853833,2
853581,3
474573,1
943560,3
201773,2
66684,2
224873,3
636778,2
67424,2
633742,3
975005,3
769225,2
662699,1
931533,2
1015069,2
59657,2
467559,1
821143,3
789303,3
174194,2
1032416,3
92346,2
64799,3
821394,2
591264,2
8943,2
172635,2
545480,2
159795,2
496394,2
995306,2
203163,2
392965,3
93537,3
597964,2
163034,1
992707,2
585413,3
868204,2
934424,3
419195,2
548439,2
1005261,2
931103,3
914312,2
189022,2
370126,2
158561,2
783985,3
282638,2
239892,2
931699,2
787821,2
109135,2
37334,2
666958,2
210065,2
550389,2
892565,2
1001840,2
246898,2
367727,2
301824,3
165085,3
1005012,2
50143,2
385206,3
722387,3
211807,2
464332,2
796268,2
925160,2
1046104,3
1036468,2
767871,1
817044,2
788807,3
645329,1
984039,3
570587,3
706396,2
190358,2
879013,2
919493,2
131271,1
897780,3
743568,2
855103,2
985177,2
175569,2
918507,2
678175,2
728833,2
648510,2
494389,3
89511,2
95311,1
140984,2
1003644,3
410287,2
230428,3
47840,2
296069,2
899554,2
160295,1
460648,3
812481,2
213690,1
590060,3
298891,2
300780,3
948973,2
640037,2
104483,2
1024903,2
827607,3
121421,2
990600,2
74545,2
627041,3
293223,2
637323,2
163207,2
1009534,2
5333,2
225579,2
575162,3
213433,2
790383,2
83677,3
962480,2
805335,2
93038,3
211514,1
448716,2
383692,2
300277,2
967342,2
666457,3
239071,2
54015,3
229023,3
12863,2
339124,2
747855,3
1022246,3
468530,3
338711,2
613924,2
43466,2
973570,2
862246,3
954313,1
951872,3
1029647,3
332526,2
701974,2
1043119,2
61105,2
587938,2
632117,1
273483,2
563031,2
49999,2
530233,2
579268,2
682172,3
42021,3
665622,3
756184,2
604830,2
627619,2
797332,3
686136,2
357133,3
87624,2
890643,2
996004,3
772992,2
917098,2
959961,2
454442,2
785977,3
106169,2
344135,2
476407,2
54671,3
530980,2
614021,2
708806,1
580137,2
319243,2
906670,2
716611,2
161731,2
375002,2
347888,3
175968,2
1011251,2
362806,2
4387,2
389115,3
282096,2
6032,2
931,2
219843,2
1048649,1
187384,3
478650,3
822609,2
207780,2
764215,3
36186,2
907240,2
289380,2
305675,2
653877,2
896857,2
364581,2
354600,2
822485,3
144123,3
455137,2
168722,2
655593,2
688410,2
457337,3
151590,2
977427,2
841304,2
191934,2
1016377,2
385586,2
620888,2
392370,3
368624,2
173388,2
782840,2
503212,1
206078,2
203422,2
657954,3
371983,3
258520,3
173910,2
498717,2
778512,2
274068,2
220099,2
261756,2
636143,2
155550,2
368294,3
35938,2
989908,2
949725,2
409890,2
831533,2
127938,2
445963,2
126403,2
37770,2
556555,2
787162,2
347331,2
888729,2
236307,2
635759,3
285560,2
797773,2
795882,2
939142,2
512711,2
1007980,3
281461,2
53849,2
768385,3
831917,3
693637,3
703470,2
1045782,3
716331,3
51237,1
824811,2
934518,3
49515,2
898107,1
365874,1
878556,2
186889,2
832964,3
96486,2
311126,2
33842,2
418295,3
274942,2
687822,3
375273,3
714553,2
369640,2
610855,2
960961,3
154404,2
1046720,2
584022,3
754151,3
887509,3
1011024,3
681939,3
172457,2
391456,2
859677,2
958194,3
82264,2
236649,3
864245,2
626816,2
170645,2
1034242,3
87664,2
1010124,3
743106,2
524722,3
680431,3
386384,1
991965,3
335694,3
998808,2
130602,3
531716,2
950497,2
959098,3
873838,2
644558,1
150387,3
989627,2
989460,2
260373,2
419600,2
96335,2
828125,3
42706,2
95762,2
64715,2
141919,2
783025,2
748741,2
45143,3
102437,2
404376,3
707172,2
25856,2
67296,3
440775,2
333703,2
940082,2
153618,3
414505,2
504458,2
830253,3
958863,3
506458,2
410505,1
734537,1
169740,2
262417,3
753320,2
321759,2
793516,2
859009,2
688704,2
591936,2
521226,2
433741,3
746065,2
375512,2
897789,2
938967,2
178067,3
302660,2
104030,2
929438,2
495756,2
639732,2
807441,3
82488,2
433859,3
706040,2
361838,2
590941,3
770600,1
604740,3
832207,3
434635,2
797919,2
387076,2
585805,2
672639,1
928005,2
713581,2
882995,2
554088,2
611150,2
536975,2
1019632,3
47147,1
707728,3
550534,2
71089,2
43739,2
727998,2
470725,2
12526,1
199361,2
273616,2
416550,2
488026,3
657155,3
343221,2
492843,2
981587,2
718398,1
902261,2
620873,3
1022782,2
236904,2
857774,2
321110,3
28754,2
584741,2
241209,3
420399,3
546444,2
936918,3
293882,3
232134,2
921091,2
1007389,1
192413,2
40556,2
897538,2
361440,1
839445,2
345773,2
533524,2
448853,2
1038169,2
704881,3
630942,2
259907,3
510643,2
749373,2
678348,3
31846,1
847445,2
786004,3
640709,2
275921,3
407806,3
749918,2
361616,2
247363,2
939182,2
18406,2
996573,3
555440,2
929686,2
72599,2
677205,2
345743,3
784174,2
54229,2
724837,2
353267,2
739500,3
1037469,1
382229,2
281345,2
262759,2
998449,3
734211,2
552846,2
949207,1
542223,3
401889,2
870382,3
934818,2
376714,2
409001,2
381607,1
5289,2
648123,2
386686,3
660080,2
220191,2
162869,2
907580,3
943986,2
446698,3
844829,2
554092,2
915758,2
603038,2
258646,2
658249,2
664827,2
779126,2
947891,2
698128,1
307555,2
561226,2
707626,2
636565,2
483926,2
830424,3
964134,2
719757,3
428721,3
116468,3
224131,3
502424,2
504003,2
333916,3
53016,1
96585,3
334500,3
377480,3
620033,3
1036631,2
356520,2
480305,2
435154,2
632872,3
523576,2
720742,2
355304,2
1002800,3
1031023,1
972085,2
827463,3
105471,2
378028,3
381527,1
385435,2
206486,2
675072,2
405649,2
297306,2
557712,2
761188,2
457983,3
883412,2
391958,2
671848,2
729691,2
852919,2
949590,3
410928,2
507228,2
463256,2
1032698,2
43307,3
286309,2
142943,2
323738,3
465146,1
543256,2
1037592,2
491696,2
992336,3
745216,3
983692,3
889284,2
31600,2
301781,3
994944,1
311502,2
859906,2
292407,3
312916,2
1048616,2
328212,2
1021591,2
579993,3
586580,2
623312,2
432511,2
258450,2
442206,2
511964,3
623277,2
51955,3
540632,1
397106,3
342525,1
138459,2
9462,2
441357,2
959460,2
269696,1
581446,2
965542,2
820077,2
948989,3
895555,3
554176,3
472479,2
840324,2
981765,2
963597,2
22049,2
789785,2
907447,2
919298,2
803465,3
8327,2
9280,2
1047676,2
210802,1
782426,2
921342,2
328839,2
305812,2
807479,2
292780,3
848994,2
25916,2
212279,3
815630,2
285316,2
859967,2
23412,2
473095,2
879539,2
512596,3
273903,3
69027,2
444669,3
1039940,2
222749,2
651808,2
374342,2
556287,2
923094,2
953803,2
675779,2
177213,2
522813,2
180710,2
974225,3
197387,3
794571,2
850364,2
668543,3
230476,2
1049598,2
634663,2
1047522,1
315002,3
19133,2
213333,3
382005,2
410260,3
450704,3
873257,2
587666,2
272710,3
550447,2
953446,2
138803,2
360699,2
241822,2
27105,2
1016551,3
203946,2
74089,3
609666,2
381667,2
262602,2
220101,3
219930,2
350550,2
654943,2
790037,1
936046,2
53357,2
699126,2
613354,3
539293,2
802648,2
53293,2
940609,3
834689,2
187269,2
9561,2
740739,2
517631,2
413569,2
583112,2
300162,2
579400,2
150919,3
696120,2
582804,3
465411,2
6595,2
660718,3
688316,3
456351,2
144609,2
660147,3
176073,2
714170,3
520064,3
770722,1
493641,2
323855,2
217498,2
454412,2
447586,2
661255,2
683568,2
489038,1
105045,2
219165,3
617755,2
986217,2
207383,2
774888,2
244984,2
597574,2
122563,2
591718,3
721888,3
347359,3
199969,3
298285,3
555954,3
694791,2
712205,2
470459,2
794065,2
590105,2
726024,2
175150,3
783445,2
282500,3
885072,2
544423,3
939974,2
480014,3
518488,1
684500,2
674940,2
263055,2
835595,3
468501,3
46712,3
154945,2
120911,2
175283,2
445436,3
941423,3
454340,3
801708,2
769424,2
792604,2
43558,2
909352,2
924028,2
543568,2
242495,2
30755,2
457463,2
916682,3
707459,3
133788,2
280359,2
857576,2
824974,3
394007,3
210680,3
456100,2
689956,2
725668,3
975857,3
883104,3
516684,3
316564,2
929687,3
245452,2
468481,3
641593,3
149183,2
878425,1
189639,3
322607,3
138064,2
311981,3
693649,3
164929,2
889724,1
14959,2
1020509,2
911835,2
813092,2
962950,2
362528,3
457947,3
841491,2
352125,1
522496,2
818429,2
855323,2
776530,2
873794,2
223440,2
194858,2
829394,3
50799,2
187924,3
303825,2
882903,2
137466,2
816465,2
552243,2
750454,2
846095,2
410031,2
869177,3
888179,2
648891,1
323732,2
788549,2
239658,2
516404,2
528605,2
771543,2
910593,3
168434,2
713310,2
92841,2
33944,2
119481,2
923061,2
737410,2
5416,2
65421,2
992120,3
375380,2
651010,3
1009917,2
431340,3
24254,2
155436,3
954885,2
728693,3
202531,3
621442,2
561417,3
110698,2
629661,3
544645,2
786753,3
179455,3
986622,1
82458,2
580815,3
324171,2
307183,2
539571,3
375302,2
67603,3
418790,2
147810,2
685321,1
892439,3
311497,2
403271,2
794088,3
2505,3
478859,2
496970,2
150493,2
600728,2
396889,3
895699,2
331354,3
191174,3
346459,2
917814,2
341867,3
992337,2
698886,3
377696,2
378099,2
455686,2
32337,3
373268,2
571412,2
458957,1
354822,3
364342,2
195760,2
1017189,2
187028,2
542878,2
1020424,2
244306,1
301884,1
880276,2
579314,2
162946,3
1018320,2
618650,2
888618,2
901269,2
90160,2
950076,2
445161,2
996061,3
405954,2
140415,2
416963,2
227899,2
871820,3
960319,1
966890,3
743255,3
534988,3
241468,3
555276,2
538794,2
138962,3
231966,3
408156,2
851253,1
428494,3
1040116,2
289410,1
519384,3
163612,2
728135,2
50246,3
1034470,1
682754,3
698052,1
630578,3
989734,3
908449,2
1048671,1
606738,3
740991,3
384350,3
267634,2
100577,2
513149,2
303061,2
740826,2
228701,3
1012298,2
40989,2
673591,2
860389,1
593965,2
934671,2
858407,1
173886,2
370809,3
708852,2
675173,3
1052057,2
774016,1
114283,2
754196,2
797105,2
306460,2
52033,2
807468,3
752235,2
751993,1
529504,2
173537,3
506804,3
382243,2
358679,2
134948,3
429472,2
327225,2
216356,3
128976,2
283174,3
196285,2
3089,3
195919,3
211742,2
429446,2
209454,3
293211,3
249664,2
438792,2
234951,2
1048963,3
294157,1
614922,3
820416,3
523161,3
262140,2
258836,2
26398,2
961020,2
933234,3
277532,3
993954,2
514672,2
500697,2
779902,3
217232,2
271785,2
1000634,2
126434,3
629532,3
181623,2
341429,2
647374,3
157330,2
244125,3
378390,2
171127,2
126496,2
522859,1
669657,2
554475,1
549819,3
846868,2
448949,3
518145,2
1051105,2
530285,2
523086,1
154613,2
988499,3
255964,3
603548,2
1028578,2
738441,3
535381,2
371718,3
46664,3
740515,2
16362,2
872024,1
595009,3
595333,2
944257,3
1023212,2
1010654,2
637031,3
174123,2
235778,2
872508,2
521809,3
42401,3
160934,3
141010,1
1038649,2
984866,2
768411,3
543647,2
708170,3
983212,1
386767,2
251328,2
866449,2
570275,2
600978,2
597969,2
610220,3
220096,2
272769,2
553739,2
520110,1
118746,3
770366,3
1035150,2
535361,2
334716,2
532318,2
722847,3
617007,3
466767,3
218984,3
527357,2
401083,1
6353,2
518172,2
596501,3
719299,2
655481,2
774708,2
780590,2
518019,2
131279,2
423912,3
454914,2
333696,2
720236,3
199227,2
355094,3
801321,2
352487,3
883597,3
562120,2
522754,2
868965,2
409922,3
338660,2
158736,2
403173,3
159089,2
700886,2
483026,2
281546,2
30558,3
981398,2
466002,3
649068,2
804764,1
744190,2
597387,1
286371,2
202954,2
860927,2
164878,2
447363,2
526358,2
14700,3
801147,2
752672,2
822521,2
562014,2
1000268,2
487119,2
514713,3
105633,3
980838,2
441384,2
596618,2
409554,2
841433,3
135621,3
638465,2
424333,1
477770,2
69185,2
868271,3
889854,2
221140,2
137962,2
903578,2
640206,2
896831,1
249228,3
379272,2
941509,2
1020142,2
82790,2
879612,2
192062,2
103065,2
542699,2
1026451,2
644746,2
756059,2
439248,3
476124,2
1030688,2
558155,3
107586,3
704172,2
624871,3
18571,2
591891,2
482834,2
610826,2
371170,2
928527,3
761462,3
532264,3
1006606,2
631005,2
897572,2
604928,2
894024,2
898723,3
808742,2
456885,2
416799,2
141058,2
197547,2
464576,2
618893,2
857161,2
240058,2
26167,3
827761,1
496803,3
125589,2
570457,2
862411,2
781636,2
477123,2
330355,2
691103,2
567737,2
924551,2
230885,3
931148,3
129310,2
1031796,2
982625,3
642086,2
107436,1
628412,2
854069,2
362874,2
751411,2
816853,2
1047972,2
987421,3
774490,2
1019348,2
936789,3
457598,3
559086,2
17446,2
524846,2
714695,3
771537,2
401207,2
842755,1
480484,2
58802,2
387921,2
61133,2
683948,2
979722,3
242692,3
594110,2
502592,2
416719,2
815110,2
371297,2
188033,2
947605,2
1049960,3
633836,2
100108,2
827945,2
410782,2
455902,2
907096,2
573925,3
87600,3
241473,2
1009004,2
354779,2
58446,2
482735,3
998124,3
1003039,2
624186,3
431866,3
771854,2
482022,3
630129,2
264914,2
628507,2
645177,2
419152,3
561630,2
709868,2
670586,2
823519,2
226069,2
846210,3
397278,2
511024,3
118091,1
443132,2
624846,2
51022,3
408586,3
392863,1
939626,2
871241,2
687346,2
131834,3
463404,2
124480,3
434572,3
546819,2
64996,2
79632,2
78942,2
67588,2
434569,3
257650,3
261469,3
714380,3
430909,2
1043780,2
700804,2
1002475,2
656333,2
456193,3
102314,2
556162,2
504469,3
346737,2
336581,2
578779,3
541264,2
389453,3
935986,2
1033516,3
960493,2
1000803,3
1046737,1
669541,2
802247,3
761505,2
529565,2
857786,3
843858,3
423658,2
277549,2
966150,3
582374,3
357860,3
600399,3
1049567,1
155298,3
876863,2
723006,3
82841,2
461992,2
535408,3
353526,2
760842,2
1022308,2
420319,3
22062,3
139084,2
249025,2
325967,1
134385,2
128240,2
558992,3
129205,2
346020,3
334491,3
535225,2
500551,3
984682,2
1048316,2
4230,2
182025,3
119125,2
950282,2
254397,3
1518,3
354771,2
113507,2
684051,2
953210,2
880207,1
669926,2
520162,2
777313,2
60367,2
217841,1
697324,2
13586,2
763861,2
115779,2
696773,2
91372,2
468745,3
341341,2
586262,3
863315,2
155876,3
582483,2
556431,1
700506,2
816960,2
646586,2
208265,2
10111,3
577737,1
15308,2
301706,2
242923,1
414137,2
954339,2
835116,2
326639,3
216518,2
272029,2
114576,3
69490,3
119843,2
734598,2
842996,2
60876,3
245251,3
647418,3
62329,2
863034,3
412083,2
404339,3
375162,2
669005,2
239016,2
715813,2
698010,2
532984,2
434443,3
426466,3
539178,3
885026,3
599504,3
646600,2
477112,3
982885,2
412347,2
730050,2
1038337,1
969203,3
822209,2
737027,2
232895,2
808661,1
521242,2
1024660,2
674596,2
685548,2
760965,3
384028,2
615019,3
553339,2
208887,2
112612,3
894751,2
695321,3
102738,2
105204,1
355152,2
236377,2
717721,2
11681,2
367227,2
738562,2
434184,2
119271,2
679194,3
310854,2
208063,2
396452,2
961912,1
398423,1
382245,2
501260,2
555895,2
1052438,3
471388,3
146404,2
844591,2
669309,3
238571,1
1015887,1
634996,2
81371,2
36425,2
649312,3
618656,2
408371,2
375732,2
42954,3
333440,2
646849,2
912064,3
686615,2
697794,2
795161,2
127261,2
556912,2
288712,2
382982,3
670928,2
714409,1
148084,3
543007,2
780765,2
568907,3
398249,2
311065,2
45366,2
259050,2
347325,1
234404,3
226721,2
283897,2
123831,2
616359,2
337659,2
676290,2
79759,2
986016,2
774501,2
54736,2
1022429,2
391026,3
349732,2
702745,2
731493,2
988505,3
121193,3
1042054,2
109022,3
834993,2
57591,3
665548,2
846712,3
652223,2
105613,2
893241,3
804580,1
285889,2
114735,3
637775,2
475322,3
1966,2
988185,2
502105,2
351434,2
444166,3
590824,2
50906,2
441408,2
541192,3
439254,2
771927,3
775440,3
452933,2
26403,3
503620,3
72648,3
397864,3
442032,3
318336,2
875621,2
723203,2
678782,1
277914,2
701840,2
132531,2
430925,2
399598,2
349598,2
373201,3
718302,2
907214,2
592919,2
1029444,2
808353,2
775727,2
664947,2
57433,3
410173,1
103669,2
976835,2
448859,2
529739,2
752199,2
779548,2
781363,1
75965,2
450448,2
495422,3
323996,1
630987,3
584441,2
758640,3
140312,2
17809,2
720094,3
877836,3
995672,2
217299,2
915450,2
484837,2
754311,2
278261,2
130328,2
178522,2
743993,1
451187,2
530549,3
861851,3
662474,2
625525,2
465271,2
959327,2
613054,3
501012,3
549333,2
773558,3
496193,2
420427,2
717281,2
109430,2
393591,2
450786,1
443595,2
730158,3
1045009,1
589395,1
458695,2
13079,1
715014,2
678795,2
961978,3
661994,1
360822,2
619260,3
865343,1
60822,3
968445,2
624624,3
171050,2
7655,2
110309,2
595854,3
996401,2
592469,2
712392,2
26290,2
951684,2
697840,2
448196,2
508886,3
117971,2
807232,2
680995,3
292262,2
302952,2
440090,2
583512,2
821499,2
999766,2
141737,2
812403,2
936399,2
312612,3
841256,1
618601,2
122785,2
203374,2
167263,2
225518,2
792569,2
127707,2
1017627,2
745429,3
20527,3
935681,3
720186,2
557154,2
74572,2
626900,2
925265,3
63680,2
960237,2
291350,3
498370,2
265859,2
86522,3
779232,1
278141,2
191720,3
653597,2
161333,2
2555,3
604456,2
855371,2
398934,2
192378,2
823378,2
460551,2
572556,3
592431,2
614295,2
215309,2
591327,2
479508,3
182028,2
205731,2
55329,3
730075,2
266815,2
345344,2
34456,3
1000954,2
586903,1
958869,3
847378,3
337536,1
858737,3
752844,2
888995,2
836107,2
899113,2
613417,2
231214,2
90343,1
754631,2
600835,2
262352,3
875765,2
776566,2
1052654,2
746898,2
210427,2
749616,2
443197,2
422921,2
130374,2
426796,2
95130,2
25761,3
938955,3
412958,1
419129,2
208766,2
844816,3
78090,2
265426,2
769491,2
511281,3
820426,2
364191,3
574415,2
349921,2
2149,2
625379,2
723142,3
1041904,2
749651,3
550149,2
35919,3
136296,2
705207,2
493062,3
776965,3
1027795,2
442453,2
93386,1
350369,2
728324,3
272230,1
345553,3
386979,2
86893,2
23969,3
90772,2
296665,3
791769,2
915804,3
832682,2
507332,2
247527,3
205595,2
254367,2
470492,2
29959,2
562747,3
520584,2
644486,3
870352,2
173064,2
855125,2
702597,3
3016,2
325833,2
11620,2
84377,2
684631,3
168459,2
1036987,2
460565,2
794058,2
231176,2
470879,2
366251,2
372424,3
1008295,2
833048,2
413235,2
446791,3
127907,3
765255,2
396278,2
410878,1
946197,2
600123,3
92641,2
974684,2
118759,2
254090,2
30688,2
729709,2
727751,3
212224,2
389249,2
179037,2
614763,2
1012635,2
567084,2
394512,3
774553,2
904926,2
116311,2
728477,3
898131,2
717443,2
378499,2
407487,2
384063,1
882655,2
905481,1
180737,2
998675,2
717923,2
691166,2
185197,2
257440,3
405079,2
53979,3
605493,2
774475,3
452372,2
544173,2
179442,2
1036972,2
983870,2
79922,3
494893,2
643497,2
287206,3
524063,3
663766,2
476225,3
790351,3
524485,2
651940,2
598568,2
519071,2
120570,3
884728,1
866797,2
270572,3
467656,1
160445,3
104614,2
786220,2
419351,3
450316,3
517331,3
693515,3
701444,2
1043310,3
300077,2
170983,2
366482,2
774534,2
106883,3
233149,2
618673,1
29129,2
802285,1
713128,2
206947,2
967547,2
18033,2
663581,2
265274,2
530212,2
293834,3
34080,2
459162,2
925377,2
827342,2
243161,2
853932,2
125521,2
88343,2
534532,2
888909,2
749047,3
846517,2
799922,2
484661,2
261354,3
30420,2
498119,3
58907,3
139287,1
855999,2
766651,3
308332,2
1026405,2
441517,2
917973,3
415480,2
882915,2
345739,2
953372,2
742248,2
491289,2
733910,1
629748,2
900482,2
282290,2
1022394,2
766361,3
1036137,3
370203,2
662462,3
101746,2
628480,3
857330,2
147735,3
416822,2
878735,2
536043,2
743996,1
473093,2
176653,2
93541,2
709754,3
982711,2
738929,2
976568,2
88940,1
796101,2
194663,2
162107,3
572620,2
713734,2
779127,3
652714,3
905843,2
89918,2
278611,3
323846,2
507124,2
957562,2
310379,2
171654,2
443093,2
745380,2
815936,2
1040542,2
78332,2
361500,2
522955,1
129719,2
327023,2
357964,3
619053,2
337452,3
733577,3
502179,2
734747,2
1031862,2
348298,2
24906,3
342554,1
827897,2
142464,3
676030,2
575954,2
996809,3
886980,2
321471,2
905879,2
458895,3
657583,2
25176,2
715683,2
390585,3
88621,2
597182,3
490915,2
516608,3
599952,3
817698,3
973143,2
921557,2
380812,3
229466,3
345332,1
1031655,2
86691,2
458240,2
890300,2
622898,3
94495,2
810274,2
917117,2
381362,2
882026,2
246452,2
683943,2
294581,2
104285,2
114437,2
95060,2
371034,2
490802,2
222002,2
640954,1
770240,2
730930,2
67581,2
365190,2
833261,2
899307,3
779714,3
597205,2
248998,1
454676,3
748126,2
982508,2
319042,2
99633,2
715441,3
436473,3
179958,2
912310,2
560830,2
633466,1
342860,2
488646,2
477874,2
454796,3
367005,2
135565,3
854408,2
268542,2
956090,2
238694,2
963080,2
438133,2
230154,3
383563,2
222395,3
787870,2
65563,1
956343,2
132167,2
514421,2
534766,3
988989,2
752058,3
679532,2
480385,1
622398,2
601406,3
853137,2
82486,2
942263,2
326977,2
464297,3
684915,1
466066,2
430610,1
37123,2
281431,2
744122,1
927049,3
303396,2
292521,2
533863,3
460015,3
613749,2
804425,2
405294,3
851362,2
481900,2
41419,2
527496,2
130094,2
152244,2
806663,2
326303,2
811104,3
180580,3
393855,2
199521,2
831293,3
998283,2
128110,2
911123,3
836256,2
436349,2
75082,3
655185,2
200317,2
461937,2
126971,3
1002849,1
423118,2
252465,3
229133,2
211624,2
1034194,2
696509,2
256143,3
713886,3
889326,2
506454,2
96979,2
7601,3
70878,2
677268,2
1019404,2
253165,3
572282,2
397521,1
716635,2
760119,3
83876,1
403208,2
1002933,2
42823,2
340713,2
349736,2
235089,2
552354,3
530166,3
646935,2
545924,2
543331,3
966159,2
675077,3
118994,2
450999,3
625574,1
265832,1
858570,2
408472,2
371371,3
492088,2
901317,3
15010,2
973626,2
286555,3
922501,3
546132,3
258451,2
532691,2
863253,1
1038221,2
989672,3
965842,2
800599,2
85381,2
642254,2
900126,2
795613,2
441398,2
116083,2
525803,2
905456,2
780551,1
986001,2
616912,3
676571,2
326403,2
949832,3
631610,3
642033,2
116184,3
874723,2
827772,3
416998,3
426968,2
36706,2
701602,2
584579,2
954170,2
959075,2
11337,3
309411,2
799180,3
120603,2
850357,2
696313,2
495327,2
207825,2
485462,3
166529,2
781171,3
10184,2
800749,2
1022698,3
262607,3
1025733,3
110957,3
125102,2
1029607,3
230226,2
739717,2
789456,2
877904,3
698068,2
967302,2
549482,2
750357,2
363449,3
945274,2
525001,3
1020175,2
225605,2
807747,2
895922,2
276426,2
568655,3
289231,2
469728,2
970692,2
38097,2
344533,3
509760,3
564098,2
718027,2
1015865,2
670495,3
863939,3
688830,1
467712,2
194073,1
267786,2
454319,2
119949,3
342012,2
660380,2
900397,2
961599,3
693878,2
418,2
263173,2
603667,2
715692,2
836350,2
860648,2
602031,3
835525,2
529540,2
549472,2
157069,3
99632,2
827452,2
431633,1
659144,2
371182,2
829609,2
722085,2
13007,2
618898,2
622930,2
12236,2
994380,3
408386,2
1038036,3
86115,2
438838,3
212929,3
1050659,2
296623,2
307751,2
947684,3
226307,2
519333,3
472646,2
833978,2
790949,2
553131,2
885891,3
837933,2
935154,2
982804,2
907705,2
229314,2
322768,2
539133,3
350810,3
900093,2
312766,2
853724,2
692914,2
597712,2
854434,2
589493,2
897814,2
28162,2
270954,3
928888,3
259710,2
218125,2
487312,2
717158,2
135582,3
1008421,2
208794,2
509651,2
390425,2
679810,2
611068,3
872915,3
650641,3
82688,3
208530,2
966638,3
548064,2
14844,2
859379,3
432614,2
548109,2
976987,2
953488,2
177505,2
1048153,2
1008388,3
700582,2
838629,2
639234,2
362721,3
588050,2
624862,2
190494,1
336979,2
188957,3
950470,2
618443,3
130822,1
1052102,3
358602,2
521240,2
71782,2
510133,2
678022,2
439064,2
551782,2
215731,1
547678,3
754955,1
223451,3
68010,3
1000282,3
806850,2
246082,1
116303,2
363393,2
484480,2
143424,2
533392,3
801584,3
48909,3
537193,2
326594,3
957863,2
393582,2
253586,2
865735,2
912628,2
929089,3
918898,2
101901,3
928653,2
144097,2
316105,3
727035,3
915913,2
270286,2
125373,2
278615,2
958942,2
519610,3
131723,2
176518,2
752591,2
989233,3
540031,3
528659,2
605070,3
81410,2
844494,2
380150,3
121425,2
652602,3
413404,2
491627,2
835213,2
477936,2
432651,3
154400,2
424547,2
767173,1
60752,2
138555,2
615661,3
896343,2
146400,3
600038,3
999299,3
156239,3
1034457,2
917978,2
536658,2
255154,3
262380,2
326451,2
949199,2
107711,2
742497,2
302631,2
1041547,2
391864,2
895734,2
373957,3
991494,2
241727,2
990804,1
440719,2
412821,2
446854,2
741000,3
864186,3
899802,2
1016843,2
884333,2
1048724,3
244071,3
922331,2
877094,3
984490,2
954596,3
148627,2
1051028,1
110889,2
1034493,2
734178,2
812249,2
343652,3
815857,2
21125,1
831292,2
982910,2
67504,3
758813,2
241428,2
201311,2
840180,2
957563,2
509484,2
858899,1
1028957,2
558768,3
91808,2
375406,3
622892,2
71637,2
13737,3
561174,2
48296,2
928896,2
593429,2
127447,2
328883,2
307371,2
565799,3
922215,2
177326,3
927474,3
414646,3
758835,2
488998,2
331148,3
772632,2
28359,3
381572,2
939926,2
92315,2
200280,2
37290,2
52101,2
125689,2
528848,2
710827,2
774420,2
907452,3
188515,2
600102,3
245435,2
695906,2
583167,2
385427,2
852196,2
184764,2
429449,2
123440,3
743036,2
866608,2
757360,2
914266,3
115847,2
997434,2
492399,2
994684,1
677497,2
190070,1
271749,3
614081,2
332771,2
565996,3
497429,3
780539,2
508028,2
952364,2
624435,2
991746,2
242051,2
310567,3
872896,3
469227,3
472080,3
928990,2
345336,2
745159,3
711164,2
944246,2
1027638,2
822090,1
843205,2
827014,2
499184,2
411303,3
169934,2
496250,1
382248,3
800638,3
491487,2
534488,2
967853,2
610959,3
766760,2
818113,3
1040913,1
423492,2
865481,2
349570,2
221118,2
764706,3
884077,2
786261,2
1001967,3
323899,2
927645,2
707757,2
157537,3
144589,2
713426,3
743468,2
29463,3
202530,2
538933,3
354518,3
404128,2
82375,2
865308,2
704997,3
303606,2
304142,2
276572,2
323721,2
454811,2
395002,2
925810,2
522598,3
888479,2
41934,2
367079,2
276888,2
200318,2
1026266,2
692481,2
129378,3
48923,3
897345,3
758943,2
823662,2
148808,2
976400,2
817376,2
937382,2
1024926,3
503386,3
615033,2
143744,2
977936,3
985779,2
1050949,2
847724,2
574470,2
314403,2
157172,3
300289,2
538379,3
729109,2
281495,3
182156,3
169621,2
633741,2
655788,3
816569,2
307673,2
361509,1
1022828,3
268268,2
44198,1
37889,2
165799,3
925496,3
471249,2
248851,2
622818,2
80850,2
569554,2
142551,2
204443,3
452123,3
105382,2
552930,2
413163,3
272927,2
747274,3
64020,2
442700,2
319967,2
432658,3
337375,2
331958,2
503031,2
35773,2
222110,2
163778,3
711399,2
9696,2
904165,2
423434,1
68282,1
725174,2
771982,2
771948,3
201019,3
386788,2
253837,2
649379,2
144214,3
680774,2
887200,3
611683,2
422145,2
373099,2
668847,3
342542,2
594895,2
740950,2
572703,1
473222,2
782858,2
514338,2
824810,2
574420,2
179459,2
1011088,2
456825,3
1014964,2
614012,2
268852,2
241908,2
460114,2
1038476,2
613079,2
182898,2
410682,2
404429,3
916931,2
95756,2
571991,3
214156,2
343503,2
841723,2
797372,2
494883,3
852928,2
642250,2
64705,2
461883,3
274326,2
1224,2
444254,2
943999,3
1039720,3
1012802,3
533252,2
328178,2
628966,2
271055,3
520012,2
606394,3
843300,2
132864,2
578290,2
731745,2
908346,2
747549,1
595811,2
94160,2
1039231,3
175894,3
30556,1
635226,2
576184,2
972313,2
47702,2
102398,2
1031616,2
253605,2
783431,2
469804,2
535825,2
18611,2
716539,2
1023047,2
825897,1
139598,2
594653,2
567660,2
975120,2
960414,2
927054,2
132248,1
781489,2
1014889,2
1021829,3
30117,2
285844,2
911205,2
795439,3
980878,2
807960,1
14744,2
312060,2
784519,2
721990,2
939485,2
634801,2
308820,2
589347,3
853376,3
680536,1
1023362,2
14869,3
815344,2
284413,2
629684,2
404268,3
497007,2
659376,2
789518,2
707548,2
247175,2
635340,2
827508,1
349025,2
234546,2
890123,2
789259,2
135685,3
902204,2
779723,2
267639,3
525809,1
554190,2
36300,2
444438,2
641694,2
653448,2
221057,1
854679,3
894441,2
548688,2
592345,3
8721,3
129693,2
450689,2
829898,2
506485,2
391725,3
757125,3
173164,2
873737,2
974072,2
580047,2
273759,3
418226,2
564066,1
456294,2
877749,3
222289,2
811414,2
210706,3
364462,2
1002,3
755629,2
280830,3
495342,2
317414,2
928643,2
391067,2
434446,3
959572,2
221713,3
29524,1
952138,2
345251,3
498158,2
942793,2
490401,2
719739,3
996001,2
976702,2
572639,3
1050430,3
243111,2
457717,2
868034,3
169707,2
212177,1
11619,2
430557,2
554612,2
754114,1
760529,2
361953,2
1011413,2
530924,3
197789,1
329655,2
170121,2
628961,3
30049,2
963657,2
406155,3
551076,2
495465,3
648380,3
774133,1
455743,2
316442,2
161259,2
1030281,2
571769,2
539806,3
605625,2
189784,3
445263,2
647736,3
81865,2
3630,2
589314,2
649477,3
391149,2
545347,1
281132,3
528386,3
735104,2
654103,2
493312,1
1003738,3
817993,2
267522,1
85173,2
467283,1
486440,2
881209,2
454239,3
607385,2
215680,2
755752,3
870706,3
664122,2
419290,2
146779,2
27781,2
60112,2
973468,1
179532,1
335711,2
108181,2
1026142,2
359699,2
233555,2
17307,2
45045,3
989567,3
730516,2
71316,2
257936,3
1032304,2
991045,2
799350,2
214389,2
274784,2
692361,3
119641,2
409026,3
463768,3
1012148,2
149803,3
691273,2
444021,2
740276,2
320186,3
278039,2
497075,2
835607,3
313617,2
140526,2
740978,2
1039296,3
31858,2
685419,3
851579,2
196767,2
423194,2
1010331,2
649329,1
997333,2
887210,2
93839,2
7205,2
93184,2
643554,2
37327,2
375290,2
958224,3
913628,2
379459,2
852869,3
734024,2
423356,3
346465,2
427457,2
983789,2
905644,2
108946,3
694273,1
38893,2
775069,2
47724,2
406464,3
658581,2
725550,2
185932,3
344960,2
150617,2
750607,2
342839,3
128664,2
1050932,2
121411,2
174671,3
402880,2
990570,1
915879,2
380114,1
1004633,2
898193,3
458823,2
137728,1
1033587,2
604374,3
578045,3
915744,3
924714,2
624588,2
171459,3
386380,2
477871,3
776569,2
555757,2
605315,2
283773,3
492916,2
819593,2
662543,2
815696,3
565368,2
593266,2
371146,2
175520,2
751330,3
31712,1
308139,2
904639,3
732496,2
886718,3
139271,1
1010738,2
172597,2
43631,2
130303,3
419009,1
36946,2
912344,2
765429,2
491881,3
174029,3
646083,1
502728,2
900818,2
546758,2
1011116,2
673285,2
822369,2
155359,2
514664,2
643394,2
596838,2
376977,1
957382,3
467142,3
344272,3
129440,2
1043921,2
15768,3
834947,2
25872,2
705833,1
911696,2
300199,2
32294,2
515077,1
140975,2
938193,2
113886,2
741478,2
691961,2
879610,2
750225,2
245057,1
417583,2
427699,2
665860,2
610248,2
260917,2
984688,2
220250,3
983956,2
448431,2
23992,2
120818,3
968080,1
64077,2
55339,2
299843,2
467065,2
92725,3
853242,3
513478,2
799432,2
106946,2
977855,2
879967,3
643700,3
811132,3
479153,2
145931,3
769575,2
1051040,2
1050897,2
89835,3
38868,2
946300,2
902065,2
92754,2
295908,2
77310,2
223650,3
312020,3
332447,3
87859,2
837854,2
311043,2
241564,2
110484,3
642203,2
773141,3
749413,2
149746,3
436447,2
520740,2
220886,2
328013,3
228885,1
743549,3
773697,2
74117,3
832812,2
895007,2
576414,2
1033208,1
550663,3
726268,2
148650,3
968769,2
754094,2
768412,3
1009793,3
508683,2
997286,3
354969,3
603864,2
663733,3
172803,2
736244,2
357758,2
756353,2
948755,2
189463,2
872265,2
93499,2
108462,3
812869,1
306512,3
969794,1
592604,2
528517,2
1021721,3
570444,2
814634,2
811866,2
675028,2
314136,1
677314,2
85524,2
353183,2
881630,3
679193,3
629743,1
290827,2
906794,3
22261,2
698334,1
650978,3
251024,2
722936,2
799325,2
544355,2
455066,2
605069,2
391991,2
926177,2
278377,3
388300,1
280037,2
1029622,2
1029258,2
645207,2
534010,2
701809,2
1006387,2
408369,2
301510,2
623525,2
680529,2
591105,2
125606,2
936319,1
168522,2
586957,3
1005345,1
127409,2
955968,2
645459,2
563038,3
265939,3
793222,2
109,3
226232,3
483216,2
16911,2
386190,2
117210,2
519301,2
1012910,2
888554,2
185879,2
273168,3
130835,2
545494,3
1724,2
457720,2
601028,3
821322,3
434774,2
635063,2
536179,1
182206,2
805563,2
862055,3
704479,1
187873,3
184805,2
196613,3
91433,2
17602,2
617416,2
355921,2
623829,2
110950,2
668126,2
535170,2
5275,2
593275,3
636363,2
463295,2
90953,2
922652,2
404913,2
493878,2
579822,2
915807,2
1030429,2
263617,2
553578,2
371184,2
178710,3
783612,2
875341,3
903647,3
526061,3
989047,3
625880,2
642118,2
291793,2
667880,2
741674,2
1012236,2
67216,2
902460,2
198541,2
1023340,2
1003442,3
560305,2
319232,3
783466,2
520632,2
1026873,2
925952,1
100932,3
860130,3
546637,2
656606,2
478038,2
848843,2
290202,2
1011250,2
477683,2
1001639,3
437195,2
646645,3
501002,2
45104,1
580590,2
723577,2
825283,3
335180,3
513805,2
1019159,3
391403,2
227617,3
913223,2
333066,2
498459,3
1015590,2
896129,3
551035,2
435247,2
736248,2
1021272,3
398334,2
393270,2
32679,2
960941,2
652,2
572961,2
48668,2
104895,2
300413,2
230445,3
229964,2
515868,2
639315,2
906747,3
179202,3
540029,3
297728,2
703570,2
448601,2
862829,2
766011,2
683593,3
1011096,2
430307,2
826902,2
338788,2
910660,3
740812,2
133743,1
741089,2
626018,3
286627,2
65169,2
223008,3
387154,2
483932,2
813515,2
148286,2
280041,3
158746,2
877834,1
199455,2
386863,2
824007,2
478942,1
552291,1
6877,1
938924,3
1021968,2
231472,3
863400,3
7794,1
777535,3
169555,1
219557,2
392998,2
26235,2
936072,3
921115,3
360124,2
923411,3
358280,2
2536,2
904146,3
598409,2
355998,2
160849,2
347786,2
237315,3
129899,2
715823,2
290519,2
167179,3
652084,3
153807,2
1003844,1
770938,2
37151,2
247796,2
407633,2
1026765,1
201924,2
800822,3
64132,2
814323,2
224962,3
158468,3
641697,2
880406,3
924512,2
545722,2
877272,2
202544,3
1014094,1
315585,2
769022,2
555657,2
452726,1
1029429,2
324209,2
117713,2
50215,2
151526,2
730546,2
26351,2
1024335,2
989910,3
113390,2
611790,2
965781,1
49120,2
64009,2
637898,2
345965,3
706029,2
668031,2
484538,2
397145,2
880978,1
210131,2
391665,2
532097,2
293178,3
144270,3
903653,2
554961,3
722859,3
460641,2
894280,2
461313,2
928402,3
85232,2
1020076,2
838039,3
103499,3
455566,2
887003,1
24678,2
711985,2
937831,3
305075,3
171329,2
381300,3
26542,2
910588,2
204219,2
521905,2
497783,3
525674,3
977221,2
938189,1
83155,1
71894,3
654702,3
121839,3
1009303,3
768789,2
338517,2
1033046,2
842289,1
143682,3
695242,2
618338,2
276731,3
710682,1
295261,2
746651,2
978598,2
677805,2
512056,3
646862,3
280514,3
923368,2
135129,2
145332,2
299893,2
963101,1
1002722,2
373203,3
764577,2
661104,2
487376,2
3337,2
385998,2
590819,3
890333,2
666832,2
399945,2
185414,2
769318,2
790666,1
568121,3
836748,2
267523,3
134821,2
417334,2
176625,1
818468,3
275720,3
353688,2
914447,3
461159,2
11029,3
317576,2
213886,2
902783,2
105303,2
126514,2
888098,2
241649,2
346059,2
349995,3
425200,2
1046311,2
597951,2
134689,1
600943,2
426888,3
645236,2
1025605,2
399609,2
520926,2
268153,2
791450,3
821479,3
236243,2
307335,2
518519,2
657047,1
111487,2
689528,3
745835,2
137511,3
270953,2
855300,2
1008691,3
471758,1
788476,2
638366,3
81528,2
997421,2
602795,2
438662,2
37776,3
1051650,2
1022451,3
185328,2
150632,1
121552,2
1022608,2
871368,2
243455,1
726235,1
10056,2
613783,2
589328,3
729905,2
739758,2
402105,3
548963,3
99602,2
769932,1
459307,2
883645,2
478665,2
505656,3
572380,3
159379,2
1009492,2
715093,2
774232,2
757708,2
929791,2
610609,2
255283,3
596782,2
793011,3
39963,2
7417,2
1034883,2
414168,2
988883,2
86784,3
18831,2
572433,2
410667,3
998258,2
222862,3
502368,1
624868,3
473537,2
823851,2
640367,2
39243,2
136711,3
232733,3
104817,2
688286,2
630606,2
506226,3
724313,2
538855,2
562906,2
495733,2
707714,3
616328,2
961359,2
723116,2
850132,2
317671,2
219976,3
769878,2
494419,2
640328,2
485288,2
832931,3
466636,1
880678,3
753969,2
53522,2
787868,2
279787,2
162759,2
237606,2
56228,2
229247,3
500692,2
591384,1
209692,2
206965,1
64395,2
360617,2
395017,2
91140,3
170492,2
45921,3
293784,2
626379,2
416320,2
867857,2
9704,2
747342,2
33294,2
926644,3
263811,1
690772,2
344346,3
96961,2
280679,2
664580,3
180600,2
234169,2
655397,2
248723,2
19381,2
910428,3
872951,3
671128,3
321287,2
979132,3
442600,2
810195,2
899870,2
67162,2
982525,2
971952,2
154547,3
677572,2
608999,2
494914,3
454718,2
839696,3
995628,2
230053,1
898046,3
925401,2
683329,3
942457,3
630553,2
357504,2
670189,3
1049762,2
620618,2
394949,2
215229,3
867611,2
169849,3
101697,1
359913,2
183787,2
128923,2
578799,3
543196,1
781429,2
669046,2
87661,2
807500,1
149363,3
868472,3
575277,2
538562,2
1040837,2
842926,2
556060,2
925218,2
990523,2
329795,2
86887,2
381334,3
691818,3
510288,1
65089,3
1024499,3
732432,2
6475,2
564380,2
1028845,1
820732,2
540166,1
634659,2
660838,2
984807,3
882436,2
816150,3
118690,2
240468,3
965433,2
761224,2
918249,2
869251,1
163269,3
85795,2
267733,2
767144,1
249512,2
680775,2
1002359,3
249559,2
656604,2
732280,2
527586,3
433296,3
661668,3
944063,3
649783,2
772568,3
1045552,3
85945,2
639937,3
640234,2
353926,2
832055,3
496414,2
207921,2
221623,3
298719,2
195201,2
728781,3
450612,3
75205,2
703976,3
22820,2
447053,2
447203,3
285807,3
230676,1
7790,2
645001,3
51652,3
741235,2
5394,2
688674,2
1020903,2
510065,3
378293,1
969654,3
785456,2
510881,1
454856,2
948659,2
827140,2
521152,2
221423,2
659297,2
114713,2
779000,2
1026849,2
189218,2
760113,2
120362,2
15272,2
434456,3
78053,3
522878,2
896584,2
850893,3
74653,2
238755,2
607407,2
243346,2
166343,3
509626,2
989573,3
386613,2
707676,3
126557,3
961074,2
682810,2
673648,2
694024,2
653602,2
265887,3
233404,2
665923,2
456566,2
744049,2
632180,3
75822,2
835583,2
2863,2
822423,2
597510,2
553294,2
1009144,3
716750,2
1017840,2
187593,1
366636,3
821800,2
497207,2
155151,2
7097,2
354,1
611312,3
654949,2
132357,2
639520,3
518381,2
329182,3
818216,2
717048,2
811476,3
535507,3
445991,3
527156,2
1014575,3
127167,3
941539,3
607982,2
24267,2
553071,3
679614,2
655887,2
450593,3
706759,1
384748,2
767110,2
779178,3
977316,2
117392,2
114829,2
422031,3
195238,3
702035,1
1010086,2
78811,2
298665,3
299742,3
1020445,1
25121,2
299917,2
729625,3
849739,3
528719,2
263862,2
756797,3
109690,3
353495,3
186593,3
502913,1
855189,3
457276,2
810919,2
121975,2
305295,2
546939,1
994681,3
26561,2
326416,2
1050026,1
108006,3
581657,2
743644,2
324817,2
473664,2
695991,2
824214,2
32813,1
255900,2
428588,3
562216,2
153553,2
672833,2
999601,3
850359,2
778598,2
360153,2
167273,2
962793,2
425592,2
113054,2
578532,2
831823,3
22384,2
129341,3
336760,2
50322,3
223327,2
792871,1
535321,2
477476,2
273746,1
968174,2
512379,2
816660,2
900730,2
399870,3
943588,2
733667,3
1032924,2
126156,2
680460,2
471213,1
223896,2
761115,2
159932,2
901637,2
52077,2
527786,3
968563,3
4898,2
1027922,2
211090,2
433901,2
83076,2
25558,2
470553,2
991077,1
883015,2
415495,2
765277,3
590697,2
456142,2
1008568,1
797746,2
415586,2
289242,3
399814,2
448718,3
781947,2
74642,1
791689,2
29884,2
673681,2
549088,2
936066,2
279368,2
5882,2
918504,1
713031,2
949249,3
671456,2
425905,2
713063,3
367134,2
812891,2
743957,3
447598,2
786541,2
333706,2
269551,2
412297,1
970519,2
515955,3
643481,2
171934,2
1004956,1
484432,2
278846,1
229652,2
479201,3
182289,3
794089,3
230589,2
347982,2
158240,3
66908,3
216893,2
236660,2
707539,2
203153,2
435045,3
882985,2
473754,2
65009,3
660297,2
360956,2
804847,3
1007022,3
755156,2
333647,2
483685,2
660974,3
790022,3
429334,2
737425,2
500860,3
906774,3
238197,3
576473,1
601015,2
235901,1
392388,3
125754,2
1037466,3
241075,3
548848,1
201622,3
736647,3
565459,2
221104,2
204665,3
88945,2
990297,2
154970,2
261090,1
208319,2
182209,3
2488,2
339266,2
217580,3
553694,3
4775,3
1034338,2
195051,3
741309,1
603155,3
495659,2
783030,2
602486,1
331811,2
552904,3
415305,3
843086,2
380979,1
682969,2
954538,3
1047636,2
737245,2
193208,2
667660,3
715112,2
920116,2
667421,2
998571,3
198538,3
769979,2
882846,2
62268,2
913078,2
384671,2
43521,2
278061,2
734432,2
121653,2
45063,2
368199,1
827721,2
832608,3
704580,3
108209,2
837504,3
1052069,3
22335,2
89780,1
244290,3
753627,2
54588,2
195350,2
368064,2
520588,2
288801,1
938985,3
883825,2
633581,2
955195,3
644818,2
859954,3
618657,2
653068,3
241859,2
470151,2
977727,2
36765,3
1032063,2
471472,3
172129,2
1018681,2
224283,3
991295,2
978311,3
101453,2
49399,2
597828,2
291748,2
846782,1
331373,2
65796,3
7725,2
341807,2
200070,2
265909,2
406643,2
329470,2
664379,2
233165,2
983433,2
800503,3
427097,3
545507,1
591392,2
756470,2
310270,2
1001116,3
357122,3
592856,3
651859,2
450825,2
486001,3
935617,3
355134,2
842575,2
940483,2
289196,2
1009569,2
307802,2
150734,3
566852,2
874313,2
245172,2
418109,3
734693,2
282470,3
268901,2
875964,2
908686,3
654822,2
169802,3
476092,3
631321,2
167835,2
262904,2
230034,2
53050,2
75899,2
760821,3
776373,2
467262,2
671489,2
519139,2
49517,2
388691,2
268607,2
545898,3
109934,1
780276,3
768810,2
762395,2
977804,2
384961,2
1007812,2
177920,3
194582,3
209117,2
345471,2
774560,2
924204,2
585772,2
623708,3
436523,2
214079,2
92030,2
757191,2
353094,2
455102,3
1025767,2
829041,3
884493,2
400077,2
687988,3
221745,2
49668,3
441463,2
104884,2
272656,2
931479,2
303420,3
810565,2
812078,3
511410,2
862899,3
957737,2
553448,2
616517,2
953231,2
354119,2
453967,2
668451,3
653295,2
509070,2
455910,2
834464,3
698798,2
522506,3
502471,2
989814,3
263034,3
647583,2
202640,3
976006,2
299275,2
673154,2
181524,2
710299,2
681310,2
186154,1
321447,3
369463,2
279048,3
925248,3
29290,3
288479,1
309158,2
685241,1
389631,2
201502,2
49912,2
146874,3
189599,3
269527,3
589790,3
933307,2
361143,2
875922,2
248373,1
809785,2
1440,2
89830,2
188120,2
150421,2
419980,2
53052,2
837019,3
233923,2
507870,2
1042689,3
441402,1
173536,2
592021,3
782585,2
993005,2
934075,3
740451,2
686300,2
874517,3
1040313,2
648863,2
432087,3
681032,2
554621,2
45903,2
410738,2
260147,2
774758,2
267903,2
869766,2
865918,2
650188,3
346569,3
1045517,2
252319,2
467664,2
910550,2
778019,2
270024,3
7706,2
480520,2
302684,2
1047906,3
196546,2
286028,2
208847,2
762485,2
688937,2
204761,2
171891,2
751153,1
859353,3
81955,2
966075,3
546533,2
482287,2
155889,3
669742,1
1039612,2
964384,2
838643,2
70023,3
693455,2
846386,2
431985,3
1041828,2
883472,1
500337,2
668898,2
578558,2
943463,3
305845,3
861727,2
915708,3
494827,2
171509,2
620724,3
966499,2
538120,2
434291,2
393363,2
340492,2
167077,3
955432,2
273111,2
879798,2
360368,2
943217,2
850840,2
630874,3
801995,2
267424,2
370027,2
591016,1
52870,3
232462,3
625553,2
738510,2
244520,2
284923,2
376017,3
866636,2
793161,2
956563,2
583820,3
758506,2
464306,3
363599,2
706231,2
373603,3
405170,2
523807,2
320140,2
1027117,3
333819,2
301738,2
920674,2
197165,3
434016,2
537294,3
626534,3
636779,2
295839,2
65524,2
389077,2
850723,2
660184,2
213909,3
444588,1
873459,2
427990,3
229187,2
938156,3
742773,2
576631,2
492753,2
731122,2
390484,2
204674,2
13896,2
879907,1
788233,2
624158,2
45137,2
916351,3
887274,2
324259,2
357101,2
514688,2
395352,2
684105,2
465140,3
767854,3
454285,1
804226,2
654208,2
183066,2
316482,3
148607,2
539999,2
123924,3
55013,2
154797,1
837589,3
363644,3
539027,2
247221,2
874689,2
1000633,2
795860,2
136424,2
461368,2
457688,2
439334,3
243348,2
623706,1
462215,2
1034091,2
848738,3
571853,2
700175,2
154040,3
204060,2
741524,2
798083,2
162061,3
482073,1
987472,2
102688,2
936597,2
442639,2
548955,2
163303,2
749341,2
825455,2
802511,2
57335,2
639344,3
114544,2
72827,3
595799,2
277507,2
67415,2
310481,2
943815,2
24300,2
410104,2
667842,2
360150,2
919779,2
626004,2
127325,2
854941,2
814718,3
280951,2
166770,2
939936,3
878018,3
114342,2
546862,2
395772,2
408938,2
327169,1
667892,2
254973,2
509705,3
40923,2
581505,2
138620,2
22288,3
668768,1
479540,2
652797,3
786790,2
8502,2
202519,2
476550,2
660931,2
171727,2
69709,3
978072,2
765831,2
322766,3
925155,2
286966,2
747749,2
387123,2
89975,2
306600,3
918624,2
671587,2
763825,2
846180,2
623074,2
946976,2
736979,2
725519,3
596177,3
691848,1
619714,3
732382,2
155832,3
834698,3
82062,1
689118,3
74526,1
880669,2
282011,3
188866,2
908531,2
555067,3
217083,2
219835,3
880679,3
1005775,2
452526,2
766927,1
950878,3
347001,2
470478,1
951024,2
15146,2
138412,2
22359,2
130350,2
210593,3
94888,3
401676,2
709749,2
308189,3
706593,3
216974,2
435621,3
534016,3
395309,3
298066,2
952288,1
1029651,3
1017273,2
392131,2
782182,2
424063,2
836881,3
917769,2
291327,2
892972,2
118331,2
727108,2
928830,2
884943,2
296830,2
228977,2
821672,3
146770,2
128581,3
52299,2
280989,3
249974,1
729260,2
749406,2
70629,3
794715,2
116765,3
186461,3
550999,1
75682,2
1032033,2
407789,3
959173,1
39440,1
112728,3
274739,2
840990,3
374679,2
478966,3
185874,2
823118,2
976809,3
225174,3
735449,2
219887,2
574787,3
784958,3
315734,2
988373,2
805207,2
54568,3
532577,2
988394,2
79604,2
689304,2
353219,2
881129,2
482049,3
628093,2
17562,3
285407,3
218711,3
960977,3
62854,2
540294,3
693113,3
237678,2
572196,2
601439,2
839116,2
487800,2
933978,2
434838,2
915536,3
585944,2
935265,2
261174,2
990213,3
856892,2
297237,3
780648,1
3240,2
35994,2
977886,3
780076,2
785393,2
332854,3
937149,2
249598,2
29589,3
1001786,2
549995,2
254744,3
121638,2
675134,2
670862,2
192269,3
707898,3
844921,3
988264,2
945552,2
928849,2
834091,2
716236,2
73811,1
864845,2
376957,2
170074,3
281243,3
965356,2
523139,2
750569,3
973766,2
268358,3
374971,1
196876,3
840005,2
306635,2
538685,2
231223,2
704758,2
287500,2
44222,2
292389,2
865126,3
126368,2
810733,2
471953,1
730049,2
819238,2
898756,3
457085,2
852176,3
831519,1
985220,2
58078,3
102908,2
780127,2
512576,2
46119,2
968992,3
42229,2
267551,2
801264,2
196878,2
112774,3
969860,2
69954,2
966363,2
836316,2
901069,2
287600,2
1011373,2
100841,2
727076,2
236922,2
70719,2
919455,2
636971,3
44970,2
771578,2
599060,2
582807,2
659948,2
170562,2
939018,1
507188,2
757150,2
380480,2
211225,2
802349,3
206158,2
821624,2
634966,1
126147,3
891999,2
456667,3
807901,2
430732,3
487140,1
779200,2
823304,2
415443,2
393098,2
1008237,2
490669,2
702655,3
921845,2
638819,3
294276,2
42559,2
782020,2
941907,2
876470,2
479275,2
141055,2
1043278,2
760771,2
86719,2
559615,2
372356,2
81984,2
457164,2
125103,3
557829,2
661307,2
165738,2
839319,3
743799,2
611074,1
492195,2
639697,1
94350,2
670577,3
776063,2
474373,2
399931,2
816729,2
206028,2
609715,2
359392,2
399496,3
14550,2
647192,2
127889,2
391381,3
634740,3
735985,2
940409,3
382311,2
837040,2
863022,2
321103,2
536682,3
575237,2
187555,2
788576,2
632250,3
175724,2
166793,3
780620,3
777143,2
264237,1
542069,2
228347,3
221499,2
191975,2
286756,3
939260,3
683800,2
493917,2
84715,3
838021,2
741748,2
315923,3
203575,2
901817,2
440294,2
725741,2
114183,2
1026808,2
339719,2
226025,3
153673,2
743826,2
745314,3
64661,1
377837,2
220929,2
957378,2
265284,3
681104,2
555422,2
947095,2
332366,3
886958,2
385475,2
261973,1
232556,2
312604,2
341628,1
770992,2
540954,2
244102,2
774948,3
484807,2
572157,2
118346,2
192557,1
819489,2
428886,2
261449,3
697239,2
435127,2
496789,3
374467,3
272329,3
480645,2
68309,2
931372,2
1012737,3
113718,2
182871,2
842446,2
119431,2
71440,1
333840,2
488025,2
2022,1
752760,2
39205,2
108302,2
910004,3
388981,2
517005,3
475638,2
390334,3
1034395,2
801581,3
248768,2
16137,1
797559,1
494704,3
858326,2
1027703,2
909644,2
522653,1
752564,3
212520,2
822719,2
638701,2
825462,3
1035174,2
620325,2
891106,3
679470,3
23350,2
962754,2
133169,2
454151,2
430640,2
135120,2
496666,2
717674,2
516418,3
552149,3
369673,2
972885,2
894302,2
997376,2
284572,2
650712,3
843391,2
883806,2
458277,2
1022343,2
297005,3
319241,3
673669,2
456996,2
288846,2
654667,2
295921,2
523846,3
111756,3
662141,3
604281,2
325554,3
230942,2
241799,3
39353,2
831035,2
108827,3
848399,2
685692,2
268192,2
771181,3
329521,3
373753,2
512686,2
562898,2
934126,2
322653,3
182637,2
137440,2
880162,3
717817,2
358811,2
613421,2
141463,2
994871,2
574417,2
993195,1
938885,2
832712,3
760223,3
453382,2
646508,2
655724,2
452793,2
320277,2
1022716,3
477310,2
450942,1
259939,2
508779,2
647112,2
735672,2
340916,2
103126,2
1014874,2
961545,2
269321,3
651255,3
146868,2
379480,2
1012609,3
275746,2
416106,3
730575,2
964633,3
97687,2
782903,2
943823,2
101261,2
312892,2
200686,1
222620,2
108826,3
135721,3
961026,2
398603,2
338455,2
658248,3
812398,3
259525,2
418401,3
255647,2
371174,2
431830,2
298716,1
420480,3
367440,2
590259,3
461711,2
218977,3
811934,2
1044029,2
780707,2
759631,2
325470,2
881285,2
961623,2
313454,2
711725,2
304112,3
127144,2
95527,2
326399,2
1013243,2
756648,2
363801,2
718264,2
351729,2
608237,2
1033525,2
312382,2
282034,2
849786,3
243607,2
237063,2
483984,2
1025703,2
174362,1
722752,3
600408,2
785177,2
512230,3
140200,1
481720,2
712415,2
558560,2
487539,3
857467,2
156367,3
1041692,2
1023076,2
458448,2
630914,3
820324,2
505471,2
362794,2
832428,2
815976,2
1014200,2
203424,2
64885,1
706095,2
952335,2
942154,1
561321,2
150374,2
822681,3
275497,3
148221,3
788145,3
656029,2
945509,3
536949,3
756793,2
688254,2
367173,3
121819,3
339686,2
887402,2
133973,2
315338,2
914906,2
333984,3
897649,2
559252,2
576265,3
108983,2
903369,1
790403,2
478133,2
353188,3
787689,3
810475,2
979519,2
1000610,2
327414,2
108393,3
479279,2
124083,1
492297,3
823918,3
616061,2
935932,3
748558,3
97513,2
417713,2
1013036,2
54397,3
60014,3
258713,3
516566,2
677569,2
810915,3
725185,2
2494,2
858140,2
824025,2
750251,2
430648,2
945876,2
941600,2
419982,2
40684,3
763181,2
801619,2
636158,2
563648,2
439232,2
900540,3
407456,2
933910,2
682373,2
940174,2
1042854,2
26654,2
739953,3
939751,2
924463,2
339622,3
66622,3
773609,2
536903,3
18434,2
708633,3
947434,3
164794,3
356102,2
146362,2
500752,1
966531,3
128887,2
300848,2
20217,2
533643,2
918199,2
396367,1
816805,1
135200,3
941771,3
711556,3
623714,2
647616,2
490892,2
324789,2
107249,3
630464,2
679472,2
344576,2
137038,2
483725,2
806437,2
251876,3
827916,2
421528,3
891748,3
170664,2
649825,1
596323,3
909301,2
576963,2
978484,3
511397,2
694992,3
34628,1
147508,2
766884,2
210038,2
469216,3
607577,2
318263,3
886379,2
1034809,2
474877,2
284378,2
750997,2
975645,1
204217,2
355997,2
247074,3
134293,3
351145,3
829116,3
31098,2
948498,2
925749,2
435589,3
670460,3
592224,3
636300,2
538589,2
288316,3
777958,2
269542,3
659824,2
474602,1
860424,2
380843,3
547408,2
375595,1
1029229,3
750642,3
235384,3
216624,2
994514,2
1016782,3
522384,2
548535,3
917641,2
729893,2
403460,3
1013885,2
677114,3
1013761,3
493420,2
943843,1
918844,2
541381,2
420205,1
391903,3
243405,3
853764,2
536068,2
116680,3
140822,3
975920,2
797892,2
918163,2
821877,3
355689,3
55017,3
79442,2
22433,2
145377,3
713751,3
471818,2
569483,2
846085,2
823434,3
460728,2
625769,2
707912,3
366567,3
460287,2
659474,2
620994,2
299011,2
701342,2
721079,3
40222,3
1003725,2
1052891,2
557313,2
797566,2
137937,3
448947,2
57567,2
698913,2
452146,2
666630,2
690549,2
74431,2
198582,2
436736,3
770181,2
52882,2
693039,2
581140,2
972472,3
828561,2
294320,2
506803,2
904066,2
961250,2
96184,3
962870,2
879378,1
920355,3
679594,3
527481,2
464472,3
188763,2
62863,2
146580,2
426833,2
961596,3
698,2
29976,2
669137,2
130173,2
200832,2
539903,2
156801,2
615843,3
1013818,2
956848,2
719776,2
223757,2
342703,2
493148,2
113920,3
822701,2
265346,3
338074,3
329777,3
754763,2
360279,3
623891,2
620409,1
972808,2
210648,2
690321,2
529946,3
36563,2
323983,2
330251,1
75237,2
457437,2
70782,2
642670,2
447475,2
463138,2
520653,2
903536,2
533365,3
493837,2
601366,3
704601,2
465632,3
482383,3
77142,3
737399,3
701926,3
383459,2
942918,3
341142,2
916829,2
45234,3
863120,3
619069,3
513620,2
144976,2
1001184,2
815776,3
183013,2
963526,2
796217,2
427827,2
585929,3
362859,2
197196,2
211827,2
713604,2
355151,1
551155,2
974643,1
556376,2
193086,2
717980,1
1007372,2
315231,2
1035544,2
1001812,2
521395,2
493566,2
659028,2
837292,1
669790,3
869698,2
628787,3
196962,2
873996,2
1015311,2
196676,2
879399,2
799214,2
170886,2
120004,2
323264,2
775175,2
246434,1
726187,2
111595,2
848649,2
487412,2
724580,2
352323,3
931393,2
150566,2
159900,2
404627,2
619956,2
518308,2
816065,3
590632,2
528110,2
371969,3
241466,3
265533,3
544750,2
678959,2
46310,2
259087,2
867045,2
373409,2
366338,2
464511,2
597675,2
745608,2
994778,2
655569,3
79333,2
780971,2
1030333,1
602643,2
153501,3
849596,2
328576,3
12508,3
54266,2
1031851,2
183071,1
469946,2
809547,2
616762,1
240565,3
954562,3
327878,3
184259,2
298552,2
1018601,2
867396,3
615771,3
128288,2
97594,3
999292,2
829754,2
852839,2
174951,2
284660,2
251614,2
517740,2
280323,2
462797,3
600948,3
981846,2
860653,2
982573,2
785452,2
432429,2
796367,2
377911,2
137263,2
604927,2
780505,2
431564,1
297731,3
465372,3
398284,2
46319,2
994853,1
890521,2
568928,2
413961,2
429107,2
196491,2
742098,3
897208,3
908305,2
284723,2
864387,2
1024739,3
165520,2
863979,2
912381,2
913462,2
859555,2
233760,3
187927,3
117341,3
459481,2
265557,3
262707,2
545127,2
86001,3
604561,2
1010001,3
956333,3
692779,2
14383,1
380067,3
730419,2
559240,2
241663,3
851564,2
394447,2
640420,3
679083,3
532514,2
491519,2
312301,2
19596,3
385674,2
680784,3
81267,3
134990,2
516190,3
733801,2
838030,3
857796,2
111290,2
826974,3
63575,2
144806,3
911580,3
125218,2
104481,3
492213,2
391412,2
608035,2
707008,3
57621,3
238647,2
145386,2
783154,3
690884,2
970087,2
944146,2
426168,2
57218,1
296806,2
672008,2
661521,2
707742,2
406648,2
579777,2
478657,1
343418,3
77529,3
530169,2
1005255,1
409521,3
138134,2
415207,2
994282,1
903301,2
813593,3
145853,3
978562,2
957702,2
857325,2
965619,3
979647,2
588633,1
580854,3
832141,2
772391,2
109826,2
4080,3
816656,2
752737,2
779214,3
615478,2
321937,2
976168,2
1044594,3
532033,3
12976,2
762240,2
106028,2
355574,1
711502,2
278977,2
502842,3
389949,2
863743,1
97176,3
478500,3
571661,3
837267,2
1001000,2
274586,2
469620,2
80604,2
532148,2
919912,2
12874,3
449215,2
1009026,2
999470,2
391453,2
692190,2
175147,2
946572,2
557232,2
53554,3
707490,2
587507,3
260625,1
921526,2
102558,3
604242,3
786866,2
1002518,2
422880,3
172692,2
562010,2
922134,2
1038254,1
887659,2
830693,3
375400,2
251971,2
229032,3
344144,2
842337,2
944064,3
81020,2
836341,3
631522,2
630924,3
369095,1
39732,3
762379,2
206079,2
635737,2
363498,2
556684,2
877797,3
815391,2
892899,2
865042,2
639780,2
846808,2
135331,3
163926,1
161022,2
156018,3
957924,3
690310,2
932238,1
117,2
837189,2
47312,3
704519,2
165081,2
135306,1
829488,2
177775,3
945444,3
717983,2
461872,2
987273,2
166825,2
250281,2
566062,2
409556,3
924335,2
957669,3
675064,3
717313,2
640905,2
554530,3
414499,2
62056,2
894311,2
747966,1
428319,2
492717,2
870842,2
171901,2
825906,2
874581,1
1046237,3
387827,3
814219,3
848184,3
550265,2
285223,2
740659,1
771094,2
898969,3
43385,2
615582,3
319737,2
754738,2
538517,2
445740,2
241524,3
529797,3
740318,3
495781,2
837656,2
429332,2
161621,1
863737,3
822046,2
200462,2
101201,2
451631,3
697380,2
646971,2
1027585,2
805419,2
28752,2
697480,2
105632,1
243600,2
363501,2
249916,2
184348,2
87296,2
827572,2
259760,2
100709,3
612755,3
379614,2
587555,2
652599,2
309904,3
551758,2
673481,3
681153,3
447352,2
1017239,2
789042,3
379701,2
68799,2
631091,2
979076,2
278325,2
789639,2
1038475,2
27699,3
524658,2
864000,2
747087,2
217282,2
460152,3
891138,2
481358,2
875810,3
87030,3
800299,3
120735,2
429860,2
750450,3
892550,2
359440,2
738040,2
233456,2
31022,2
10785,2
890610,2
800094,2
216494,2
458596,2
275073,1
247268,2
927321,1
814019,2
117636,3
229356,2
1026145,2
362605,1
358106,2
865142,1
844717,2
630185,2
716842,2
59689,2
1010706,1
971762,1
916362,2
40130,1
82744,2
1034751,2
457158,3
186763,2
737987,2
118370,2
236799,2
180678,2
363749,2
232870,2
867208,2
740730,2
298252,2
569323,2
250059,1
659575,3
961753,2
1046152,2
1025724,2
72789,2
192181,2
1039145,2
527284,2
395186,3
980557,2
947725,1
742090,3
72049,2
190537,2
323316,2
1017695,2
803994,3
146570,2
191331,2
988588,2
518345,2
842311,2
802389,3
939172,3
779688,3
593537,2
855841,3
612284,2
698646,3
882822,2
382469,2
899988,2
664449,2
83274,3
544945,2
80356,2
954549,2
943787,2
757676,2
871921,3
264447,2
119122,3
81486,2
306530,3
937161,2
316092,2
521771,3
265100,3
309016,1
331612,3
540246,2
515572,2
732578,3
435303,3
1044332,2
633099,3
583238,2
133901,3
1019554,2
312852,2
643454,2
82381,2
152108,2
64402,2
995792,2
234167,2
387631,2
170569,2
591651,2
529219,2
115452,3
364179,2
393738,3
183243,1
903757,3
269483,3
851948,2
826698,2
940843,2
433277,2
725955,3
485070,3
156471,3
6280,2
543330,2
528106,3
324311,3
982121,3
177051,2
683675,2
929535,2
953851,2
398691,2
963092,2
407443,2
714338,3
925020,2
806181,2
481026,3
1046027,2
428651,2
575928,3
566317,2
730619,2
887613,3
525868,3
672606,2
34623,2
617131,3
587854,2
742609,2
54147,3
224583,3
523019,2
1017505,2
883130,2
957961,3
497605,2
757415,2
924197,2
849632,2
393122,2
382287,2
740084,3
150133,2
858768,1
413652,2
843103,2
88165,2
262079,3
723777,2
415806,3
299431,2
41597,3
756771,2
1006156,2
256304,3
12467,3
1052478,2
968783,2
414467,2
23674,2
237356,2
995180,2
971161,2
707667,2
205295,2
433926,2
649451,2
516170,2
1049451,3
192289,2
548242,2
643679,2
835389,2
53909,2
162339,2
629827,2
599559,3
813630,2
393624,2
559752,2
193076,2
1001982,2
88745,2
801913,2
710767,2
709891,2
844288,2
108609,3
622837,2
309601,2
183051,3
282853,3
517868,2
855380,3
279885,3
98912,1
990264,2
207318,2
53610,2
605994,2
768261,2
822041,3
32073,1
556834,2
960401,2
256777,1
641909,2
681440,3
720270,2
90222,1
465955,1
19646,2
434323,2
14987,2
41221,3
849317,2
342361,1
516794,2
742408,2
17624,2
9127,2
189979,3
959527,2
23466,2
67289,3
163254,2
139427,2
757565,2
252975,2
1029141,3
997502,3
367501,3
594018,2
995889,2
282109,2
918103,2
423220,2
753428,3
537300,3
213897,2
385378,2
595793,3
426973,2
346714,2
295248,2
680187,3
681419,2
389832,2
620806,3
1046611,2
97670,2
437209,3
750054,2
496404,2
36661,3
393219,2
4802,2
104655,3
155406,3
416968,2
926143,2
472095,2
914593,2
477098,2
153031,2
170565,2
41540,3
401674,2
929251,2
809322,3
760031,3
927005,2
1008847,3
568626,3
978865,2
970647,2
19744,1
585766,2
154174,2
31522,2
798981,2
132551,2
190068,3
868550,2
279323,3
817917,3
58493,3
611680,3
313246,2
587142,3
755575,2
330015,3
642872,3
872379,2
137314,2
218380,1
873906,2
429044,2
431509,2
395520,2
348440,2
408601,2
618245,2
966719,2
519342,1
730316,2
419799,2
869778,3
266599,3
215766,2
924147,2
237175,2
367013,3
375570,3
584330,3
455959,3
347351,2
997266,3
744669,2
638462,2
664081,2
128689,2
246398,2
284470,3
704996,2
741807,3
328591,2
992943,2
823907,3
515569,2
879615,2
812563,3
191457,2
761499,2
879953,3
403226,2
175214,2
649747,2
72073,2
298640,2
480910,1
39962,2
801831,3
902657,1
808903,3
21973,2
694941,2
532540,2
61253,2
91682,3
106229,3
166114,1
636237,2
660238,2
749118,3
305867,2
185331,2
998161,2
338834,2
936587,2
314323,2
631894,2
888281,2
961317,2
933933,2
29595,2
884429,2
258593,3
598892,2
62556,2
158290,2
11534,2
883337,2
890699,3
212267,2
805122,2
353933,3
742559,3
424495,2
816253,1
837733,3
951204,2
501603,3
545670,2
946498,2
93649,2
682391,1
818345,2
974524,2
988591,2
166041,2
876476,2
836273,1
309894,3
226759,3
94675,2
81767,3
302442,2
966497,2
778118,3
552835,2
544016,2
798123,2
204645,3
522467,3
537674,2
883980,2
1027047,2
116739,1
126024,2
850557,3
257707,2
15261,3
775026,3
603796,2
95707,2
942361,2
821661,2
324430,2
851268,2
92000,3
13658,3
775670,2
651967,2
808707,3
154159,2
431801,3
665807,1
851728,2
748090,2
359615,2
237288,2
776987,2
984566,2
7996,3
339049,2
956049,3
127342,3
523124,2
406102,2
408999,2
764395,3
242968,2
13640,2
678069,2
116012,1
621413,1
46703,2
831045,2
298440,2
670763,3
150805,3
522554,2
799534,3
123325,2
229488,2
809344,2
324096,2
855184,2
197461,2
112008,2
599207,3
1012875,2
678458,3
858297,2
349251,2
711984,3
603229,2
307901,2
398699,2
611232,2
836060,3
835172,3
893247,1
1022525,2
214848,2
769453,2
212851,2
875008,2
984674,2
19825,2
129751,2
250573,3
950979,3
112763,2
155439,2
1050776,3
586019,2
735458,2
1007605,3
858832,2
291955,3
412740,3
877698,2
731658,2
510834,3
959216,2
140868,2
647075,2
836624,3
697479,2
793584,2
434452,2
333152,2
123254,1
749596,2
654152,2
986953,2
913687,2
447658,2
41302,2
341263,2
435160,3
763053,2
803252,1
92971,2
739720,2
149383,2
229608,2
538519,1
373620,3
494776,2
472485,3
492612,2
831244,2
832071,2
101235,3
282117,3
174994,2
569530,2
1000658,3
777080,3
1034246,2
405133,1
992960,2
627169,2
441703,2
196539,3
264070,2
176754,2
811874,2
575240,2
339172,2
378681,2
90709,2
665119,2
543855,2
770273,3
72758,2
367835,2
894368,2
252925,3
209357,2
482628,2
91949,2
624025,3
354966,3
238739,2
563746,3
259623,3
526968,2
188850,2
223985,3
1036554,2
154376,2
94513,3
494102,2
15903,1
799806,2
291097,2
703108,2
732084,2
1000758,2
938160,2
639743,3
853441,2
676150,2
79829,2
497685,2
1037918,3
1043184,2
186434,2
715487,2
722245,2
177109,2
153075,2
936323,3
573481,2
320068,2
119167,3
597609,3
44126,2
322103,2
814866,2
560254,3
765250,2
197864,2
455341,3
278421,3
336428,3
103122,2
850101,3
541234,2
515565,3
214916,1
250576,1
112768,3
328493,2
687632,3
970137,2
713773,2
572663,3
39843,2
784184,2
874811,3
32018,1
469129,2
684835,2
421538,2
130483,3
86461,2
707159,2
772222,2
1018779,2
473333,2
102969,2
107451,2
229582,2
681890,2
877523,2
721937,3
1016030,2
929203,3
646547,3
728656,3
781412,3
327082,2
73836,2
84050,2
1009448,2
32979,2
35041,2
154246,2
972790,3
17588,2
211512,2
754489,3
940531,2
681606,1
792272,3
401865,2
13532,3
625577,3
1025333,3
75227,3
499397,2
637436,2
579381,2
155082,3
9645,3
501976,3
133491,2
892796,2
1030291,2
27369,2
566485,2
571660,2
430351,3
721259,2
435823,2
55341,2
607893,2
155497,2
982520,1
285487,2
184751,1
881320,3
949751,2
839807,2
798068,2
659338,2
506247,2
604271,2
310098,2
246606,2
921146,1
756396,2
350159,2
482100,2
453748,2
775947,2
848268,3
313408,3
356761,2
254840,2
85360,2
144156,2
47689,1
48470,3
677004,2
286701,2
1029096,3
871077,3
929174,3
472501,2
27509,3
823574,2
971899,3
960722,3
73242,2
658792,2
633689,2
95939,3
402146,2
977322,2
627825,2
1017230,2
1020354,3
693061,1
118409,2
506767,2
475937,2
932385,2
317002,3
561410,3
692758,3
16354,2
862658,3
232835,3
918782,2
242626,3
246916,2
633690,3
206506,3
939186,2
464974,2
672960,2
292808,1
923024,3
73708,2
749987,2
553569,2
323952,2
996771,3
946965,3
140937,3
242870,2
4250,2
528018,2
192901,2
881937,2
338549,2
147275,2
85703,3
485689,2
1047387,3
1043382,2
88339,2
1020750,2
995073,2
88086,3
998069,3
360052,1
928944,2
453083,2
50133,2
417188,3
203814,2
580082,2
899481,1
161371,2
567077,2
398999,2
715122,2
619909,3
541191,3
238898,2
1019078,2
86356,2
107846,2
847776,1
380129,3
964079,2
486791,2
908127,2
502799,2
706711,2
670823,2
338642,3
106197,2
293371,2
354862,2
524147,2
540903,2
911951,3
1049902,2
532982,2
231919,2
501458,2
414388,2
748695,2
792082,3
1014885,2
861700,2
429976,2
587071,2
396748,2
675945,2
491983,2
677488,2
584485,3
628264,1
436582,2
284147,1
72800,3
125428,2
865938,1
931449,1
761885,2
333075,2
723267,2
761471,2
631246,2
315895,2
995653,3
441211,2
451155,2
814088,2
897148,2
47487,3
142700,3
922368,2
222689,2
185920,2
96974,1
152089,2
48494,2
504322,3
114484,2
255615,2
200624,2
294792,3
958598,3
1000022,2
217601,3
734511,2
227216,2
719684,2
357297,2
775310,2
61221,2
486883,1
978143,2
354063,3
961868,2
287847,3
803675,2
177088,3
344687,2
851926,2
430322,3
811550,2
516582,2
909162,3
940141,2
652910,3
430442,2
1012451,3
939146,2
179432,3
359573,2
741087,2
548584,2
874901,2
408689,2
819999,2
985028,3
395019,2
99805,3
601590,2
705194,2
348167,2
467059,2
438558,2
44968,2
363814,2
597779,2
653406,2
763025,3
677929,1
180640,2
393459,2
504810,2
865398,2
95780,2
236569,2
340568,2
820219,3
951755,3
827255,2
890842,2
480000,2
491959,2
515896,1
347154,2
426663,2
579157,2
146707,2
465996,2
873,2
819375,1
128548,3
2623,2
732897,2
539526,1
863443,2
953131,2
322162,2
246631,2
915493,3
710020,2
163486,1
567638,3
176873,3
66535,2
84586,2
380470,2
226876,1
900801,3
464627,2
954417,2
886113,3
966538,2
168836,3
786433,2
689914,3
539917,2
1034407,2
924373,3
401880,2
1013417,2
608007,3
510010,3
325512,2
260789,3
365442,2
728440,2
936408,2
565642,1
1007459,3
830097,2
694747,3
660278,2
922670,1
1035667,2
343923,2
363404,2
1051275,2
961028,2
363604,2
831484,2
742382,3
482731,3
201744,3
767952,3
893317,2
964002,2
526597,2
808831,3
788498,3
268689,2
386951,2
960879,2
252832,2
135791,2
243088,2
768251,2
208232,2
31739,3
701767,2
935460,2
932175,2
924884,2
703313,3
382150,2
761270,2
894525,2
148401,2
478900,2
141603,2
191568,1
733816,3
228857,2
179761,3
138258,2
285261,2
166145,2
215391,3
363367,2
87513,1
389675,3
391894,2
185480,2
21381,3
708768,2
490854,2
77774,3
643150,2
19775,2
353546,3
853196,3
304314,2
1047267,2
406612,3
74332,2
76738,2
766528,2
915506,3
660808,3
386828,2
663278,3
530537,2
17237,2
651099,2
563089,2
360818,3
342134,3
712225,2
780933,2
609219,3
776359,2
12150,2
984324,2
434673,2
885167,3
105619,2
267885,2
968620,2
675511,2
92791,2
318710,1
439175,3
441852,3
342882,3
839396,2
958574,2
909447,2
44710,2
75465,2
677443,2
204440,2
44294,2
235056,2
760444,2
74878,2
103941,3
111991,1
594505,3
92355,1
871066,2
636827,2
581866,3
67531,2
514216,2
252726,2
195422,2
250073,2
1033266,2
813547,2
507004,2
986719,2
791478,2
62748,2
303745,2
156055,3
300868,2
902895,3
928284,2
63570,2
294170,2
89383,2
955544,2
770876,2
697321,2
87141,2
687342,2
69088,2
212172,2
925380,2
88231,2
377808,1
538721,1
18562,2
906793,2
569597,2
321392,2
338632,2
1026151,2
776008,2
10472,3
308155,2
464748,2
214383,3
113427,2
995320,3
641183,3
352833,3
90629,2
916317,3
687540,2
674401,2
35272,2
530173,2
821744,2
376266,2
183490,3
528875,2
253294,2
785986,2
559641,2
164193,1
712024,3
564174,2
555984,2
891781,3
159790,2
300241,2
173569,3
729747,2
71555,3
1000854,2
906846,3
539590,1
489642,3
408771,2
444055,2
328709,2
350634,2
60508,3
658169,3
152496,3
494624,2
365079,3
683164,2
1002746,3
370492,2
542000,2
852220,2
432243,2
16565,2
316491,2
356047,2
587744,2
201835,3
652211,2
962930,2
159767,2
456507,1
188360,2
925818,2
922326,2
202194,3
989227,2
84842,2
810259,2
80355,3
1016062,3
79297,3
1047883,3
292440,3
925862,2
548072,2
139125,3
94738,3
963086,3
604602,2
523042,2
510549,2
82582,2
211275,2
790654,2
112666,2
593707,3
1048329,2
913737,2
142421,2
182759,3
580285,2
308805,1
446377,2
152973,2
87693,1
89227,2
279638,2
93432,2
807653,3
16749,2
536307,2
356412,3
982388,2
661756,1
361016,3
167385,3
16607,2
194168,1
239930,2
125440,2
541575,2
1042761,2
434489,2
686876,2
6805,2
1014267,2
440333,2
734299,3
703512,2
270385,1
933857,3
664008,2
966634,2
772321,2
749418,2
916027,3
402217,3
353301,3
341965,2
341842,2
118718,3
287408,2
862427,3
965568,2
582341,2
38256,3
751670,2
210078,2
208496,3
98161,2
605939,2
82165,3
68609,3
694062,2
442013,2
572724,2
730922,3
200662,3
400303,3
842593,2
198408,2
470906,2
185492,3
433458,2
13354,2
817330,2
423340,3
126928,2
836249,2
46489,2
824735,2
948388,3
766450,3
391495,2
395652,3
6672,2
85004,2
1026168,2
514411,2
683155,3
633442,2
695337,2
813566,2
262110,2
179604,3
722841,2
383847,2
46193,3
93069,3
225621,2
705260,2
596048,2
922807,3
900749,2
457418,2
807660,2
418654,2
451984,2
193581,2
513901,1
492979,3
805996,2
567208,2
464109,1
895186,2
565585,1
708082,2
492497,2
1019597,2
510956,1
436862,2
1049234,2
708824,2
246502,2
350334,3
178010,3
624933,3
37035,2
403392,3
638279,3
186229,3
76538,2
58639,3
576532,1
58246,3
966949,2
1035481,2
128325,2
941880,2
462910,2
106114,3
677146,2
105997,2
937567,3
767899,2
163942,2
682983,2
522721,2
875054,2
30433,2
35001,2
133782,2
1023361,3
955716,2
1049613,2
850808,2
138146,2
748334,2
276221,3
75700,2
186937,2
773270,2
417317,2
308540,2
1011325,2
780294,2
1008033,2
199264,2
753115,2
609958,2
777252,2
373054,2
950088,2
314891,3
998253,2
806083,2
1011793,2
398327,3
578179,2
664035,2
640340,3
574202,2
662568,3
592199,2
577815,3
925661,2
188823,2
59853,2
380984,2
163271,3
232993,3
34310,2
128195,2
739117,3
125211,2
188260,2
374131,2
280130,3
312479,2
1000264,2
142134,2
465210,2
846840,3
487697,1
956039,2
362507,3
650924,2
621735,2
1042820,1
760508,2
589471,2
38826,3
233370,1
607406,2
589209,1
854706,3
342874,2
691492,3
24336,2
1039628,2
616194,3
727766,3
281263,2
816230,2
766724,2
569425,3
997757,1
541374,2
662503,3
609323,3
983975,2
843311,2
170329,2
252089,2
514094,2
578313,2
955849,2
893339,2
364604,2
662579,2
457293,2
763602,2
840488,1
591187,3
89995,3
974452,1
198489,2
311387,2
284618,2
611652,3
326895,2
124925,3
516400,2
101691,2
631162,2
870014,2
875671,2
881495,2
753316,2
115947,3
433403,2
354904,2
274182,2
759394,2
264611,2
250734,2
583665,2
834165,3
30466,2
782295,2
57216,2
624263,2
154792,3
139256,3
731381,2
974872,3
238690,2
725895,2
203265,2
1046248,2
762818,2
734866,2
276598,3
510529,1
706702,2
553027,3
771608,3
815076,3
180290,2
895994,2
411610,2
628302,3
579802,3
385857,1
396235,2
139161,3
191392,2
32647,2
1006319,2
865549,2
641243,2
28301,2
82878,2
276440,2
657961,2
1040584,2
780755,3
676629,2
1049,2
264639,1
316600,2
1004610,2
203086,2
974250,2
138056,3
871717,2
202442,2
396579,2
597940,3
539240,2
421152,2
855348,3
825543,2
486199,2
798853,2
931966,2
432152,3
172617,2
855720,3
414068,2
280203,2
103248,3
756021,2
666142,3
330584,3
1026100,2
571181,2
374747,1
504197,3
423294,2
71353,2
695697,2
711983,2
920110,2
485883,2
394336,2
585436,3
71059,2
830186,2
385088,3
884832,3
802828,3
179730,2
464358,2
550610,2
168824,2
155506,2
681367,2
156022,2
385318,2
999869,3
336132,2
950342,2
895111,2
231430,2
205653,2
751442,2
869450,2
854126,2
369150,1
311672,2
18784,3
556603,2
665337,3
406166,2
895864,2
894089,1
915871,1
440368,2
974507,3
660392,3
526600,2
699859,3
810185,2
869052,3
744360,2
486493,3
82939,2
577778,2
261010,2
490541,2
808704,2
75342,2
489494,2
13854,3
818598,2
730983,3
715117,2
944322,3
367187,2
629548,2
90498,2
309699,2
65328,3
460299,1
922178,3
149832,2
481694,2
525303,2
618728,3
266082,2
218594,3
580619,2
232221,3
326046,2
921460,2
906113,3
747926,2
1025281,3
643284,2
345009,2
475119,2
662046,2
209544,2
666102,1
792529,2
545126,2
999507,2
80377,2
763978,2
899663,2
906226,2
648625,2
1049099,2
980644,3
1043021,2
39803,2
196801,2
38312,2
799485,2
72179,2
697203,2
698856,3
173544,1
850876,2
469592,2
729575,1
327245,2
558447,2
705959,2
207518,1
876029,2
518557,2
133720,2
161326,3
878701,2
292347,3
319443,2
377749,3
1037378,2
601853,3
1009070,2
316642,3
655933,2
180994,3
501064,2
935243,3
1041065,2
515710,2
287817,2
717789,2
362199,2
340730,2
639677,2
175491,2
239911,3
676131,1
768538,2
127338,2
303725,3
164100,3
815814,2
641547,2
296475,2
227655,2
102436,3
833983,3
357892,1
201426,3
221331,2
900420,3
174746,3
278691,2
588013,3
507547,2
559923,2
828820,2
418815,2
639091,3
357387,2
1019623,2
527100,2
692195,1
167415,2
160671,2
281485,3
24670,2
953635,1
568147,2
959005,3
295295,2
503311,3
191956,2
632064,2
934947,2
687605,2
532342,3
289332,2
981839,2
847700,2
503447,3
984677,2
663153,3
934705,3
1049377,2
892024,2
552824,3
1044354,1
520061,2
310617,2
854644,3
922742,2
562813,3
977206,2
250986,2
159696,2
971967,2
308972,2
218050,2
304587,3
832294,2
960056,3
50000,2
515282,2
46217,2
245319,2
569283,3
827202,2
999999,3
201392,3
861089,2
600429,3
843631,2
531895,2
859429,2
85303,2
837845,2
422458,2
442059,2
598537,2
159537,2
945454,2
667068,3
235977,2
487175,3
932621,1
386007,2
707118,2
451565,3
728764,2
270465,2
324864,2
182108,3
678210,2
75630,3
931184,2
104498,3
214157,2
286105,1
188687,2
456420,2
1036909,2
891541,2
611450,2
1026793,2
367078,2
300029,2
764314,3
691649,2
113974,3
760734,3
633719,2
800352,2
774960,3
618271,2
443375,2
610336,2
181660,2
959087,2
807580,2
188364,2
155672,2
739948,1
284370,3
478227,3
138888,2
847576,3
189477,2
209880,3
135595,1
1015309,3
1049206,3
484085,2
958649,3
136304,2
156192,2
65841,2
750567,2
891783,3
1024969,1
839519,2
505325,2
854205,3
267215,2
157156,2
782528,2
814007,2
203499,3
606482,1
664376,2
59534,2
450851,2
955756,2
436720,2
528371,2
157522,2
172945,2
587493,2
784022,2
859317,2
66168,2
61635,2
155885,3
38771,2
634645,2
756277,3
719517,2
1022120,2
190858,2
556802,2
386720,2
802710,2
678792,2
619343,2
399906,2
698280,2
439973,2
115487,2
391378,2
269288,3
36721,2
6232,3
147089,2
76105,2
493663,1
463045,2
440374,2
372360,2
1028704,3
471726,2
878136,3
296579,3
273409,3
170170,2
308203,2
878140,2
188301,2
840517,2
190670,2
860024,2
905360,2
127055,2
47786,2
173578,2
134421,3
933238,2
622122,2
57698,3
995791,2
632686,2
719048,2
67388,3
21186,3
276715,1
18095,3
3572,3
993522,3
498048,2
399658,2
749619,2
357494,2
855516,2
365020,2
99540,2
644186,2
864856,2
5948,2
783064,2
746266,2
441602,2
243024,3
216735,2
557741,2
1002274,2
115289,2
471893,2
86565,3
490007,3
287991,2
899653,2
840826,2
288531,2
110544,2
778083,2
885771,1
357078,2
195431,2
593118,2
1031645,2
268866,2
683390,2
258007,2
620558,3
237423,2
340885,3
786874,2
602779,2
827924,2
975966,3
81281,2
825277,2
575591,2
778883,2
789118,3
50963,2
852656,2
373137,1
365665,2
656875,2
821316,2
162835,3
340401,2
513598,1
519627,3
596478,2
783268,3
1005052,2
571017,2
82809,2
285619,3
655180,2
748397,2
337707,2
678402,2
471,3
325315,2
657541,2
35236,2
762773,2
785476,3
809613,2
164566,3
950611,2
437472,2
1051159,2
508297,3
421479,2
719502,2
531664,1
397453,2
358514,3
109927,3
183752,2
301256,3
868235,2
722956,2
370478,2
15752,2
386556,2
472162,2
379919,2
367347,3
223312,3
553667,1
738809,3
797290,2
1049416,3
181887,2
176955,2
283622,2
381489,1
436897,2
376671,2
614449,3
920648,2
19610,2
72872,2
687078,2
1022046,2
800388,2
131569,2
860522,2
854978,2
452362,2
781285,2
756045,2
34091,3
578957,1
34699,2
287103,2
599022,2
1042478,2
1005560,2
543417,2
352814,2
917095,2
329680,2
618470,3
956291,2
67400,1
286214,2
45966,2
980637,3
740598,2
651829,2
386149,3
908672,3
331351,2
749751,2
417385,2
361394,2
209707,2
972349,2
429804,2
68705,1
85335,2
757948,2
859110,2
770720,2
772213,2
1007027,2
586447,3
550124,2
702211,1
35351,3
399635,2
1025404,2
369453,3
227044,1
918301,3
591632,2
578100,2
438640,2
885290,2
664560,3
28622,3
622602,2
912603,2
585670,3
348173,2
629142,2
41657,2
268788,2
186798,2
335713,2
669380,2
454996,1
966010,2
250513,2
8904,2
415176,2
539198,2
134049,1
657740,2
631527,2
907867,3
690629,2
799264,3
492165,3
648882,2
165997,2
877423,2
378880,1
1048100,2
157805,2
77323,2
444768,2
137452,2
98073,1
991299,2
469646,2
69588,2
614065,3
256020,3
463309,1
503117,1
583109,2
569277,1
530501,2
777312,3
146528,2
360713,2
869392,2
951170,2
476224,2
895436,3
609047,3
451876,2
779287,2
468420,2
308686,3
89187,3
126120,2
350308,3
167893,2
167011,2
566356,2
485544,2
360819,3
352680,3
1030511,3
674188,2
136970,2
916091,2
313381,2
64626,3
8245,2
446128,2
1031003,2
697106,3
847459,3
745389,2
22403,2
115220,2
857936,3
985730,2
240574,3
964043,2
15487,2
330291,2
554410,3
3617,2
576910,2
774060,2
930243,2
917408,2
758659,2
946749,2
871204,2
819666,3
437078,3
271173,1
871096,2
102040,3
749599,2
952934,3
650563,3
164546,2
478703,2
666056,3
216130,2
735214,2
396384,3
597053,3
345608,2
472366,1
953739,3
16398,3
363778,2
442521,2
409944,2
753487,3
23933,3
984474,2
505560,2
771492,1
834769,3
141574,2
206099,2
1043821,3
600433,2
124545,3
974252,2
273642,2
417667,2
659111,2
649387,2
958285,2
517069,3
292833,1
965179,1
918336,3
138358,3
257123,2
242292,2
439338,3
424422,3
308535,3
826992,2
909296,3
192874,2
199453,2
727371,2
977739,3
650831,2
247395,2
678742,2
624012,2
208237,2
722989,2
853022,3
780555,2
285188,3
297901,2
280414,2
410526,2
185277,2
867780,3
1885,3
484697,3
522502,2
733114,2
204178,1
459190,2
679923,2
114844,2
276322,2
369511,3
127172,2
535942,1
363323,2
915251,2
321924,1
632025,2
777311,2
1010680,2
866661,2
16123,2
692318,2
797108,2
956010,3
24214,2
657893,2
772103,2
554024,2
290778,3
591406,3
386670,2
941709,2
789458,2
9909,2
618151,2
5791,3
433731,2
192419,3
804807,1
74028,1
392216,2
1021585,2
921770,2
180089,2
694579,1
386655,3
49263,2
319224,3
824042,3
9596,2
229331,2
989540,2
668827,3
903449,3
491452,3
376510,3
131944,3
306001,3
887404,2
720621,2
696384,3
357447,2
94370,3
710791,2
794771,3
452820,2
963416,2
882223,1
825357,3
420538,2
359118,2
241140,3
818084,3
533659,3
580023,2
853280,2
1001672,3
351536,3
563683,3
133470,3
974244,2
139599,3
542352,3
85645,2
274265,3
914344,2
918897,3
460174,3
586329,2
1038070,3
813088,2
1047493,2
661355,1
474121,2
89790,2
887684,2
592111,3
678554,3
609703,3
126282,3
179009,2
144444,2
588191,2
655645,2
32389,2
737209,1
887052,2
683759,2
411069,2
365594,3
656998,2
515574,2
477064,2
164302,1
315080,3
320957,2
1026620,3
246920,3
560302,2
297845,2
987,2
899416,3
674043,1
884102,3
780174,3
515962,2
69264,2
352509,1
209147,2
529980,3
833209,2
498424,2
18888,2
109846,2
582030,1
809438,2
515093,3
245535,1
1006004,2
174463,2
543526,2
72915,2
361200,3
882389,3
597065,1
288680,2
299274,2
245472,3
469265,3
453836,3
351959,2
453975,3
796093,2
772187,3
497261,1
973598,3
883708,1
495491,2
925406,2
58237,3
559321,3
454217,3
563717,2
266673,2
572846,2
476403,3
760356,2
456211,1
385756,2
1012132,2
455225,2
638071,2
281680,1
833258,2
257284,2
535090,2
878956,2
599510,2
412257,2
316879,3
614991,2
929788,2
51421,2
79946,3
925459,2
64250,2
163071,2
78862,2
669427,2
410433,2
677679,2
598959,3
239816,2
147636,2
213702,2
884839,2
333187,3
602568,2
328271,2
1037475,2
694751,2
271348,2
308860,2
1038064,2
1008511,2
91798,2
15212,2
677798,2
814267,2
959156,3
893419,1
877537,2
246134,1
707208,2
364009,2
305874,2
184177,2
276570,2
1003066,3
43240,2
549608,2
596560,2
703874,3
748809,3
471036,3
400444,2
320129,3
985629,3
696276,3
322825,2
597739,1
522445,3
696725,2
876161,2
535080,2
462967,1
924347,2
202812,2
756204,2
841354,2
257429,2
426847,2
57737,2
929229,1
682207,2
217484,2
145014,2
268462,2
999607,3
550501,2
49388,2
399624,2
401974,2
934766,3
821931,3
515218,2
270671,2
946495,2
310765,2
318905,2
516095,2
130522,2
230970,2
997339,2
61291,3
575990,2
335877,2
1040807,2
651137,3
366298,3
1042823,3
100471,2
535589,3
54487,3
670674,2
36292,2
423228,2
183710,3
739929,3
93336,2
658890,2
1025770,3
683083,2
922409,2
661650,2
754872,2
359364,2
508212,2
263142,3
831893,2
899417,2
673919,3
475857,3
617934,2
658226,2
517196,3
21349,2
484408,2
1022273,2
310355,2
137969,2
771468,3
906584,2
767531,3
868322,3
28070,1
29805,2
868297,2
5204,2
711637,3
64728,3
343955,2
865031,2
720884,2
901017,2
395077,2
481290,2
814201,2
809784,2
394173,2
418048,2
770586,2
360892,2
358145,3
925933,2
899622,2
523721,2
1002765,2
203199,2
526514,2
144983,2
931084,2
494479,3
938747,1
132324,3
773134,2
8567,3
670595,2
23278,2
722682,2
584680,2
683107,2
217449,2
817267,3
84541,2
438575,3
779757,2
466724,2
393163,2
310952,2
530828,2
424613,1
948509,2
701487,2
205028,1
367124,2
922235,2
1029624,3
781234,3
227556,2
869096,2
51241,2
1014115,3
388213,2
969301,3
1048366,2
511204,2
577637,2
658917,2
204218,3
791035,3
377295,2
32768,2
10914,3
455049,2
400167,3
716740,2
876374,2
295250,3
1036430,3
1042215,3
397087,1
436575,2
118921,1
894423,3
287041,2
888030,2
295931,3
1023049,2
743935,3
385764,2
782626,2
667913,2
1026115,1
806309,3
269037,2
559826,1
767351,2
486152,3
652357,2
797454,1
87013,2
390455,2
86014,2
580048,3
498618,3
497372,2
218893,2
985060,2
629101,2
174926,2
787843,2
418464,2
556265,2
935929,2
687253,2
680202,1
386221,2
674017,2
992680,2
109540,2
442076,2
180398,2
784029,2
751178,1
378898,1
503131,3
934225,2
881223,2
44081,2
1005271,2
785088,2
495269,3
735629,2
1002734,1
29138,3
217947,2
252887,3
234497,2
992127,2
554122,2
1003535,2
313529,2
388573,2
758637,1
326705,2
533594,2
433906,2
573248,2
481154,2
891927,2
398765,2
702678,2
583478,3
636669,2
1032269,2
130454,2
309756,3
720857,2
287261,3
882316,2
588074,2
273426,1
861202,2
52415,3
148633,3
209114,3
439537,2
795723,2
545345,2
1017350,2
165479,2
307666,2
724757,2
1002728,1
49930,2
1035997,3
484149,3
10091,3
291556,2
187549,2
28137,2
1043454,3
322418,1
667336,2
482169,3
552777,1
976341,2
66228,2
848311,1
837253,3
1033544,2
1014926,2
890050,2
106748,2
773768,3
907342,3
546628,2
144388,3
107277,3
342737,2
576369,2
724465,3
674068,1
669552,3
423046,3
228727,2
567687,2
330504,2
193523,2
362029,1
292867,2
609253,2
26456,3
546692,2
385253,3
414559,3
425766,1
873033,3
72004,2
736350,3
887105,2
370908,2
169451,2
790946,2
159560,2
675758,2
240734,3
265988,2
107247,2
508624,3
52901,1
319858,3
614587,2
862052,2
358040,2
623071,3
13051,3
493627,2
465957,2
769465,2
948342,3
155839,3
120013,2
103696,3
19269,1
334330,1
492424,3
759300,2
228150,3
648618,2
102592,2
453665,2
991515,2
523787,3
650807,3
377486,2
390910,2
398351,2
881335,3
238176,2
230741,2
856978,2
666025,2
33429,2
558933,2
40418,2
285861,2
668444,2
632865,2
441224,3
430739,2
371787,2
214489,2
587965,2
5941,2
707131,2
179258,2
692869,2
815502,2
503261,2
295002,2
603653,2
262618,2
865198,2
24384,2
224163,2
560551,2
166378,3
236232,2
491185,2
794884,2
603941,2
36199,2
827792,2
721881,2
712944,1
1032586,2
505739,2
623774,3
572418,2
227653,3
366718,2
842382,2
212105,3
971492,3
424615,2
1042472,3
118912,3
310764,2
325114,3
332056,2
408154,3
54468,2
963358,2
398347,2
136705,3
864221,3
568035,3
78088,2
367600,2
574109,3
365214,3
862383,2
488595,3
1051262,3
456400,1
826525,2
893106,2
221938,2
223234,1
915826,2
417320,2
590405,2
657799,3
580856,2
393842,2
663671,2
491001,2
452629,1
268387,2
353142,2
1010970,2
518100,2
888250,2
550839,2
953560,2
478795,2
870663,3
981972,2
63706,2
40047,3
377262,2
599973,3
779680,3
989328,2
165978,3
169723,2
101075,3
549100,3
84345,2
102839,2
197906,3
15056,2
24861,2
514336,2
836898,2
81093,2
49729,1
159007,2
386785,2
529878,2
35179,2
930364,1
1024220,3
200049,3
681049,2
837069,2
882656,3
395050,2
544405,2
270162,2
235856,3
193323,2
529110,1
859769,3
381395,2
840410,3
99593,2
389962,2
833956,2
605114,1
225026,2
780039,2
519281,2
492832,2
217545,1
370000,3
173921,2
916714,2
893636,2
568818,3
120663,2
286942,3
268595,2
673143,2
341070,3
59358,2
766083,2
639534,2
773965,2
1024502,2
266989,2
602872,2
674725,2
886524,2
461822,2
102135,2
837841,3
54070,2
725292,2
308148,2
203745,1
210080,2
359211,3
484074,3
38361,3
641918,2
104734,2
401762,1
644971,2
855626,3
593391,3
718300,2
115375,3
10975,2
931167,2
697650,2
685282,3
259058,3
22835,3
513579,3
91638,3
134420,2
252825,2
106473,2
331698,1
78989,3
1047639,2
1050438,2
687170,2
372671,2
702489,2
785557,2
299706,2
157542,3
563332,2
565858,2
404180,2
529398,2
176229,3
587196,2
213612,2
546357,2
877413,2
25691,3
977456,1
891141,3
210515,2
598176,2
484461,2
176088,2
238416,2
748028,3
276997,2
816780,2
1039235,2
683031,2
992917,3
800174,2
887683,3
601922,2
542229,2
508974,3
613083,3
196037,2
225528,2
368511,2
704615,2
906042,2
40529,2
160349,3
918696,3
174680,3
594425,2
745383,2
53782,2
591080,2
760705,2
307776,2
369897,2
193478,3
626749,2
454527,3
982957,3
979392,3
961824,2
454364,2
398456,2
246468,2
67809,1
889671,3
467949,3
579996,1
340762,2
96533,2
890355,3
812231,3
990642,2
397826,3
134096,2
515124,2
620396,3
913597,2
504007,2
393118,2
154634,2
380815,2
734376,3
192593,2
1043622,3
512477,2
417931,2
43060,2
45127,2
829031,2
604135,2
138466,3
890240,3
531572,2
518123,2
262672,2
402166,1
745270,2
224595,1
649612,2
661820,2
504512,1
725585,2
487758,1
662018,2
381459,1
484367,2
40525,3
1025113,3
976861,2
385902,2
455498,2
327639,2
734543,2
110573,3
1051715,3
53444,3
690819,2
902411,2
298784,2
288215,2
780390,2
345158,2
847206,3
282686,1
861633,2
380204,2
483565,2
706995,2
413542,2
535320,3
180620,3
872275,2
269546,2
755625,2
380212,3
996859,2
152271,2
336873,2
363781,2
81305,3
800730,2
2026,3
950422,1
514013,3
137526,3
906834,1
232010,2
296398,1
326934,2
949666,2
234881,2
513258,2
257085,2
504358,3
78207,2
1046425,3
278652,3
433858,3
20964,3
732860,2
111454,2
37591,2
200430,3
687530,3
219510,3
260979,3
273062,1
481871,2
491042,2
949829,3
734478,2
281873,2
621777,2
936074,2
180475,3
552479,2
838767,2
689938,3
723795,3
911660,2
520385,2
883601,3
54594,2
310292,3
495844,2
934840,1
936449,3
992431,2
661966,1
937009,2
101301,2
406817,2
1021681,2
493559,2
569827,2
865086,1
968485,2
299988,2
528057,2
102848,2
674378,2
223792,2
114785,2
631838,2
752468,1
959992,3
499011,3
141951,2
825544,2
324052,2
925478,3
29859,2
379680,2
1030735,2
889075,3
588478,3
52842,2
342623,3
1016649,2
1028357,2
44008,3
886322,3
226250,2
271623,2
8370,3
45172,3
135728,2
741462,3
694944,3
898348,2
911732,2
171937,2
366447,3
737359,2
49860,2
9841,2
865706,2
102163,2
400961,2
519096,3
518,2
499662,3
912576,3
52015,2
378400,2
283109,1
95630,2
820293,3
183872,3
232782,2
724630,2
972495,2
545157,2
273285,3
448544,3
505011,3
608181,3
40728,2
558696,2
678913,3
650732,2
717608,2
688925,3
356012,3
550726,2
858547,2
843907,2
391550,2
465465,2
350709,2
833878,1
332799,3
78287,2
673951,2
360643,2
247452,1
553290,3
129010,1
727788,2
782185,1
725154,3
595004,1
2836,2
532313,3
976681,2
905642,3
125822,3
766185,3
195624,2
385213,2
2143,2
63374,2
549160,3
526399,3
884135,2
979927,2
588888,2
129886,2
723890,2
422665,2
482448,3
992006,2
962513,2
312980,3
596926,2
19606,2
100796,2
483995,1
80145,2
367640,3
418409,2
186041,3
224705,3
203716,1
469862,2
918186,2
844077,3
32984,2
816798,2
726630,3
717615,2
507121,1
517851,2
18726,2
655181,2
284110,2
230809,3
314390,2
300990,2
921472,3
595892,2
523286,2
356882,2
802009,2
150222,2
801335,2
70448,2
243821,2
771244,2
437114,2
780205,2
755335,2
126460,2
771739,2
998747,2
605796,2
337019,3
869771,1
766229,2
738012,2
156161,2
425444,2
37509,2
375814,3
322377,2
276051,2
486025,3
439679,2
557284,2
765765,2
62007,1
223599,2
334750,2
1034296,2
412752,3
466060,3
173551,2
176870,3
941306,2
54101,3
139554,3
901981,2
202160,3
985533,2
411018,3
518219,2
544103,2
1052860,2
441025,2
299727,3
275605,2
627641,2
1030874,3
630601,3
883875,1
664984,2
496088,2
607215,3
597222,2
730475,2
151694,2
265075,2
721462,2
205138,3
213824,2
406728,2
764582,2
586694,1
378712,1
381196,2
459870,1
934653,2
576497,3
521037,2
188189,2
822791,2
139904,1
260162,2
209577,2
755944,2
794143,2
106795,2
489460,2
99460,2
551667,2
107346,2
101553,2
906338,2
522424,2
506666,3
751339,2
858999,2
692568,2
419011,3
145793,2
901947,2
424101,2
93180,2
629092,3
693230,2
978599,2
287362,2
147668,3
169937,2
352032,2
1035080,1
922728,3
963574,2
955954,2
898999,2
817868,2
339066,2
196894,2
834359,3
315034,2
348010,2
560416,2
450292,3
740752,2
878240,2
692047,2
1010281,2
590130,2
734327,1
793302,1
248695,2
585827,2
517592,2
551269,2
206695,1
852334,2
200728,1
510481,1
303880,2
77327,3
339690,3
412583,2
107429,2
260031,3
838295,3
303519,2
293010,2
980262,2
581058,2
1028084,2
324602,3
332296,2
683618,2
70349,3
63626,2
956471,2
457147,2
1033906,3
807394,2
658660,2
961420,3
561484,2
195570,1
188403,2
290285,2
781094,1
9801,3
272063,2
577013,2
919902,2
744972,3
700294,2
810620,2
107593,2
153370,3
966858,2
129030,2
486293,3
24388,2
243767,2
559184,2
1014764,2
582703,2
291842,2
421937,2
815955,2
944641,2
755757,2
747465,3
120694,2
283487,3
747741,2
168557,2
540262,2
319442,3
22405,3
192985,2
631728,2
467699,2
667437,2
145647,3
871475,3
983586,2
596640,2
840922,1
338980,2
865257,3
684618,2
701312,3
306619,2
349087,1
70362,2
368826,2
672658,2
785432,2
284062,3
890379,2
151032,3
287670,2
76881,2
395452,2
175470,2
933829,2
116898,2
978306,2
409648,3
153029,2
196333,3
836720,3
453258,2
828206,3
20014,2
452518,2
861131,2
73997,2
765717,2
252852,2
708356,3
992241,1
28357,2
254047,3
634086,2
249808,2
850562,3
763831,3
556898,2
540815,2
806468,2
917678,2
977947,2
48680,2
1000000,3
18307,2
315831,2
11764,2
1007737,3
490498,3
846398,1
148283,2
406389,2
386682,3
850309,3
261972,3
334039,2
100227,2
574580,2
19420,2
848430,2
484620,3
9703,3
785640,3
328936,2
817925,2
552516,3
960384,2
156779,2
1013508,2
36928,2
305366,2
664711,2
639830,3
336033,3
634883,2
368771,2
862184,2
192131,2
555981,3
841356,2
371168,2
127588,2
96346,2
870850,2
707259,3
522477,2
230719,2
529325,1
851152,2
387537,2
493254,2
244384,2
270500,3
495804,2
466021,2
212222,3
230911,2
418904,2
342342,3
361863,2
892340,2
1045315,2
219907,3
433572,3
306596,2
19241,2
903867,2
152633,2
515319,2
591331,2
632595,1
259798,1
218441,2
1051500,3
734967,2
424543,3
561023,2
505820,2
868444,2
493672,2
369607,2
94324,2
636938,2
819620,2
267260,2
982822,2
224013,2
342379,3
259803,3
371562,2
473995,2
192548,2
190184,3
903699,2
106536,2
711519,2
404989,3
504531,2
731147,2
963294,3
1004283,2
265402,2
613355,2
11819,2
435186,2
383363,2
465156,1
244293,2
481986,3
1014051,2
815730,2
704626,3
62659,2
750787,2
783297,3
840329,2
252882,2
92897,3
109721,2
339532,2
564113,3
979832,2
275737,2
436991,2
238366,2
655291,2
848494,2
558549,3
691018,2
511787,1
857319,2
330762,3
250962,3
329512,3
924955,2
14351,3
172291,3
461011,2
116587,3
1002338,2
1034452,2
1026367,3
274936,2
309928,1
693170,2
1020668,2
66442,3
272421,2
507764,2
796663,2
705280,2
477465,2
991891,2
1017355,2
485424,2
120264,2
911742,3
619020,2
208630,2
1043874,3
326632,2
846325,2
105067,2
779490,3
272477,2
366172,2
931341,1
699833,2
603535,2
627574,1
617751,3
491350,2
908170,2
484049,1
666264,2
521654,3
572576,2
960610,2
82271,2
1022496,1
342144,2
506274,3
1042041,2
281260,3
539019,3
418791,3
239263,2
663067,2
210167,2
204500,2
302561,2
1036179,2
947848,2
201504,2
1048673,2
894742,2
877506,3
54807,2
164986,3
637153,2
435547,2
609176,2
571572,2
753806,2
54131,2
410960,2
729790,2
320759,3
317043,2
1007716,3
841395,2
643816,3
14743,2
33916,3
396252,2
907586,3
737829,3
878961,2
257257,3
814058,3
446399,2
515714,1
377986,2
104154,2
419899,3
213898,2
516763,2
190210,2
931537,2
854338,2
900903,1
531680,3
910539,2
130114,3
753714,3
7688,2
863833,2
302333,3
811862,2
264483,3
642940,2
108535,2
573409,2
448777,2
1039038,2
704554,3
132781,2
383770,2
916447,1
87488,3
86114,2
247904,2
3937,3
625410,2
145005,2
324441,1
326756,1
798149,2
418960,2
211267,3
292236,3
108758,2
647501,2
440573,3
922142,2
12167,3
884542,2
86914,2
192016,3
831011,2
861473,2
713210,2
369393,2
556816,2
707853,2
727631,2
80148,2
931645,2
113537,1
780443,2
422523,3
975682,3
608536,1
882083,1
780894,1
454213,3
968375,2
676491,3
584284,3
122577,2
255318,2
290776,3
832969,2
739121,2
743229,1
382501,2
387978,2
295173,2
307413,2
113977,1
789287,2
383646,2
919532,2
989645,2
813323,2
725413,2
781475,3
628098,2
119420,2
886519,2
568225,2
1044313,3
100246,3
144189,2
982496,2
368164,2
468930,2
668530,2
83308,3
703639,2
379837,2
844289,1
284285,3
18370,1
1026845,2
1041630,2
608858,2
957748,3
995840,2
845747,2
117619,2
971373,2
81336,2
1050828,2
980881,2
369043,2
26991,2
856389,2
956460,2
778928,1
205897,3
998005,2
1030013,3
54894,3
1006343,2
873797,2
407538,1
838855,2
873678,2
565783,2
418280,2
914813,2
277212,3
279434,1
949468,2
783272,2
165962,1
423867,1
260126,2
505581,1
100741,2
489359,1
700411,2
150366,2
582339,3
333099,3
235985,3
867793,3
457790,3
473806,3
511811,2
536936,3
587974,2
290597,2
145851,2
551001,2
883162,2
764522,3
567642,2
1021784,2
891715,3
146430,2
944518,2
550962,2
226194,3
949908,1
512676,2
241296,2
312255,2
592055,2
27231,1
847230,2
520976,2
589717,3
700895,2
932281,3
142840,2
475492,2
35607,2
368852,2
381689,2
1017702,3
122663,2
404287,2
515519,3
749497,2
732756,2
770689,2
42571,3
917977,2
679191,3
378517,2
890926,2
833731,3
82741,3
473281,2
1037271,2
181996,3
768761,2
11396,2
74644,3
656550,1
331044,2
946720,2
693000,3
770440,3
991041,3
205479,2
271836,2
523602,2
940439,2
555283,3
1051849,1
382332,2
811734,3
611828,2
537630,2
332877,2
779745,1
417513,2
351191,3
778816,3
1025054,3
521072,2
880555,3
712391,2
109403,2
400569,2
314588,1
898726,2
178800,2
489361,2
1042628,2
692416,2
751918,3
85513,3
553199,3
373859,2
217413,2
459944,2
316754,2
792757,2
311693,3
646329,3
350251,2
393749,2
55235,2
160712,3
582445,3
258309,2
231106,2
119230,3
845545,2
683269,2
861543,2
1002696,2
132484,2
952906,1
543783,2
899657,3
473179,2
202141,2
509489,2
88287,3
714146,2
678193,2
26345,2
990881,2
938233,2
903588,1
777208,2
961105,2
137395,2
107049,2
603530,2
113478,1
340144,2
134287,2
841773,2
1032303,2
975335,2
441316,2
600293,2
640889,2
261728,2
458113,3
653100,2
705247,2
220914,2
543567,2
298948,2
460967,1
524417,1
907779,2
707778,2
517299,1
813129,2
90532,3
418381,2
200381,2
585008,2
947838,2
531474,3
1025191,3
141230,2
987208,2
316514,2
418685,2
12644,2
195697,2
397865,3
705394,3
1017886,2
648503,2
738956,2
676903,2
909603,2
968707,3
253576,2
789434,2
922610,2
872834,3
222184,3
678092,2
328043,2
612825,2
740218,2
492558,2
209436,3
296771,2
764509,2
75169,2
400117,2
193792,3
52396,2
1013073,2
920243,3
604591,3
422111,2
180179,2
981341,2
235291,2
489572,3
463755,2
27278,2
624232,2
416595,3
917147,1
128636,2
944626,2
806358,3
571848,3
496768,2
904835,2
359578,2
958401,2
956003,3
29194,2
439611,2
435371,2
399670,2
683746,3
1035923,3
197030,2
627444,3
66194,3
902477,2
139891,2
83359,2
581385,2
478203,2
534817,1
246113,2
946643,2
343653,2
906547,2
714834,2
736071,2
313511,1
410863,2
297639,2
857749,3
742323,3
801609,2
960909,3
404401,3
338991,3
176445,2
352236,2
853142,2
463089,2
294778,3
95479,3
792817,3
925447,3
403157,2
852306,2
624452,2
814707,2
534119,2
815805,2
584643,2
603751,2
830498,2
602896,3
157596,3
779808,1
189150,2
392529,3
167585,2
955277,3
407238,2
476829,2
780001,3
776859,2
955154,2
604696,3
969381,3
856822,2
1015081,2
789340,2
315733,2
183870,3
82364,2
438297,2
628695,2
201214,2
505147,3
498804,2
419390,3
578349,3
533251,2
988592,2
279210,3
649172,3
332490,2
532092,2
117606,2
371236,3
599944,2
654150,2
47758,3
938827,2
467418,3
954674,2
851159,3
74185,2
605124,2
1001369,2
558396,2
591706,2
229674,2
5391,2
1050391,2
12408,2
285253,2
226691,3
237128,3
181647,2
881468,2
169254,2
256252,3
536250,2
936725,3
441427,3
95341,2
198717,2
584797,3
151082,2
135076,1
627071,2
1037464,2
835173,2
317957,2
895128,2
290879,2
465951,3
315474,2
414900,2
995131,2
477765,2
913306,2
994835,2
777713,3
345852,1
900772,2
1016742,2
769075,3
839406,2
38793,3
978255,2
27833,2
550948,3
593984,2
166530,2
363592,3
677025,3
433600,2
1018165,2
240082,2
452710,2
228912,2
366919,2
76319,2
278718,2
321758,2
179088,2
171537,2
738279,2
687134,2
900325,2
18424,3
324451,2
853433,2
975527,2
903869,3
123044,2
501677,2
870178,1
824924,2
879635,2
932340,2
1000616,2
129141,2
935132,3
22958,2
603215,2
638194,2
275843,2
345589,1
880108,2
731146,2
615746,2
195886,2
85921,2
442905,3
673017,3
394316,2
184417,3
229774,2
678267,2
379507,2
625650,3
123495,3
314333,2
148336,2
830676,1
749330,2
133145,2
960075,3
744252,3
798910,1
148083,2
357820,2
1704,1
509388,3
586052,2
318489,2
35494,3
111908,3
65936,3
41931,2
604722,2
428317,2
477880,3
643607,2
457786,2
435121,2
445760,2
718999,2
234740,3
297735,2
165602,2
627686,2
408939,2
594167,3
52020,2
324746,3
577253,2
930917,2
292231,3
98731,2
634772,2
844525,3
679033,2
148499,2
947047,2
245743,2
1030548,3
786304,1
343077,2
982053,3
358251,2
179448,3
121091,2
849724,2
348675,2
683003,2
452859,3
57188,2
710334,2
647720,3
965393,2
487854,2
975888,2
34634,2
925501,3
319329,2
668705,1
460302,2
643241,2
968962,2
886208,2
367093,3
572222,2
8005,1
172505,3
141149,3
1018369,2
675882,2
312629,2
795131,2
107037,2
385656,2
414025,2
583917,2
881458,3
733449,2
96678,2
101648,3
923601,2
504788,2
200243,2
1034956,2
261634,2
769990,2
469406,3
875465,2
599095,3
674591,2
596738,3
874219,3
913999,2
518026,3
13013,2
278620,2
8014,2
325231,1
307974,1
564595,2
508092,2
376084,2
442931,3
925672,1
700243,3
256041,2
740446,3
679795,2
891359,2
392323,2
245125,2
841856,3
519404,3
988833,2
611081,2
754558,3
975112,2
287944,2
474514,3
875133,3
148304,1
167061,2
833221,1
799491,2
339067,3
14433,1
999247,3
715245,3
585713,2
678929,2
731619,2
381001,2
152351,2
425686,2
475949,2
92707,2
451955,2
886838,2
228529,2
100883,2
120802,3
88564,1
654265,2
296861,3
654461,3
17306,3
954448,2
624439,1
356051,3
225567,2
907882,2
1004639,3
697695,2
188495,2
480013,1
263406,1
853394,3
848226,2
581059,2
203009,2
430608,2
906668,2
250286,2
694339,3
259923,3
517915,3
1003588,2
573140,2
335535,2
782251,3
727320,2
740374,3
609112,2
48170,3
610348,2
106293,2
804618,2
452405,2
1034918,3
976816,3
37683,2
537001,3
44352,2
572822,2
923676,3
778323,2
458003,3
128913,2
73499,2
138463,2
411945,3
490171,3
717059,2
271767,3
762785,3
414713,3
271166,2
961764,2
281551,2
685186,2
689897,1
103790,2
989478,2
974247,2
1013029,2
522982,3
863673,2
95231,2
1037117,2
764698,2
951470,3
171023,2
276280,2
723823,2
333447,2
1004980,2
340837,3
324180,3
676424,3
492773,2
189493,2
425181,2
660402,2
306785,3
496132,2
609080,2
204288,2
713560,3
864840,3
802415,2
187539,2
933984,2
416177,2
539630,2
982050,3
212411,2
580655,2
127315,2
583429,2
831514,2
315570,2
852924,3
993481,2
168709,2
951055,3
574139,2
881681,3
771631,3
67619,2
119856,2
153354,2
596375,2
348282,3
747800,2
872972,3
163028,2
110186,1
341864,2
338501,2
786006,3
711380,2
807559,2
965271,2
10559,3
405969,2
817390,3
851439,3
584278,2
753889,3
522559,2
359620,3
59523,3
905475,1
633527,1
599427,1
877367,2
540073,2
757869,1
957739,2
865326,2
400430,3
995552,3
265042,2
721149,2
423130,2
516241,3
42146,2
223430,2
1013902,2
632938,2
957080,2
579128,2
302801,1
167472,1
536335,2
807712,2
100293,2
602537,2
500528,2
751479,2
618645,2
597558,2
533319,1
171453,1
829495,2
164008,2
812200,2
256988,2
727148,3
706739,3
27282,3
384366,2
700630,2
627537,3
929809,2
349463,2
730967,2
410151,1
65461,2
709028,2
807271,3
950553,2
394128,3
432115,3
484711,2
249223,3
880051,1
395329,2
872663,2
648487,3
478379,2
495306,1
920608,2
521309,2
689548,3
691620,1
880846,3
998454,2
38787,3
781589,2
822228,2
531590,2
1023158,2
988663,2
33221,2
385933,3
281437,2
775179,2
296320,3
322030,3
747454,2
905140,2
950014,2
823284,3
901261,2
498962,2
132907,2
174915,2
87620,2
1005652,2
196958,2
522958,2
996472,1
311801,2
90134,3
135299,3
424140,3
453277,3
613920,1
240952,2
262927,3
926565,2
424515,3
442332,2
782994,3
441039,2
154571,1
283523,2
638877,2
115562,3
907697,2
877925,2
449510,3
565404,2
357011,2
260654,2
393528,2
664132,2
316523,2
626293,2
905695,1
570838,2
952872,2
767543,2
256087,2
18636,2
969493,3
342566,2
711758,2
589373,2
172873,2
250121,2
604867,2
825994,2
796345,3
83305,2
279,2
1005927,2
574594,2
546221,3
949359,2
520685,2
108246,2
643266,2
423380,3
200744,2
166500,3
468130,2
91011,3
646723,2
878545,2
1033735,3
769230,2
96291,2
604207,1
367499,2
228362,2
501277,2
778136,1
844301,3
233421,2
759811,2
486927,2
417227,2
229424,2
764532,2
3986,2
771129,2
565081,3
984444,2
56499,3
603682,2
746412,2
672559,2
768142,2
578747,2
336686,3
491331,2
921939,1
925670,2
22583,2
384642,2
725084,2
456675,2
578970,3
704592,3
375795,3
672644,2
140691,2
743025,2
348527,3
577429,2
457361,2
949595,3
186292,2
907605,2
962213,2
309092,3
944877,2
680100,2
614153,2
140587,1
1032185,2
898922,3
997724,2
139101,2
659377,2
921705,3
682715,2
1016615,3
305428,3
643225,3
918718,2
114982,3
190263,1
130718,2
502414,3
104707,1
5484,1
394615,2
924094,3
985330,2
1044341,2
376373,2
694948,3
851344,2
849166,2
572346,1
386138,2
79187,2
506215,2
117887,2
52642,2
1008585,2
870978,2
228532,2
371041,3
911252,1
945390,2
807153,2
529935,2
830573,3
625326,2
137206,2
30083,2
69835,2
435151,2
1029134,3
707290,3
494679,2
896740,3
995406,3
82164,2
378838,2
147651,2
938810,3
875208,3
314520,2
727319,3
267449,2
722056,2
751483,3
588398,3
851628,3
108431,3
192271,2
232696,2
645963,2
208902,3
279474,2
750362,2
330120,2
338127,2
343290,3
384621,3
505164,2
970464,1
181746,2
511340,2
70076,2
299212,2
838369,3
382218,2
1003026,2
84146,2
554352,2
431310,2
793719,2
925304,2
580516,1
878513,2
380425,2
816048,2
683034,2
717748,2
547722,2
370118,3
926651,2
52653,3
205445,2
713085,1
830433,2
263709,2
507690,2
844439,3
848336,2
491032,2
810215,2
179536,3
952744,2
745789,3
122828,2
774473,2
413371,3
922397,2
66379,2
638923,2
297894,2
526367,2
240865,2
515444,1
850323,2
12104,3
49055,3
770753,1
883790,2
269969,2
112236,2
111402,3
826318,3
159141,2
602974,2
854061,2
998538,2
944880,2
450396,2
17609,2
652573,2
517467,2
888630,3
201644,2
597496,2
426729,1
684041,2
1039050,3
17379,3
1043589,3
394368,2
797817,2
194678,3
936465,2
985007,2
109892,1
676545,3
591661,2
749270,2
556634,3
670284,2
18451,2
213225,2
261704,2
301343,2
145139,3
357891,2
704660,2
912044,2
328597,3
154029,2
399953,1
787650,2
979756,2
21729,1
371106,3
209350,3
40291,3
218457,1
207074,2
60556,3
525631,2
256824,2
190395,2
629676,2
675038,3
151203,2
10578,2
29345,3
565707,2
916227,3
731885,3
552951,2
810205,2
1026109,3
642231,3
1030851,3
841217,2
537350,1
106492,2
215762,3
677348,3
169776,2
819241,3
5122,1
286764,1
475581,3
226952,2
659898,3
823698,2
777032,1
282564,2
1049178,3
927488,2
613912,2
456283,2
254239,2
519568,2
42586,2
228561,3
667733,2
198787,3
215226,2
662429,2
682420,1
455024,2
238396,3
138579,3
240470,2
628230,2
280697,2
767235,2
701832,2
821297,2
1012094,2
216992,2
903865,3
692198,2
286234,3
797278,1
541436,2
42358,3
181790,2
784737,2
747397,3
865718,3
1026897,2
418643,2
642146,1
339762,1
852000,2
610263,3
669979,1
638724,3
799411,3
23639,2
885857,3
752525,3
790126,3
366855,2
57259,2
902600,3
94565,2
26853,2
434084,2
638739,1
766697,2
465976,1
526294,2
1007391,3
1036692,3
287922,3
514529,2
658343,3
811352,2
643199,2
665321,3
71067,2
73420,3
277606,2
904663,2
62032,3
573506,2
581413,3
29393,3
369480,2
11290,2
782052,2
568003,2
280373,2
1000446,2
962166,2
585826,3
145470,3
901602,2
30641,2
231702,2
686665,3
230289,3
1036531,2
1023729,2
816701,2
100582,1
143397,2
27430,1
261458,3
94794,2
470924,2
471309,3
139610,3
441462,3
756683,3
239532,3
312377,2
75065,2
502823,2
1008399,3
27779,3
638086,2
359256,2
599867,2
719341,2
304131,2
946446,3
630077,2
989120,3
50325,3
262780,2
964747,3
359388,2
159454,3
994650,2
929324,2
561908,3
224633,2
842792,3
467415,2
735274,2
174080,2
856543,3
954846,3
603422,1
700288,2
262925,2
845133,2
582607,2
660164,2
425732,2
799519,3
442728,2
974163,2
712303,2
836286,1
723633,2
74972,2
209298,1
953077,2
154579,2
785257,2
788125,2
533141,2
694718,1
269430,2
867181,2
518267,2
590652,2
181792,2
297239,3
27644,3
546314,2
909956,3
743506,3
942267,2
9732,2
725976,3
574282,3
934348,2
393914,3
768698,1
799450,2
1010766,2
250026,2
336462,3
58087,2
612775,2
1052270,1
214056,3
739907,3
875565,2
415271,2
332045,2
622896,2
1031952,2
501954,2
649717,2
1014969,2
912736,3
79919,3
829411,3
113342,2
281603,2
8780,2
779952,2
806032,2
320725,2
268752,2
1000593,2
1001162,2
942622,2
840619,2
200154,2
845684,2
846450,2
26778,3
451028,2
694208,2
815259,3
495917,2
439179,3
862294,2
790258,2
558808,3
873921,3
90408,2
412791,3
917738,2
414254,2
680966,3
735353,2
131490,2
593040,3
346097,3
723778,2
858192,3
50567,3
832799,2
42333,3
824195,2
498709,2
39941,2
284416,2
700627,2
375551,2
735425,1
474108,2
913184,2
1020501,2
112795,2
513732,2
857824,3
138494,2
773513,3
857781,2
551084,2
416531,2
1005018,1
640362,3
42081,2
983797,2
934994,3
218061,2
800771,2
655386,2
690793,2
460829,3
247624,3
782874,3
878715,2
474977,2
717317,3
826305,2
777871,2
795845,2
80983,2
905551,2
140506,2
330795,3
870335,2
496163,2
491027,2
1017994,2
770376,2
822553,2
404959,2
750108,2
820835,2
845938,2
126718,2
960574,2
446015,2
303309,3
315536,2
418684,2
455781,2
814826,2
379838,2
746014,2
342129,3
492402,3
367783,3
847996,2
802999,2
992475,2
549639,3
695296,2
336387,2
244553,2
131411,1
722535,2
46571,2
961934,2
234304,3
803037,2
553615,2
903744,1
126346,2
590613,1
621072,1
880179,2
942090,2
39462,2
277389,3
1001026,2
119467,2
222721,1
336567,3
614794,2
912799,2
486908,2
199767,2
352556,3
508131,2
426006,2
215124,2
280783,2
917852,2
289053,3
474075,2
309263,3
552533,2
808103,3
994221,2
881196,3
396167,2
605799,2
79083,3
270369,2
821162,3
646148,2
6604,2
31325,2
435607,2
973002,1
661937,2
933796,2
366829,2
177554,3
382709,3
394219,2
398996,3
824221,2
26194,2
538237,3
440764,2
951139,2
461236,2
250607,1
1030119,2
407287,2
179866,2
441432,2
182744,2
599033,2
361833,2
227661,2
791727,1
266013,2
1036340,2
679401,3
609049,2
891732,2
213143,3
884584,2
379698,2
38617,2
886930,3
364764,1
1016366,2
38785,2
234453,3
805555,3
568364,1
970007,3
449879,2
78658,2
151107,3
642833,2
668937,2
662976,3
853078,2
644438,3
997764,2
899910,2
575363,2
189192,1
38605,2
559955,2
191706,2
808622,2
734787,2
46617,3
738128,2
570663,3
499060,2
76084,2
627629,1
1003734,2
766598,1
1032311,2
145494,2
194028,3
330657,3
132838,3
751000,2
405096,2
750284,2
873419,2
421935,2
172470,3
915273,3
865148,2
1051835,3
474980,2
231413,2
330671,3
638272,3
393450,2
111850,2
983964,2
830445,1
986227,3
204565,3
545937,2
23144,1
735561,1
812234,3
974438,2
610628,2
428951,3
783894,2
656047,3
432536,2
593914,2
683669,3
575274,1
177283,3
424380,3
226068,1
358936,2
975931,2
898017,3
607793,3
594042,3
380395,2
392183,2
299253,3
889476,1
424365,2
857815,2
232611,2
764499,2
930162,2
409028,2
923047,2
733107,2
1006902,2
148019,2
147766,3
818577,3
853098,2
339897,2
960681,3
611916,2
48730,2
74207,2
444446,3
560295,2
513899,2
441847,3
577767,2
285336,2
184195,2
64259,2
1038697,1
307868,3
627441,2
677939,2
292056,2
202111,2
720538,2
387744,2
630674,3
406510,2
1018383,2
780114,2
425259,2
351421,2
561810,3
814157,2
772186,3
346848,2
436237,2
424716,3
721412,3
656560,2
450338,2
1046610,3
691764,3
828213,2
497713,3
338255,3
564946,3
404359,2
472998,2
530896,2
244390,3
970563,2
1005525,2
90023,3
453589,2
889856,3
134327,1
122435,3
410711,3
18758,2
1032037,2
578404,2
123320,3
754683,3
529099,2
947234,2
733123,2
219157,3
334954,2
1032747,2
454147,2
526498,2
874177,3
843964,2
536120,2
732748,2
734558,2
274865,2
153412,2
585695,2
599441,2
516944,3
685416,3
819798,2
646016,3
841190,2
188283,2
936637,2
796834,2
924866,2
202266,3
720712,2
659797,2
53288,2
746463,2
95382,2
929875,1
920579,2
982138,3
643828,2
324190,2
1037186,2
272937,2
842362,2
107047,2
583210,2
218763,3
843720,2
672657,2
328895,2
421640,2
15542,2
466044,2
20544,3
408057,2
594152,1
602844,2
199486,3
761572,2
922959,3
179684,2
173173,2
1041087,3
1001897,2
296721,2
746793,2
858847,3
865475,2
257915,3
856304,3
707168,2
114370,3
307169,3
858289,2
741360,2
382842,2
738203,1
231171,2
1015995,2
251898,2
748605,3
1033947,2
820256,2
784640,2
627815,2
326724,3
1025496,3
172191,3
992572,2
52437,1
17419,1
648336,2
672443,2
876003,2
256282,1
169868,3
750384,1
926271,3
28891,3
691584,2
661212,3
576181,3
64541,3
173504,2
710176,3
745733,2
385991,3
7726,1
213756,2
442164,2
511409,3
303863,3
351587,3
90383,3
171281,3
515178,3
187961,3
332390,1
590128,1
99484,3
817251,2
681078,2
1014567,3
16257,2
856811,2
367195,2
954896,3
206270,2
304694,3
540945,2
226652,2
137598,2
677140,2
638790,2
399656,1
375858,2
87281,2
852379,3
425302,3
686096,2
929929,3
635582,2
110242,3
327347,2
438369,3
1036333,2
13754,2
649622,1
58620,3
791280,2
14022,3
783938,2
863406,2
319745,2
418651,2
1014736,3
906044,2
776169,2
645610,2
388464,2
259909,2
1023083,2
447292,2
487370,2
171429,1
438354,2
974723,2
262613,2
623742,3
628030,2
305041,2
422838,1
339189,1
347465,3
971738,2
895122,2
49880,2
316867,3
677384,1
535750,3
654158,2
183719,2
1037054,3
878746,3
624748,3
411925,3
115930,2
999959,2
513654,3
1036539,2
637092,2
188974,2
185714,2
653945,2
298571,3
364609,3
943784,2
765319,3
428830,2
839706,2
342773,2
774219,2
734612,2
43331,2
903429,3
597942,2
1036473,3
539637,2
1041000,2
240895,2
261899,2
454694,2
603628,2
42720,3
865686,2
489272,2
626492,3
56334,3
309533,3
18736,1
565467,2
754609,2
262430,2
775551,2
587554,2
94714,3
45044,3
346946,2
591477,2
588044,2
482066,2
41254,1
555493,2
501187,3
190373,2
881262,3
58017,2
550381,2
11201,2
976970,2
517886,1
526906,2
925059,3
768054,2
509929,2
70844,2
373613,2
649060,2
514552,1
672028,1
1000402,3
985918,2
856946,2
121693,2
394009,2
668204,2
1010585,2
720238,2
591963,2
554498,2
317660,2
679281,3
869428,3
118367,2
59909,2
101359,3
397050,3
940443,2
694494,2
868144,2
316615,2
294161,2
527624,3
541158,2
177517,2
394244,2
137163,2
374437,2
720151,3
748891,2
789836,2
451360,3
183247,2
1043327,1
51883,3
797176,2
12144,3
1023004,3
1021671,2
955249,2
163025,2
371016,2
477728,2
490244,3
818887,2
377816,2
380618,3
541883,3
192966,2
895818,2
671936,2
343732,2
984668,2
847933,2
647486,1
382481,2
587246,2
66007,3
97565,2
278440,2
626826,2
76591,3
503987,1
373057,2
229816,2
326892,2
109332,2
302992,3
372113,2
481308,2
1021456,3
272647,2
353478,2
42466,2
366728,3
328588,3
551405,3
75252,3
585268,2
984572,2
860883,2
490733,3
779333,1
259678,2
486651,2
754056,2
752367,2
1023817,2
22018,2
218219,2
27636,3
188219,2
1021256,2
699192,3
1010950,2
998714,2
629720,2
434743,3
929352,1
483693,2
146831,2
419410,2
950141,3
453638,2
688532,2
127949,2
78544,2
364276,2
290555,2
73206,2
933069,2
467192,2
413237,2
192192,3
705420,2
160520,3
749813,2
924738,2
14671,2
1005210,2
80270,2
921579,3
811857,2
48192,3
684627,2
172008,2
506132,2
492313,2
29546,2
402303,2
525165,3
387684,1
991728,3
1051076,3
999158,3
295547,2
670549,2
530074,2
20521,2
686868,2
611253,1
78620,2
542064,3
981662,1
39285,2
303979,3
552924,2
803014,2
1021974,3
158632,2
908080,2
429939,2
455605,3
47905,2
633226,1
974388,2
898897,3
130811,2
736577,3
933771,2
676643,2
1026662,2
381208,2
414821,2
577520,2
380063,3
672773,2
404647,2
227639,2
84893,3
266142,3
135487,3
369625,2
303578,2
515054,3
127006,2
69893,3
199514,2
170589,2
807941,3
1020914,3
400056,2
542647,2
929361,3
271454,2
364732,2
511636,2
441637,2
633380,1
7594,2
572350,2
859501,2
687173,2
480278,2
767811,2
2660,2
966261,3
539171,2
160449,2
506161,2
784460,2
368244,2
569272,2
724076,3
207682,2
1049295,3
297111,2
302640,3
953160,3
668361,3
643396,2
834127,2
424672,2
63798,3
927651,2
932321,1
249334,2
504435,2
551646,2
981020,2
432027,3
963575,2
889623,3
789635,2
689223,2
724948,2
133566,2
945699,2
892729,3
823132,2
1030753,3
396716,2
942192,3
15846,2
538046,1
450654,2
348931,2
267477,2
340339,3
358740,2
354928,2
996877,1
549489,2
988181,3
535188,2
422326,2
920315,1
842355,2
914198,3
639633,3
821477,2
183789,2
635396,2
433354,2
279055,2
603954,2
87166,2
1001944,2
319083,2
2013,3
816162,2
720811,2
230279,2
300589,3
111581,2
50288,1
939015,2
56754,2
82981,2
867633,2
31141,2
410608,2
957725,2
580417,2
853042,2
947150,2
924055,2
333166,2
280840,2
501582,2
343094,2
66490,2
15129,2
1000188,3
351974,3
702464,3
283769,2
553018,3
799933,2
290546,2
120015,3
924305,3
588772,1
952530,2
252960,2
248813,2
898769,2
1028650,2
357121,2
124335,2
833932,2
98115,3
352744,2
772614,2
308228,2
235718,3
546839,2
783996,2
733180,2
377618,2
855147,2
161497,2
790702,2
86636,2
741446,2
134906,3
279975,1
2281,2
875743,2
99979,1
1047303,2
1036249,2
77707,2
781133,2
395011,2
482325,2
880225,2
722948,2
918261,2
813790,1
831046,2
871329,2
57298,2
162427,2
187066,2
533885,2
566007,2
694185,2
555628,2
836091,2
764355,3
830868,2
803250,2
116930,2
373990,3
77589,2
206387,2
319043,2
619715,2
710603,3
358993,2
476492,2
258143,2
299310,2
459195,2
884400,3
127250,2
892683,2
194810,2
913670,3
389379,2
486664,2
624911,3
404463,2
307375,2
632063,3
684603,2
300142,2
304315,2
247969,2
1000793,2
1040252,2
700948,2
901839,2
528929,3
976542,2
602929,2
723538,2
138081,2
571632,2
58928,2
770480,2
630060,2
470929,3
335024,2
585792,2
448585,2
107455,2
501452,2
962708,2
80771,2
946339,1
760743,2
1004189,2
373538,1
1023220,2
151091,2
521962,2
32003,2
730225,2
417393,2
50944,3
433365,2
289461,2
873966,3
738435,1
961725,2
425439,2
230270,2
1007012,3
945374,2
767864,2
278495,3
1049449,2
455061,2
352076,3
499443,2
121485,2
532219,2
115943,2
1013362,2
94365,2
610225,2
886580,2
412294,3
553147,2
914875,2
450956,2
1047256,2
734248,2
638121,2
125188,2
916284,2
1038534,3
852331,3
925600,1
377269,2
132272,3
498558,2
262294,1
1004471,2
1008929,2
34777,2
48833,2
947471,1
452651,2
296827,3
227129,2
1025336,2
140803,3
697573,2
891431,3
860798,1
25999,2
572871,2
63479,2
181131,2
519938,2
567122,3
9169,3
945486,2
71022,3
1022351,3
64247,3
359177,3
215111,2
64194,2
808264,2
176163,1
622707,3
881349,3
126135,2
37468,3
207734,3
752335,2
266957,2
50082,2
1028077,3
107468,2
90710,2
789133,2
306276,2
1006908,2
228040,2
240353,2
926,3
455755,3
59265,2
511146,3
70017,2
197186,2
818136,3
726401,3
98576,3
564520,2
459140,2
945137,2
57555,2
758045,2
769123,3
759819,3
785847,2
126716,2
90511,2
1007322,2
672480,2
572511,1
476188,3
10301,3
664912,2
123809,2
251540,2
250401,3
877892,2
450496,3
566712,2
1046607,2
436005,2
580374,3
222664,1
608763,3
652352,2
1012936,1
504848,3
642151,2
758737,2
928489,1
661293,1
558711,2
1019667,3
68097,2
181588,2
96385,2
211968,2
797233,2
1019116,1
333549,2
232211,2
50525,3
441127,1
536883,2
193627,2
780860,2
312298,2
322493,1
990864,2
332529,2
868126,3
989886,3
939659,2
12768,2
864160,2
674341,3
819067,3
583884,3
211971,3
93910,3
929866,1
248842,2
1028373,3
457352,3
16831,3
280305,2
270220,3
610893,1
143769,3
559718,2
426462,2
290581,2
40587,3
934115,2
962003,3
796692,2
650358,2
64825,2
195479,2
592396,2
630814,3
369131,3
864964,3
839264,2
683662,3
168503,2
686658,1
26783,1
94652,2
136993,2
606985,2
802266,2
769071,2
827471,3
916442,2
887610,2
247263,2
786280,1
253220,1
632506,1
964960,2
228331,2
883400,2
866470,2
745050,3
476173,2
979448,2
794952,2
861406,2
885084,2
632019,2
932290,3
896882,2
1046267,3
31556,3
158831,2
937985,2
124645,2
516973,2
674144,2
834328,2
544775,2
191548,1
281723,2
165902,3
742285,3
399220,2
337516,2
855642,2
855275,2
600401,1
799706,3
153592,2
633981,2
972195,2
8798,2
888806,2
599430,3
462170,2
285137,3
689263,2
86923,2
221781,2
768781,2
894185,2
408384,3
682503,3
727783,2
637518,2
256107,2
451279,2
121130,2
830585,2
74466,3
853961,2
3576,2
9487,2
980635,3
551250,2
390556,2
845802,3
357830,3
551357,2
968586,2
557397,3
1020310,2
54791,2
850014,3
103146,3
916510,2
409350,2
905441,3
185149,2
50266,2
578986,3
648991,2
41031,2
200899,3
602158,1
283670,2
804434,3
1035778,2
67631,3
170125,2
965071,2
812440,1
118932,1
499026,2
187076,3
39321,2
887467,3
14212,3
461932,2
949250,2
992582,3
464635,2
27530,2
504746,3
383184,3
831674,2
169651,3
708074,2
916344,3
777947,2
151623,2
242801,2
647029,2
429268,2
928533,2
269996,2
139785,2
206940,3
89914,2
489910,2
306063,1
348258,2
1032880,2
1036003,3
32592,2
393899,3
663201,3
798078,3
565159,2
239007,3
195163,2
443942,2
873094,2
970143,2
220408,2
985753,2
821490,2
642733,3
656729,2
701597,2
881823,3
484466,2
438707,2
466477,2
408819,3
555262,3
1038082,2
603851,3
645108,3
143220,2
868203,2
272783,2
80133,3
679479,2
367206,2
145391,2
989427,2
566426,2
579042,3
850805,2
937597,2
336657,3
463537,2
450660,2
660240,2
843214,2
392429,3
415733,2
747544,1
221181,2
284323,2
778513,2
684237,1
804823,2
693452,2
45928,2
84218,2
542605,2
204449,2
669581,2
130726,2
1008931,3
353748,3
789433,2
173789,2
185069,2
801888,2
911483,2
703922,1
227846,3
804595,3
470709,3
31541,2
689963,2
214295,3
744615,3
786970,2
1038046,2
246261,2
776167,2
624288,1
901588,3
221294,2
896700,2
72338,3
205863,3
168664,2
877015,2
562736,2
365367,2
577029,2
201654,2
768176,2
681048,2
901537,2
89221,3
551474,2
225587,2
818544,3
445257,3
117425,3
742193,2
830462,2
584412,2
455712,2
909659,3
119855,2
664816,3
998673,2
284263,1
614297,1
956394,2
288986,3
436810,2
904411,2
68569,2
147440,1
919692,2
233820,2
155793,2
250330,2
55022,2
1032466,2
404425,1
336290,2
652944,3
965969,1
86534,3
1019674,2
89063,2
689050,2
528490,2
215248,2
968069,3
161687,2
35810,1
944753,2
160614,2
773844,2
245946,1
8656,2
164819,2
418424,2
341049,3
308819,2
709089,1
1039938,3
859436,2
438759,2
944585,2
487160,2
836053,3
711693,3
947941,2
7181,2
257034,2
692792,2
331136,2
314637,2
542077,2
212442,2
380827,2
529096,2
815075,2
690907,3
153191,2
278806,3
919863,3
350037,2
694878,3
771611,2
646793,3
973595,2
963445,3
961573,2
746867,1
987133,1
760322,1
434727,3
191607,2
479060,2
386968,3
200709,2
837909,2
337479,1
14391,2
397438,3
804166,3
357705,3
1002999,1
696290,2
1033423,1
969352,3
485679,2
320149,3
336530,2
978945,2
994144,3
477783,2
314245,2
216448,2
487492,2
78291,3
327488,2
520770,2
455603,2
569384,3
749129,3
336185,2
806734,2
902340,3
565625,2
178239,2
348508,2
275543,3
942672,2
438343,2
31683,3
919948,3
164570,2
121380,2
961329,2
50833,2
213370,3
596510,2
986752,2
537006,2
235694,1
272965,1
863540,2
167760,2
640982,3
63800,2
792987,2
700211,2
521830,3
807056,2
318447,2
500969,3
801154,3
288307,2
395732,1
803241,2
913081,2
328700,1
271549,2
1017501,1
428933,2
811450,2
314111,2
533935,2
164797,2
1022238,2
1049554,1
923363,2
733308,1
733212,2
593497,2
1026751,2
271311,2
800090,1
280349,3
250728,2
967238,3
410547,2
879961,2
215591,1
225722,2
718714,3
695681,3
584366,3
836751,2
490734,2
251624,2
1047891,3
554836,2
1017936,2
74718,3
716111,2
418271,2
189532,2
914920,3
8044,2
697735,2
530417,2
730511,2
784979,3
760180,2
552721,3
249608,3
818704,2
877387,2
711356,3
711238,2
390532,2
534805,2
114517,2
453840,2
978321,2
135896,2
447412,2
1011203,2
817499,3
722747,2
126028,3
405534,3
158847,3
788579,2
479471,3
168923,2
490108,2
716212,2
693205,2
855449,3
912229,3
903206,2
453879,3
542874,3
684305,2
12635,3
978959,3
123589,2
756524,3
495061,3
224484,1
277750,3
941504,2
994503,2
229289,2
293760,2
679382,2
620245,2
375610,2
950716,2
170212,2
350624,3
60035,2
955939,2
934693,3
793485,1
792945,1
758063,2
751044,2
770098,3
1011779,2
692538,2
333507,2
677938,2
401988,2
882834,2
795016,2
162068,2
276824,2
384706,2
143481,2
89557,2
240731,2
909763,3
905909,2
987319,2
603966,2
651075,3
312222,2
19910,1
720370,2
818453,2
379242,3
1044965,2
678018,3
876606,3
225158,2
13421,2
2127,3
881068,3
578420,2
549555,2
778987,2
597118,2
973702,1
445379,3
824363,2
347434,2
793782,2
336977,2
199599,3
971682,2
1039713,2
521617,2
2631,2
614897,2
160577,3
214183,2
118148,1
304419,3
348628,3
896670,3
646891,2
583725,3
702350,2
133792,3
408882,3
261202,3
153276,2
193163,2
772361,2
59002,3
1031268,2
756788,2
133024,2
867472,2
405651,2
46827,2
438069,2
110353,2
501967,2
880150,2
593369,3
279011,2
62221,2
993843,2
278520,3
735868,2
173769,3
767761,3
926787,2
1034381,2
631497,2
717436,2
134601,2
528645,1
683991,3
90981,3
316964,2
949415,2
252269,2
537987,2
1021753,3
65354,1
834618,2
417011,3
896433,3
821271,2
282337,3
894905,2
1013139,2
856415,3
108172,2
1036952,3
1039978,2
150664,2
302829,3
953128,2
367198,2
947306,1
520758,2
157148,2
78730,2
907051,3
483811,2
518699,3
450031,3
151531,2
497359,3
877754,1
407447,2
270105,1
530281,2
132189,3
944722,3
451152,2
1046671,1
913974,2
837482,3
461983,1
934802,2
598456,2
132954,3
84031,2
526909,3
305098,2
690181,3
367906,2
845691,2
696543,3
470886,2
859051,2
363708,1
307570,3
523336,2
948673,2
573243,1
904276,2
329387,2
398686,3
630673,2
902876,2
399524,3
603009,3
636206,3
59088,2
821739,3
427280,2
868576,2
47737,2
556641,2
909598,3
468330,1
1025716,3
751486,2
318490,2
262944,2
861554,2
627029,2
706070,3
253550,2
323742,2
336875,2
700783,2
274276,2
981778,2
217202,2
85326,2
171777,2
716604,2
739074,2
606355,3
987731,2
665220,3
522848,2
949509,2
387280,2
938216,2
49463,3
577284,2
660170,2
749056,3
101449,2
748264,2
775744,2
469115,2
675899,2
556219,2
986955,2
982852,2
593164,2
503528,2
1052305,2
634691,3
1028187,2
1901,2
98771,2
237285,3
582163,2
589752,2
42017,3
132940,3
146348,1
619793,2
381212,2
121915,2
618651,2
707474,2
161346,2
887303,3
668437,1
731228,2
749360,2
34957,3
535237,2
278310,3
701138,2
564351,2
92697,3
701984,2
487636,1
755681,3
923724,2
489124,3
626269,2
591005,3
299086,3
281060,1
686979,2
918101,2
386910,2
896800,2
900923,2
785721,2
239777,2
298563,3
1040981,2
523455,3
712816,2
848844,2
846195,2
367538,2
1010625,1
297393,3
331847,2
995574,3
389986,2
119508,2
866671,2
185595,2
648605,3
255191,2
477535,2
655463,1
65444,1
634955,3
535799,2
476374,2
949376,3
277839,1
986330,2
161834,2
869343,2
903142,2
338509,2
790400,2
93227,2
392363,3
788228,2
820963,2
91506,2
824098,2
85039,2
530021,1
509069,3
700409,3
826957,3
6257,2
796767,3
920835,2
105367,3
918815,3
320148,2
878152,2
51233,3
377110,2
918854,3
410539,3
927345,2
178980,2
1037889,2
271120,2
733025,2
588141,2
897239,2
55769,2
256956,3
1002362,2
717835,2
334570,2
725006,2
1001835,2
584678,2
665434,2
705286,2
576465,2
915445,2
787205,2
572807,2
222484,1
635827,2
798782,2
383174,1
377026,2
99613,2
448608,1
539901,3
852099,2
699669,3
578116,2
192742,2
1022037,2
35213,2
162847,2
851845,2
367229,2
479910,1
689220,1
207775,2
6278,2
617515,2
162707,2
612184,2
306883,3
699427,3
613504,3
829094,2
1040068,2
231201,3
628973,2
740315,2
225844,3
350349,3
836603,3
263507,1
488376,3
735617,2
401723,3
47885,3
355046,2
669216,2
805008,2
792293,2
379989,2
398681,3
672613,2
838789,2
720367,2
981436,2
593306,2
378023,2
463929,2
566377,2
630676,2
780178,2
740912,2
86886,3
316484,2
629212,2
726416,2
457844,3
134039,3
851269,2
495352,3
150979,3
299533,2
378284,3
756508,2
334024,2
905318,2
487894,2
647282,2
65593,1
850731,3
374226,3
980454,3
925434,2
454298,1
547495,2
156695,2
73839,2
293080,2
877702,2
499769,2
635026,2
714745,2
64935,3
72151,2
922615,3
85053,2
743475,2
25229,3
578013,1
154590,2
60925,3
63337,2
73478,1
994994,3
10217,2
165933,2
273455,2
946398,2
494646,3
949990,3
867692,2
890616,2
20078,2
498500,3
937419,3
1008898,2
501970,3
475708,2
71248,2
469187,1
612662,3
984845,3
241538,2
535432,2
454608,2
849908,2
306055,2
116224,2
237657,2
110738,2
101761,2
261767,2
509201,3
494898,2
445919,3
123776,2
457934,2
305315,2
48490,2
458345,2
383598,2
980900,3
34012,2
107086,2
185329,2
389201,3
997844,2
14449,2
147678,2
735778,2
430106,2
560373,2
170959,2
657766,2
424765,2
988717,3
570392,2
835385,2
287538,2
437582,2
258951,2
168480,3
761170,3
1028988,1
152231,3
469716,2
1017483,3
519324,2
737515,2
562035,2
644368,2
438128,3
154427,3
373945,2
354023,2
837480,2
563517,2
1052468,3
511713,2
600848,2
638525,2
776865,3
463443,2
1050788,2
774692,2
464384,2
512253,2
505730,3
768847,2
930339,2
356066,1
714897,2
884091,2
135195,3
426218,3
736323,3
395998,3
196362,2
678853,3
680168,3
295804,3
165864,3
777364,2
544008,2
538352,1
769047,3
43457,2
264389,3
230349,2
687439,3
426343,3
270097,2
282551,2
891336,3
738455,3
1008356,1
426988,3
286812,2
653808,2
983394,3
988332,3
1030401,2
820753,2
447000,2
245937,1
754091,3
722215,2
522937,2
286303,2
494478,2
708739,2
72387,2
402236,3
656646,3
208700,1
883560,2
1044748,2
835663,2
197612,3
794709,2
85882,2
866141,3
536921,2
563059,2
1025504,1
38180,2
790855,2
252435,3
296209,1
275280,2
79251,2
410018,2
1049457,2
492407,2
466493,2
743662,2
314296,3
265605,3
779778,2
866539,3
416738,2
823052,3
31941,2
206056,2
678479,2
661153,3
339873,2
5651,2
954657,2
903214,1
223386,3
461311,2
396192,2
853934,3
462739,2
572746,3
622815,2
75350,2
665781,2
715521,3
733230,3
974759,3
958892,1
614472,3
168982,2
475696,2
1027482,2
265105,2
653119,2
950634,2
338212,3
947438,2
465792,3
422749,1
480447,2
959383,3
161971,3
962341,1
559583,2
418124,1
569391,2
644099,2
69094,2
533146,3
914045,2
358746,3
18043,2
405276,2
605632,2
47672,3
464002,1
910669,2
1036782,3
824672,2
279654,3
622897,2
495789,2
559835,2
992217,2
483876,3
135847,3
781311,2
516107,2
820546,1
116156,2
371448,3
647285,2
203963,2
578137,2
950320,2
106773,2
917966,2
895547,3
868250,2
531542,3
134687,2
403629,2
141224,2
306188,2
315332,3
485211,3
127171,2
54313,1
660354,1
132332,2
308921,2
9594,2
781229,3
750010,2
367363,2
358307,2
287318,3
921357,2
887972,2
178581,2
585071,2
493450,2
1020074,2
885549,2
37106,3
50016,2
208445,2
306567,2
92104,3
299425,2
313614,3
674726,2
210150,2
473349,2
699030,2
1049406,2
878035,3
883004,2
729236,2
301094,2
128540,2
666492,2
197581,3
591197,2
732558,1
134977,3
845391,2
25851,2
816360,3
553643,3
112739,2
236823,2
342598,2
95349,3
613055,2
99191,3
661425,3
706429,2
404822,3
813958,1
611521,2
892140,2
668110,2
667838,2
576103,2
141785,2
646912,2
754861,3
140624,2
548862,3
233791,2
799047,2
806681,2
115406,2
11694,3
931327,2
640579,3
530570,2
1013204,2
359464,2
322976,3
9160,3
703569,2
659675,2
496223,2
340594,2
214615,2
694570,2
673050,2
939236,3
751364,3
458892,2
980442,2
48145,2
291699,2
317747,3
485125,2
524935,2
919838,2
712712,2
385730,3
413871,3
671250,2
549108,1
1001792,3
816895,2
742392,3
211328,3
817216,2
925322,2
912652,2
981206,3
832956,2
818696,3
592722,3
240473,2
167845,3
869179,3
88780,2
489334,2
587860,2
726556,1
844143,2
124811,2
474410,2
479690,3
433183,2
679490,2
581773,2
783679,2
717244,2
143072,3
586469,2
143599,2
323222,2
949139,2
173938,2
550640,2
525495,2
770335,2
668823,2
210107,2
29487,3
705024,2
482772,2
928371,2
788637,2
118584,3
114212,2
771483,2
67591,2
727850,1
285902,2
948186,2
101977,2
38977,1
171827,2
381614,3
12738,2
64130,2
813438,2
67622,2
482465,2
481629,2
247733,2
49819,3
513023,2
31890,3
233259,3
722743,2
345313,2
995548,2
363629,2
790825,2
57547,1
37205,1
851528,3
639270,2
228239,2
671774,1
92077,2
828524,3
283789,2
89858,2
976434,2
265342,3
831940,2
662668,3
981629,3
177494,2
357150,2
851158,2
1003847,2
185680,3
288294,2
449895,1
281880,2
223919,1
396078,2
458804,2
628600,2
988978,3
826025,3
522909,2
1017430,2
77340,2
1050127,3
449484,2
679484,3
888621,2
313764,2
36999,1
151342,3
923965,2
301695,2
992776,3
796947,2
544472,3
903040,2
184793,1
1023345,2
314184,3
101683,2
256309,3
758899,1
224751,3
768516,3
668265,2
752452,3
591296,3
919663,2
893996,2
509471,3
1008147,2
517423,2
636921,2
444873,1
903723,2
748842,3
1000191,2
468799,3
707716,1
195887,2
349194,3
265785,2
158544,2
356680,2
510033,2
782143,3
948931,2
886735,2
619575,3
49452,3
434583,3
1043446,2
78625,2
389720,2
842048,3
447328,2
85262,2
302851,3
668497,1
914966,3
535922,1
627594,2
657851,3
167062,2
903826,3
827997,2
916680,2
145613,2
441657,3
437143,2
550994,2
597339,3
715766,1
450171,2
244860,2
200650,3
864009,2
355223,1
882750,2
386166,3
557584,2
401529,3
963530,3
775144,2
75490,2
877886,1
452586,2
429131,3
388706,2
805020,3
294824,3
415717,2
737765,2
1033556,3
201645,2
97356,1
342389,3
694412,2
380846,3
134350,3
755167,2
730031,2
389338,2
713915,3
370171,2
642590,2
254693,2
704359,3
426429,2
775325,3
407176,2
136423,1
423022,2
189950,3
55269,2
58747,2
883598,3
574616,3
473370,2
841779,2
869570,2
792392,3
722900,3
1015151,2
316361,2
291086,2
506273,2
61758,2
151485,3
76990,1
1016599,3
310857,3
907633,2
855375,3
302223,2
428534,1
482964,2
350647,2
792250,2
938715,3
963665,3
502114,2
785649,1
154754,2
587138,2
477404,2
602362,2
936687,2
907181,2
585620,3
21765,2
772875,3
106514,3
118938,3
17158,3
983320,2
942546,2
286537,2
1050885,2
439072,2
136710,2
60144,2
349151,3
554414,3
856265,3
885587,1
526017,3
903545,3
880748,2
145788,3
231249,3
701092,2
239369,2
564579,2
691570,2
93814,2
223207,3
554326,3
695793,3
582938,2
611313,3
652124,3
163056,2
110192,2
103431,2
364257,1
474143,1
12290,2
128724,2
50126,1
647903,3
100174,2
66116,3
815342,3
1014755,3
633121,2
10969,2
572967,2
403214,3
126297,3
437584,2
946918,2
98601,2
1028004,2
708903,3
412515,3
66788,1
57780,2
252906,2
339060,1
4193,2
143007,2
738165,2
145646,2
649301,2
706631,2
93391,2
983094,2
922061,2
410616,2
13030,3
276630,2
179992,2
73198,2
543494,3
1042251,3
866637,2
326492,2
507509,2
525866,2
937959,1
905665,3
930294,2
366202,2
1022951,2
550418,2
674183,2
713542,2
656720,2
30855,3
654218,2
570354,1
871998,2
458140,2
846076,2
858227,2
879331,2
166014,2
301109,2
57382,3
835193,2
637209,2
666052,3
345209,2
808728,2
844029,2
927175,2
812282,3
365307,2
904269,2
970268,1
632065,2
922421,2
128595,2
200302,3
696241,3
161955,2
402566,3
943411,1
107028,3
711943,2
544291,3
176090,3
244044,3
813187,2
895947,2
490399,2
567374,2
248296,3
1044405,3
1006234,3
477813,2
538490,2
360107,2
802429,2
185548,2
252046,2
464487,3
1004353,2
799242,2
356396,3
443499,2
797189,2
888051,2
587273,1
649147,3
979356,3
531779,2
417124,3
388885,2
401267,3
972181,3
283258,3
234937,2
780300,3
663270,3
880591,2
127934,2
509448,2
702516,2
795553,2
161638,3
298696,1
407262,2
877113,2
155696,3
850019,2
700439,2
999735,2
12519,3
663969,2
531120,2
951442,2
362715,2
112918,2
685557,3
216472,2
649599,3
230246,2
315507,2
737904,3
618110,2
900904,2
722116,2
428027,3
954755,2
140413,2
410276,2
562318,1
455223,2
239771,2
282965,3
143794,2
908605,2
762153,1
143352,2
378924,2
583682,2
91692,2
327765,2
150994,2
156036,2
417205,2
167739,2
163144,3
1025677,3
28542,2
456649,1
678202,2
691015,2
295087,3
12460,2
918962,2
693958,3
398819,1
508658,2
697921,2
563606,3
872852,2
720561,2
309692,2
555993,2
802848,3
632345,2
373935,3
1026939,2
195358,2
433663,2
434197,3
688812,2
353656,2
909429,2
203041,3
146534,2
638063,3
335648,2
396878,3
960638,1
141035,2
991943,3
118933,2
572235,2
1029730,2
658144,2
332514,3
1046578,2
667451,2
701763,2
390994,2
644361,2
509058,2
454312,2
588377,2
724002,3
219966,2
21330,3
516581,2
471196,2
611051,2
157735,1
938227,2
204377,2
842201,2
980656,2
598707,2
10513,3
865738,3
204118,3
361524,2
632140,1
884741,2
583255,3
1039605,3
550460,2
630178,2
902293,1
537042,2
327652,2
522657,3
624160,3
439968,1
105154,2
606089,2
976079,1
999060,3
812390,2
428123,3
34010,2
477571,2
407449,3
838475,2
623546,2
1003042,2
132482,1
597469,2
720313,2
169459,2
403430,2
219325,2
708333,1
706259,2
170900,3
433944,2
47561,2
679446,2
622666,3
810829,2
22317,2
79458,1
672089,3
1049708,3
244495,2
101900,2
210094,3
195824,1
947083,3
279841,1
41439,2
381461,2
557410,2
749101,2
715651,3
775359,2
1008920,2
775251,2
132719,3
400031,2
732205,2
556381,2
175475,1
117772,2
575761,2
917831,3
35920,1
15957,2
612071,2
204196,2
594070,2
534972,2
601816,2
497049,2
802404,2
301864,3
435221,2
302170,3
882805,2
709736,2
204399,2
825776,2
700968,2
750821,2
647307,2
674663,2
624100,2
498681,3
483482,2
1048989,3
253197,2
421757,3
579704,2
670359,2
350192,3
63093,2
1045277,3
937304,3
960855,2
667644,3
922609,3
121127,3
139038,2
757275,2
785067,2
878146,2
991934,2
295024,2
443360,3
314264,2
1018012,1
903970,2
492319,2
969444,3
482542,2
733680,3
119174,3
230103,3
642823,3
1042911,3
151296,2
889169,2
135490,3
957131,2
93401,2
74769,3
117572,3
845467,3
905400,2
228862,2
308492,2
412495,2
259415,2
667686,2
831532,2
70451,2
534531,3
194489,3
940706,2
823719,3
897631,2
812532,2
414947,2
362083,2
571510,3
456485,2
666783,1
232743,3
431944,2
142388,2
165950,2
1014363,2
257305,3
477270,3
50728,2
153395,2
287821,2
695528,2
808061,2
772978,2
66251,2
380933,2
863415,3
386748,2
893762,2
250800,2
474970,2
964000,2
216204,1
324912,2
817550,2
979882,2
980714,3
239787,2
467958,2
965111,2
768121,3
381068,3
793787,2
622889,2
712738,2
993432,1
847848,2
939196,3
410331,3
806833,3
325303,3
51741,2
598046,2
120629,1
309463,2
370042,2
1037358,2
21779,3
824170,2
342278,3
515496,2
657435,2
19282,2
414671,1
941783,2
192392,2
378950,3
298104,1
975478,3
773241,2
1017191,2
199390,2
35252,3
676560,2
81639,3
728507,2
445058,2
803938,3
15521,3
249887,2
856607,3
974187,3
177667,2
990281,2
857446,2
223434,2
455858,2
96598,3
791863,2
308935,1
676284,2
234755,2
620106,3
1005658,2
622808,3
832897,3
768510,3
822100,2
1018169,3
291882,1
461709,3
173214,3
888147,2
103501,2
880026,2
372362,3
642996,2
771328,3
44375,2
94834,3
173532,1
98623,2
67989,2
750416,2
37859,3
246993,2
149341,3
344341,3
291597,3
735308,3
970004,2
970346,1
224460,3
136353,2
741100,3
231056,1
272590,2
706360,2
204642,2
350120,2
1001293,2
967278,2
623556,3
725252,1
238650,2
179451,3
616990,2
140604,3
910585,3
399042,2
932963,3
7043,2
84808,2
108276,2
886332,2
1012846,2
369865,2
406228,2
102886,2
261666,2
688131,2
412212,1
431601,2
877982,2
916287,2
77550,2
514621,1
369022,2
870299,2
458146,2
975728,2
356579,2
515709,1
1036057,2
416777,2
658786,2
151887,2
724464,3
280060,2
1048985,3
120428,2
377756,3
795483,2
122641,2
955472,3
902834,1
972339,2
363432,3
1042327,2
15411,3
168275,3
980000,3
606934,2
390458,3
792076,2
233717,2
398702,2
847452,2
275190,2
54086,2
369485,3
167005,2
145550,3
140846,3
518028,2
1029314,3
166714,3
501427,2
796235,2
470775,3
261145,2
155015,2
327786,2
283803,2
225875,2
953536,3
506625,3
694712,3
680625,3
304679,3
544883,3
395550,3
275696,2
539379,2
202039,2
252491,2
504640,2
897829,3
861518,2
535190,2
983139,2
905955,3
669730,2
140153,2
231983,3
98658,2
903791,3
397071,3
107271,3
93864,2
679000,2
948733,2
154201,2
383226,2
758395,2
287814,2
200411,3
194838,2
870199,2
538764,2
804602,1
328797,3
801052,2
229659,2
446488,2
253966,2
575022,2
646925,2
231170,2
190256,2
408480,2
1035084,2
706503,3
210730,1
506452,3
802411,1
420933,3
580977,2
912588,2
810405,2
811954,2
708924,3
540559,2
417394,2
344955,1
926071,2
589462,2
131474,3
623315,2
986484,2
392562,2
648375,3
564117,3
597818,2
648684,3
486382,2
1020485,2
830692,2
732013,3
350147,2
446328,2
520140,3
626335,2
288070,2
801397,3
738350,2
859884,3
665945,2
186133,1
101707,2
840964,2
202500,2
418078,1
798686,2
47219,3
27449,3
231351,3
690385,2
753064,3
901283,3
585161,2
934898,2
1022326,2
770395,3
52731,2
880192,1
511119,3
505908,1
951254,3
671669,2
928132,3
538841,2
373331,2
61439,2
567182,3
420057,3
536269,3
990191,2
959525,2
59286,2
976617,2
862355,2
663684,2
94704,2
604298,3
871848,2
50862,2
765772,3
784976,3
280887,2
981485,2
810458,2
417496,2
945184,2
744792,2
60629,2
18538,2
789677,2
977797,2
423804,2
980278,1
932227,2
542480,1
327636,2
880489,3
81930,2
728648,2
927552,3
394703,2
281062,2
967803,2
749051,3
77345,3
345693,2
365795,2
432576,2
874961,3
166079,3
930652,3
277237,2
394303,2
578516,2
1024165,1
529212,2
138953,2
498386,3
959096,2
466022,3
222853,2
959369,3
962477,2
970676,2
793813,3
663847,3
522726,2
637892,2
341242,2
595874,2
869569,2
39820,2
898005,2
120860,2
588674,3
70845,2
905627,2
1022191,3
511891,2
864388,2
57717,2
801144,2
813762,2
45146,3
468253,3
940810,3
910514,2
208172,2
1038387,2
1000401,2
378661,2
537782,3
101358,3
279479,3
40601,2
340064,2
1025788,2
837348,2
389880,2
179690,2
767131,2
598119,3
556553,3
707097,3
591933,2
772653,3
96205,2
106576,3
285884,2
188904,3
62634,3
324049,2
183728,3
713007,2
479868,2
451640,2
363335,3
106348,2
879652,2
215401,2
39463,3
432597,2
362019,2
359087,2
807959,3
894272,3
231051,2
5596,2
430036,3
439279,2
20797,3
213247,1
462286,3
74084,2
78464,3
903816,2
811946,2
161292,3
162745,2
193010,2
352326,2
507568,3
577291,3
601269,2
515370,2
933153,3
22391,3
695135,3
699887,3
474690,3
1028183,1
464821,2
977059,2
199613,1
67968,3
540837,2
620658,2
636247,2
255681,2
28503,2
448324,3
544214,2
366826,1
146508,2
845352,2
804834,3
568734,1
596159,3
212934,2
429083,2
992232,2
257131,2
603946,2
1016828,2
361705,2
153301,2
599534,1
738862,2
867731,3
387316,2
357888,2
447521,2
130319,2
318485,2
454885,2
762102,1
659789,3
1051467,2
1038911,2
1012926,2
880700,2
568037,2
468349,2
573991,3
616948,3
589113,3
164814,2
248111,2
816581,2
782363,2
658945,2
185574,2
723399,2
362575,2
939408,3
877679,2
614773,2
1034022,2
510760,3
869307,2
409912,2
261863,2
126278,2
224675,2
590583,2
969250,2
800472,3
898963,1
718719,2
382790,2
294714,2
285429,2
450236,2
648999,3
361800,2
340648,3
787708,2
813770,2
377563,1
88916,2
299044,2
355470,3
1041356,2
717758,3
530239,2
132366,2
143624,2
970431,3
210231,2
571992,2
311264,1
366798,2
1007934,2
237410,3
717609,1
442738,1
147226,2
90119,3
137082,3
255821,3
987066,2
160956,2
977592,2
286761,2
845920,2
1035223,2
41979,3
217453,3
615457,2
650360,2
716211,2
893378,3
633864,3
621854,2
444975,1
340983,2
776404,2
774684,2
69978,3
671346,2
578542,3
305555,3
532558,2
112373,2
501385,3
822030,2
917468,3
530737,2
648634,2
706449,3
64571,2
641256,3
800670,2
1031715,3
411531,3
944234,2
114586,2
779659,3
579279,2
517287,2
166633,2
387609,1
568698,2
686509,2
5000,3
97651,3
889443,2
640862,2
348799,2
491775,3
436295,3
658524,3
983893,1
766896,2
146918,3
58345,2
24909,3
63169,2
161526,2
426035,3
543056,3
765228,2
432816,2
542252,2
114023,2
633718,3
330627,2
29076,1
964497,2
619582,2
600713,2
755564,3
565240,2
210551,2
968374,2
193965,2
931010,2
336953,2
906843,2
84587,3
2265,2
463785,2
1012087,2
720381,2
658638,3
630848,2
642713,2
539441,2
863866,2
1002608,2
640366,2
1179,3
1038469,2
954294,2
98445,3
1021842,2
172798,2
779895,3
820605,1
1017112,3
290300,3
740331,2
353998,2
294604,1
776542,3
34433,2
1018848,2
186545,2
756761,2
673100,2
911912,3
311000,2
346233,3
97532,2
1032193,3
580003,3
740480,2
634809,3
43969,2
307208,3
30495,3
81541,2
803586,3
235867,2
865906,2
312130,2
639491,2
169223,2
266345,2
681053,2
43006,2
36200,2
940433,2
1030958,2
773987,2
38540,2
865062,2
839169,2
35776,3
764378,3
737733,2
1036551,1
681655,2
882300,2
557369,2
322039,2
302654,2
716085,2
207887,3
775719,2
430217,2
203349,2
517670,2
375266,3
920617,1
1021428,2
449639,3
293039,1
851757,2
529486,2
976961,2
964392,2
815109,2
614967,2
71738,2
639240,2
132813,3
888172,2
300201,2
49473,2
540867,2
143143,2
1030265,2
1008679,2
122383,2
1043714,3
668678,2
854640,2
299511,2
24089,2
865279,3
223415,3
1012436,3
249594,2
766649,2
899286,3
616805,1
891775,2
1020359,3
861100,2
578061,3
397115,3
1026536,2
232274,3
728164,3
944205,2
493175,2
507449,3
278224,3
139054,2
921851,1
601144,2
141130,2
953453,2
74102,2
859231,2
248614,3
386070,3
617685,2
700093,2
372303,2
752923,2
825333,2
179787,2
141742,1
237113,2
1020540,3
85047,3
516911,3
245201,2
756322,2
256653,1
408368,3
805084,3
248971,2
751122,2
32272,3
910181,3
320205,3
949012,2
952448,1
431338,2
342451,2
1014216,3
528326,2
734001,2
25965,2
613756,2
160895,2
135253,2
933075,2
314640,3
534466,2
715718,2
820925,2
400832,2
479799,2
233835,2
411725,2
645996,2
480775,1
987991,3
1042662,3
1014552,1
699348,3
110572,2
644430,2
309313,2
295519,2
175869,2
960730,2
918789,3
252146,2
780441,2
318907,3
636306,2
381653,2
500342,1
312276,2
378118,2
901538,2
385995,1
351502,3
674096,1
881192,2
567597,2
785213,2
536264,2
320772,2
844743,3
835579,2
122944,2
649169,3
725277,1
714418,2
995969,1
827233,2
408432,3
245284,3
83702,2
107392,3
905200,2
513080,3
65724,2
48338,2
753057,2
422478,2
621870,2
428914,2
998149,2
628943,3
186749,2
770308,2
306211,3
524802,2
1026809,2
639324,3
829310,3
568211,2
493422,3
599950,2
916381,3
797884,2
756494,1
425488,3
701407,2
929501,2
470698,2
518192,2
783184,2
100867,2
213565,2
907813,2
1711,2
328786,2
180929,2
114964,3
399728,2
580766,3
129327,3
174216,2
995897,3
888908,2
296375,2
550283,2
574398,2
245158,3
494645,3
414920,2
116505,2
970556,2
498318,2
377507,2
989853,2
474959,2
566033,2
713059,2
763196,1
527251,2
286100,2
660593,2
776942,2
156258,2
500384,1
601884,2
310666,3
98921,2
980341,2
1035998,1
330655,2
837899,3
231735,2
675179,3
171927,2
336964,2
18357,3
359336,2
618892,2
367192,2
1027075,3
67331,2
43961,2
66076,3
219748,2
718862,2
796926,3
1001296,2
905592,3
790009,2
702600,1
542244,3
317767,2
719991,3
743040,2
176643,2
86371,2
504286,2
166447,2
480409,1
463893,1
977744,3
255487,2
757907,2
916101,2
951014,2
666515,2
760542,3
147199,2
696649,3
666474,1
155267,3
553162,3
239044,1
741920,3
548148,3
2219,3
717229,2
798970,2
852470,3
770422,2
326567,1
77197,3
891354,3
404150,3
810053,3
929799,2
645467,2
788370,2
498343,2
173540,3
17720,3
211887,2
75881,2
120554,2
202171,3
91060,2
307015,2
426747,2
1034750,2
492280,2
302026,2
526602,3
493990,2
28695,2
33164,3
79299,2
763686,2
357299,2
911803,2
80310,2
748246,2
431826,2
585213,2
232773,2
640770,1
1052498,3
491237,2
764347,2
56089,2
218244,3
779995,3
976624,2
611001,2
526726,2
35554,2
1038747,2
645852,3
854875,3
238140,2
455813,2
360262,2
899282,3
598010,2
189008,2
631947,3
1010779,2
788080,2
8744,2
284146,2
536724,3
374688,2
338746,2
644379,2
125104,2
187052,2
589134,2
844749,2
347766,2
153256,3
710555,2
444447,2
793305,2
411778,2
181856,2
975667,2
604151,2
374358,2
531212,3
393912,3
331250,2
1042759,2
25937,3
350429,3
539785,2
557761,2
159768,2
845547,3
626818,2
417519,3
841446,3
379396,2
363423,2
394375,2
93724,2
635949,2
225774,1
180610,2
541079,2
924969,2
574583,3
551566,2
635458,1
379867,2
501003,2
65502,2
185141,2
713181,3
503067,2
77021,2
107635,3
737629,1
221595,2
6798,3
477895,2
1028865,2
540441,1
628305,2
653520,3
855217,3
395088,2
579060,2
1022752,1
701272,2
137062,2
617509,2
955427,2
646212,1
383332,2
63699,2
310939,2
952424,3
112493,2
286679,2
856132,3
389027,2
273729,2
621890,3
969762,2
389628,2
204554,2
923989,2
891302,2
842480,2
1027181,2
142676,2
413878,2
497061,2
532323,3
309765,3
968357,3
217941,2
792176,2
822830,2
611764,2
567241,3
653726,2
224441,3
366619,2
119806,1
774402,2
934621,2
442855,2
702141,1
400158,3
845520,2
89149,3
518449,2
332042,2
129123,3
209739,3
411409,2
664398,2
171024,2
328621,3
694474,3
534567,2
1009753,3
133193,2
211756,2
764766,2
765054,2
387260,2
187126,2
502079,2
63978,2
662544,2
465392,2
750198,3
36631,2
936130,2
38912,2
147472,2
674377,2
340769,1
793250,2
680115,3
503933,2
317783,2
192428,2
746570,2
536431,2
487079,2
555723,2
200206,2
728829,3
168676,2
749377,2
419744,2
677413,3
1026890,2
118647,3
699804,3
676829,3
239333,2
1042901,2
31772,3
167700,2
771666,2
508412,2
166141,3
512698,3
290855,3
516933,3
896442,2
978409,3
580080,2
9137,2
208593,1
348245,2
842587,1
1030458,2
887128,2
731251,3
493096,2
896047,2
89313,2
670697,3
60915,2
143822,2
413573,2
195483,2
492766,2
781570,2
102074,2
478008,2
434726,2
504364,2
124330,2
364504,2
51621,2
349496,3
328485,2
44722,2
1015861,2
489191,1
286142,2
465151,2
551498,2
376747,3
943445,2
73665,1
43063,3
555168,2
188857,3
228780,2
618712,3
908046,2
1033703,1
806224,3
229311,2
1031572,2
954792,3
141811,3
78220,2
95588,3
859755,3
750574,3
922068,2
481066,1
1048788,3
173190,2
43431,2
123927,2
764534,1
456267,2
916129,2
817373,2
642173,2
996682,1
895226,3
1027837,2
526935,2
735177,3
994245,2
616536,3
457656,2
356437,2
581709,2
855021,2
183559,2
587186,3
484784,2
272996,2
841277,2
40528,2
850395,2
575633,2
107546,2
251178,2
130733,2
593331,2
444846,2
930340,2
392496,2
306978,3
71224,3
152015,1
424107,2
860099,2
848472,1
206481,2
966781,3
48368,2
706873,2
231163,2
697844,3
475298,2
42456,3
870318,2
326047,3
409651,2
898419,2
875662,3
990475,2
415143,3
730855,3
244774,3
512295,2
666449,2
1003794,2
774249,3
141550,2
44237,3
451112,3
5314,2
985092,2
206088,2
755882,2
751691,2
916621,2
883726,2
816691,2
168396,2
595678,2
724588,2
723761,2
841253,3
193464,2
833806,2
701502,2
617617,3
603059,1
668799,2
24018,3
9680,3
396395,2
317954,2
126412,2
130206,3
194135,2
670299,3
846828,2
355694,2
1017745,2
980443,2
183026,2
1009482,2
203069,2
832271,2
376766,2
98859,2
613914,3
1012800,3
381587,2
960416,2
157653,1
160857,2
555956,2
987635,2
112235,3
18802,3
1003072,3
664584,2
894590,2
867224,3
679852,3
683818,1
58603,2
963558,3
752731,2
683927,2
444767,3
408506,3
481172,3
491807,3
26361,2
1000028,2
238454,2
450766,1
703216,2
931353,2
988898,2
298516,2
174355,2
874433,2
999647,2
665752,3
530641,1
904361,2
899444,3
625887,2
187806,2
139255,2
795786,1
775051,2
941175,2
839489,2
110251,2
868201,2
892699,3
869069,2
279653,2
206564,2
805525,1
756896,2
779731,2
453865,2
1042334,2
182480,3
570352,2
428636,2
701586,2
348332,2
13612,2
485598,2
12501,3
787293,3
88813,2
1027169,1
453408,3
451983,2
947208,2
315893,2
887896,2
969745,2
310980,2
915021,3
154761,3
492494,2
633893,3
33314,3
471306,2
371058,2
301760,3
470221,3
330886,2
842254,3
451229,2
1000399,2
559663,2
510341,3
1025913,2
744724,2
349092,2
369534,3
581825,3
1027845,1
825221,1
804131,2
817797,3
916474,2
480266,2
930744,2
332770,3
1008662,2
844137,2
838701,2
326049,2
884374,2
329573,3
437373,2
850184,2
262033,2
906727,2
72504,2
998175,3
844693,3
860899,2
53295,2
465474,2
270802,2
114583,2
596023,2
881151,2
1030042,2
231141,3
580464,2
71479,2
529348,2
697641,2
807111,3
52820,2
840694,2
611961,2
68214,2
315564,2
593354,2
217918,3
17707,2
553910,3
227857,2
623321,2
391793,2
498518,2
32867,2
803816,2
617792,3
553789,2
340651,2
161213,2
6680,2
808855,3
489422,2
327190,2
774870,2
779989,2
79699,2
755843,2
221378,2
897143,3
574212,3
61338,2
378261,2
705440,2
1030838,3
604966,2
75540,2
101474,3
967226,2
1022529,3
156990,2
56667,2
779579,2
873740,1
409305,2
800129,3
625618,2
837028,2
861995,2
984114,2
860100,2
470691,2
713961,3
41424,2
346280,3
1950,3
133833,3
184152,2
1045290,2
663337,2
218927,2
288221,1
371758,2
684754,2
941781,2
776185,2
410908,2
972356,2
960089,3
984216,3
569478,3
820887,2
980663,2
406393,3
299444,2
886494,3
172275,2
601724,2
474748,2
468502,2
941362,2
608540,2
133163,2
651264,3
864868,3
1006990,2
809768,2
570071,2
366949,2
445935,2
851500,2
566765,1
189479,3
406347,2
329363,2
431695,2
341061,2
278544,2
340516,2
823520,2
69655,3
222751,2
924704,2
207387,3
902877,2
486067,1
615928,2
436532,2
607697,3
77890,2
436210,2
255098,2
771910,3
79884,3
116376,2
47793,2
559168,2
302419,2
865307,2
664989,2
741121,1
46640,2
367672,2
724442,2
83649,2
337433,2
878302,2
647049,2
129223,2
179314,2
538627,3
765177,3
38718,2
780527,2
439073,2
377068,2
1037192,2
162643,3
837661,3
416615,2
282649,2
732038,2
427376,1
228335,2
867218,3
864280,2
750705,2
991121,1
898060,2
371745,3
313347,2
102383,3
958207,2
306649,2
671563,2
261713,3
338884,2
30435,2
557742,3
769187,2
88654,2
358442,2
694789,2
656383,3
478077,3
843080,2
264856,3
540087,2
182122,2
749198,2
300642,2
274493,2
333456,2
493451,2
977281,2
118554,1
75212,3
263132,2
750677,3
257138,3
515055,2
567514,2
882798,2
578894,2
377788,2
362565,2
596059,1
233886,2
289151,3
956100,1
937180,1
500942,2
434105,2
816226,2
470807,2
392627,2
896728,1
813585,2
383720,2
1052635,2
501553,2
441233,2
712571,2
896976,3
83740,2
1037038,3
651362,1
152936,2
341416,2
138885,2
600312,1
335686,2
176967,3
759966,2
589205,3
927582,2
531110,2
664237,2
401163,3
480766,2
495675,2
754205,1
995153,3
6955,2
287388,1
734438,3
969591,3
662649,3
315394,2
349591,3
502788,3
938105,3
27013,2
1039423,3
783183,3
682122,2
458518,2
383748,1
539894,2
262221,2
66646,3
243923,2
331737,2
471822,2
447059,2
513707,2
608108,3
878832,1
349564,2
140908,2
986193,2
730902,2
725768,2
671558,2
896220,2
403972,2
606905,3
829929,3
223591,2
279363,2
408755,2
159253,3
535978,3
152267,2
360950,2
939825,2
160870,3
201058,2
678762,2
33235,3
437917,1
588031,2
188952,2
716736,1
695271,2
212623,2
116772,2
48705,3
809555,2
525421,2
897748,2
337342,2
699983,2
170448,3
464262,2
757386,3
134947,3
642626,2
99053,3
353875,3
1045822,3
907920,3
1022154,2
902775,2
762525,2
334045,2
634947,3
863537,1
825948,2
596653,2
752412,2
274491,2
718533,2
825103,2
753553,3
803372,2
1039611,2
559672,2
219917,1
270492,2
37316,2
299276,2
350533,2
947377,1
254240,2
634730,2
949166,2
784018,2
469306,1
5226,3
488766,2
282993,3
127313,3
1045354,2
410684,2
132359,2
174044,2
452523,3
1048811,2
579792,2
223332,2
53179,2
94508,2
954375,3
1025968,2
834553,3
468008,2
392342,2
543119,1
959133,3
524998,2
373011,2
115442,3
336717,2
687896,3
791181,2
720907,2
1002260,2
354796,3
164396,2
387113,2
825315,2
58362,2
146637,3
867967,2
614673,3
992163,2
1006852,3
231755,2
694723,3
634786,1
990208,2
744861,2
623053,3
653709,2
895949,3
236381,3
510737,2
217649,2
995388,2
849586,2
585124,2
670005,3
307896,3
73403,2
242924,2
634828,2
782619,3
13233,2
587963,1
1022197,2
366856,2
496093,2
46451,2
775519,2
148990,3
488096,2
664528,2
22906,2
182264,2
521970,2
716066,3
536487,3
245437,2
663497,2
536357,3
57783,2
265671,3
550822,2
24879,3
801217,3
989758,2
72057,1
725086,2
802624,2
721107,2
92411,3
204539,2
221275,2
177146,2
85410,3
657369,2
845815,3
123114,2
309806,2
810355,2
411627,3
574945,2
700845,2
1044217,2
326457,2
103915,2
251400,2
922632,2
877381,3
602714,2
432818,2
59487,1
576725,2
756115,3
284151,2
264954,1
309552,1
792460,2
42738,2
267027,2
447934,2
651225,2
98556,3
1009777,2
336385,3
403597,2
731794,2
5786,2
255575,2
256171,2
353278,2
226635,2
945868,3
352305,2
623140,2
115279,2
969377,2
425806,2
735252,2
250180,1
618263,3
556626,3
102202,2
835580,3
97544,2
988473,2
310701,2
433933,2
563946,2
43839,2
566770,3
33816,2
23486,2
880579,3
340061,2
942988,3
4214,3
837672,2
960352,2
1039632,1
365945,2
184470,2
147488,2
1003848,2
811775,2
537127,3
272751,3
618490,1
799431,2
17473,3
840271,2
59276,2
175081,1
167484,2
670240,2
29554,2
907012,2
631337,2
998690,1
12651,3
547115,2
449963,3
2985,3
31147,2
837642,2
502967,2
860331,3
262370,3
336444,2
1045685,3
397834,3
637567,3
953,2
92521,2
702062,3
582428,2
992773,2
810614,3
950389,3
851720,2
757303,2
110761,2
937348,2
571750,3
878254,1
606086,1
882909,2
717226,2
425949,3
67600,2
471484,3
357500,3
296982,2
897680,2
686696,2
410306,3
215097,2
721582,2
571965,2
342106,2
1904,3
349708,2
298013,2
673492,1
647929,2
517585,1
792216,2
728231,2
954872,1
331726,3
139307,3
416,3
428922,2
383321,3
143578,2
854806,1
405934,2
303572,2
635651,2
602850,2
1049404,2
698967,2
403194,2
483819,2
719089,2
58084,3
594557,2
91524,2
853183,2
807477,2
136762,3
761780,2
649287,2
249318,2
717617,2
522329,2
956059,2
302045,3
858670,2
579373,3
768892,1
1007332,2
54323,2
90704,3
582224,3
23872,2
542510,2
518883,3
86057,2
767003,2
482578,2
1009571,2
917003,2
650307,2
879584,2
75793,2
237921,3
877114,1
492038,2
8054,3
623501,2
394241,2
980624,2
533786,2
618315,2
820964,3
293552,2
289852,1
268555,2
707184,2
264271,2
67150,3
440888,2
598486,2
213983,1
1034121,2
608489,3
1034256,3
900697,2
33799,1
46981,2
2156,2
13008,2
203942,3
14824,2
826807,3
752322,2
697395,1
271090,3
748485,2
492263,2
28854,2
27182,2
661176,3
906730,2
55244,3
103689,2
406968,2
813929,2
975971,2
968241,2
979967,2
615990,3
268832,2
3013,2
435281,2
27715,2
1025850,2
988571,3
226552,2
1033529,3
1052119,2
452172,3
40126,3
999072,3
90090,3
704315,2
683544,2
820171,1
54389,3
1024869,2
451566,2
32704,2
1033953,2
367564,2
73534,2
77927,2
333871,2
905008,3
671799,2
967374,2
779103,3
962624,2
346082,3
357851,3
176593,2
342317,2
727261,2
1002738,2
496856,3
789827,3
880712,2
191734,2
710728,2
982782,1
868276,2
938047,3
159823,2
244515,3
573571,2
680655,2
549564,2
348328,2
323800,3
535709,2
214906,2
403527,2
944672,2
121297,1
145610,2
713401,2
271865,3
952772,2
135665,2
1042290,2
570110,2
417582,2
364710,2
392739,1
485114,2
106548,2
776706,2
702669,1
264936,3
141053,2
585978,3
893300,1
709426,1
218759,3
226548,1
242973,3
619530,2
255424,1
545735,2
643488,3
354432,3
470426,3
702691,3
681710,3
546166,2
615981,2
914567,2
434905,2
389988,2
541943,3
711600,2
28582,1
955539,3
615500,3
900011,2
957158,3
169114,3
970403,3
201916,3
779027,2
107130,1
974682,3
138492,2
354476,1
481288,1
1037773,2
473249,2
585874,2
999974,3
462447,3
877019,2
161190,1
490622,3
179419,2
183595,3
478021,3
583495,2
49550,2
763227,3
492329,2
651059,2
458532,3
487947,2
568410,2
47765,2
720336,3
935432,2
206362,2
438917,2
395300,3
801514,2
981912,2
101297,2
470852,2
815830,2
655622,2
668414,3
555221,2
549697,2
1033603,2
400393,2
179508,1
359300,3
851066,3
961771,2
62732,2
155019,2
415810,2
716928,3
899345,2
989301,2
686570,3
573503,1
657337,2
477917,2
929403,2
144335,3
75020,2
668524,3
904465,3
369420,2
724655,2
654195,2
193575,2
364826,2
245762,2
523246,2
456652,3
347380,3
14799,3
948199,3
56525,3
931660,2
433124,3
90949,2
136976,3
847527,2
907413,3
286536,3
129069,3
655497,2
923629,2
845157,1
134830,3
540876,2
971589,2
258056,2
335422,2
26780,2
32932,3
308383,2
92081,3
457520,2
496804,2
833896,2
507989,3
660553,3
550906,3
581006,2
957756,3
989816,3
530526,2
642604,2
194084,3
565414,2
1043069,2
598957,2
449651,2
417747,3
686251,2
42863,2
523099,1
929039,2
498439,2
950162,2
792953,3
538588,2
184704,3
321664,2
243063,1
207699,2
366098,2
679454,2
1035675,3
313629,2
43248,2
124711,2
596790,3
999437,2
341611,1
406714,2
259233,3
207875,3
883502,2
794298,2
963071,3
774038,3
581642,3
522354,3
849543,3
130540,3
746357,2
295171,2
758215,2
847231,2
458693,2
342091,1
975250,3
269580,3
612192,1
266527,2
652053,2
861025,2
682002,2
93678,2
72907,2
720567,3
94707,2
143979,3
447011,2
927899,3
57744,2
180426,2
887757,3
35724,2
416481,2
60413,3
165672,2
424191,2
273991,2
520905,3
296654,2
898715,2
652470,2
406069,2
838929,2
819949,2
252572,3
523587,3
415415,3
396995,2
349378,2
546495,2
512095,2
95732,3
372023,3
809237,3
66690,2
358395,3
499321,2
808427,2
728717,3
890819,2
46340,3
420074,1
856778,3
836163,2
306569,2
804822,2
624392,3
568050,1
645478,2
908380,2
807796,2
6861,2
141716,2
884592,2
880799,2
438028,2
215919,2
802456,2
409764,2
228167,1
71919,3
1000676,2
20873,3
231749,2
826004,2
876779,3
456850,2
417268,2
941560,3
712073,3
1043631,2
577292,2
828546,2
52276,3
619670,2
427217,2
334528,2
122968,2
787050,2
622575,3
22132,3
640748,2
326449,2
956616,2
559734,2
95421,2
457024,2
776307,3
602078,2
1020562,2
496349,2
760752,2
1003517,2
157839,2
16420,3
925225,2
446383,3
871197,2
698062,2
946680,3
878751,2
308310,1
628651,2
281390,1
1000042,1
571617,2
664933,2
946430,3
182609,2
86630,2
361588,3
353258,3
194592,3
1007011,2
885692,2
778001,2
888932,2
167074,3
639519,2
633016,2
48575,3
808235,2
804411,2
242164,3
607915,3
483357,2
771698,2
799007,2
985794,2
892426,2
137364,2
722778,2
111932,1
686919,2
352665,2
788694,2
894924,3
910398,2
871449,2
722598,2
782559,3
677901,2
849595,2
485779,2
778625,2
166152,2
854374,2
952066,1
772877,2
72500,3
367293,2
588303,3
456465,2
532887,1
193865,2
465410,3
943966,3
355111,2
96578,2
323481,3
723438,2
810276,2
314698,1
569499,2
889103,2
617582,3
31338,2
753502,2
31882,3
637042,2
526812,2
711206,2
285873,2
909640,2
787914,2
260598,1
886258,2
379338,2
710469,2
249620,2
177091,3
167531,3
701158,2
92213,3
8700,3
11288,2
443035,3
157080,2
598667,3
813391,2
499390,2
37578,3
403285,3
963300,3
274218,2
60494,2
280881,2
995470,3
34858,2
683860,2
310457,2
679138,2
233770,2
672718,2
1026358,2
551072,3
854820,1
839670,3
786935,2
109680,2
823264,3
15607,2
464539,2
58845,3
319128,3
571190,3
3359,1
36736,2
567224,2
117099,3
448689,2
142753,2
925079,2
769566,3
159522,3
729383,3
635206,3
1042043,2
249452,2
968636,3
187015,2
832017,2
63827,2
239221,2
303437,1
497224,2
796673,2
100641,2
308413,2
898693,2
957304,2
187137,2
322744,2
132028,3
968389,2
315852,2
307036,2
950570,3
58372,2
1051868,2
107398,2
435594,3
64764,3
46418,3
701563,3
727442,2
341852,3
179891,1
939502,1
530895,2
415560,2
122840,2
121717,3
235091,3
895696,2
135139,2
763944,2
1051644,1
155833,1
687080,3
369405,2
881753,2
393161,2
127035,2
181261,2
316966,2
93191,3
162531,3
920708,2
276971,2
540664,2
758105,3
123400,2
365028,2
1015499,2
454034,2
382949,2
693776,2
171331,3
982372,2
531880,1
592159,2
25931,2
741106,2
573546,1
702724,3
916982,3
303702,3
770198,2
342699,2
471526,2
236724,2
1006300,2
136379,2
479896,3
861481,2
797801,3
258035,2
648555,3
624699,2
893329,2
971500,2
596211,2
731150,2
267999,2
757782,2
1049255,2
307998,3
321929,2
340600,2
669574,2
692338,2
880855,2
801060,1
680526,2
941550,2
728687,2
245379,3
30352,2
550913,3
874208,3
414869,2
1051757,1
780962,2
631433,2
694493,2
775028,3
731100,2
870097,2
131017,3
1012381,2
888420,3
413101,3
752488,1
737996,2
200535,2
206701,2
872542,2
35047,2
885346,3
612010,3
51046,3
581800,2
416740,2
143750,3
359934,3
43932,2
520823,3
658206,2
662856,2
76883,2
460982,2
958898,2
1012494,3
46092,2
578248,2
309652,3
1020346,2
689881,3
861780,2
480207,2
937296,2
855564,2
148273,2
391812,2
686051,1
1035337,2
935287,2
95977,2
694779,2
1032095,3
196561,2
902868,2
494986,2
509408,2
294631,2
473462,2
943571,2
182983,2
540629,2
988548,2
446735,2
601748,2
519376,3
918778,2
93629,2
850356,3
287231,2
917303,2
787204,2
524248,2
760243,2
920816,2
526998,2
521288,1
469397,1
806457,2
952362,3
522626,1
446156,3
637417,1
89567,2
134310,3
727119,2
1013126,2
551919,2
789715,2
411431,2
887019,3
377373,3
692988,2
218802,3
518230,2
318547,2
190639,3
934482,3
916840,3
247084,3
111197,3
50868,2
897289,3
840492,3
435031,2
1031803,2
433544,3
694727,2
323476,1
86575,2
1035841,2
662648,2
31316,2
523281,3
999249,2
215357,3
3351,2
611971,3
231218,3
521442,3
476432,3
359945,3
478804,2
619536,2
497158,3
5037,2
211136,2
108863,3
723338,2
240492,2
1015001,3
224343,2
902070,2
426017,3
182928,2
39778,3
300465,2
348986,2
322604,2
99405,3
728285,1
427513,2
581272,2
647274,2
557673,2
231987,2
185806,2
632655,2
829118,2
258150,2
227316,2
362486,2
193819,3
563871,2
68709,2
1017814,3
937498,2
1012619,3
833249,2
174062,2
742658,2
72562,2
637127,2
779303,2
552363,2
483260,2
231356,2
1037572,2
906494,2
92685,3
687834,3
576702,3
568720,2
249259,2
378378,2
44475,3
305323,2
80273,3
757455,2
241725,3
355103,2
717211,2
37460,3
220977,3
246624,3
511909,3
721576,3
459777,2
140365,3
704290,3
39360,2
286276,2
785919,3
115060,1
357765,2
591412,3
985583,2
660313,2
14612,3
6040,2
114442,2
537615,3
27381,3
437500,2
771839,1
714120,2
1016240,2
190898,3
913180,2
643771,2
267803,1
938641,2
461240,2
197103,3
436412,2
29161,2
506397,3
90563,2
227954,2
249554,2
450568,3
412396,1
788247,3
705592,3
156147,3
899855,2
752290,2
172704,2
260338,3
803490,2
837551,3
816915,1
343070,2
33760,2
461773,2
873958,2
818232,2
803952,2
458833,3
208733,3
575231,2
742238,3
311619,3
658385,2
967867,2
93926,1
462490,2
584185,2
143513,3
837787,3
74837,2
497444,3
1017457,3
604408,2
819457,2
453440,2
165559,2
349453,2
212654,2
794735,2
228654,3
861184,2
458077,2
649673,2
353982,3
901323,2
543777,2
585269,1
23228,3
121436,3
646866,2
794609,2
692009,2
790596,3
698924,3
263099,2
681514,3
552627,2
140294,2
90332,2
73015,2
999500,2
121600,2
820454,2
1006650,3
780187,3
176748,3
208175,2
390466,3
77812,2
762072,2
862161,3
108516,2
763040,2
124093,3
366055,1
301492,3
684767,1
615991,2
52387,2
662306,3
231381,2
319684,1
196050,3
267988,2
942324,3
132544,3
242090,3
13371,2
178170,2
430690,1
852086,2
524034,2
725745,3
668439,2
89120,2
689180,1
458233,3
954290,2
680230,2
607462,2
108521,2
198701,2
838003,3
652070,2
43325,3
567598,2
960353,2
56629,2
8389,2
615411,2
451709,2
735947,3
330448,2
664718,2
819087,3
221791,2
405914,3
22764,2
398533,2
638504,2
284842,2
872094,2
499550,3
697748,2
780349,2
934710,3
31742,3
906511,3
637100,3
468817,2
59272,1
145977,2
511196,2
984168,3
634032,3
61104,3
723676,2
765115,2
659183,2
244768,2
925873,1
1005811,2
1021608,3
428986,2
176044,2
682781,2
15489,3
138117,2
300096,2
487146,2
530267,2
633039,2
677762,2
359503,2
143835,2
230185,3
26169,3
651879,1
706380,2
44964,2
693915,2
503555,3
868721,3
1020161,2
298288,3
603149,2
175850,2
51857,3
919129,2
44238,2
489117,2
131482,2
228470,2
126953,3
872569,2
160322,2
871093,2
424713,2
355409,2
641938,2
635500,3
569785,2
790273,1
766266,2
396334,2
438940,1
277995,2
931401,2
258516,3
281478,2
879254,3
639038,2
401298,3
273515,1
980409,2
728674,2
250563,2
895597,3
142387,2
352400,3
371356,2
92560,2
835089,3
62084,3
393166,2
1026968,3
555682,3
354187,2
758153,3
847932,2
911832,2
556499,2
531550,2
380024,3
777114,1
730117,2
480254,2
246207,2
1050874,2
560848,2
831030,2
512351,2
121460,3
104518,2
392527,2
866311,3
896972,2
1017250,2
535519,3
868580,2
334282,1
152928,2
663881,3
1044364,2
77648,2
470486,2
402942,1
358191,3
180162,1
303275,2
848265,2
1027538,3
737549,2
1021496,2
567871,3
232089,2
463389,1
343737,2
257270,3
86960,2
795210,3
75975,2
635409,2
232043,2
523102,1
856555,2
998020,2
977269,2
840144,2
548023,2
907330,2
56065,3
560012,3
775537,1
181668,2
149785,3
126491,2
740994,2
1047835,3
231257,2
70286,2
460086,2
533588,2
458581,2
151593,2
433272,2
1030286,2
958530,2
841852,2
451970,2
988836,2
92421,3
417109,2
65930,3
864112,2
416460,3
726283,2
292708,2
426627,2
434996,2
723136,3
846895,3
449759,3
85893,3
802638,2
893788,2
1019378,2
975043,3
614926,2
1050096,2
613886,3
665540,2
435196,2
693232,2
900362,1
239479,1
981634,3
646842,2
71098,2
64527,2
85615,2
316490,2
63747,2
596559,2
369185,2
194316,3
870968,1
845528,3
157899,2
135043,2
365092,2
105058,2
743165,2
387513,2
417069,1
882796,3
662148,2
113936,2
664658,2
961787,2
1011131,2
747084,2
924278,2
470214,2
840924,2
213595,2
153086,2
153678,3
42795,3
869664,3
703279,3
34197,3
661955,3
648315,3
749853,2
297966,2
30578,1
961516,2
451399,2
1004435,2
227675,2
544100,3
1047181,3
1004218,3
685465,2
288056,2
443269,3
271693,2
558943,2
443943,3
593195,1
598350,2
690559,3
225185,2
433735,2
1011536,2
261675,3
880420,2
269108,2
168762,3
419489,2
372154,3
730455,2
121255,1
1006386,3
911676,2
491115,2
717167,3
932166,2
263293,2
833927,2
1051447,2
457685,2
158764,1
480287,2
713357,2
908663,2
788461,3
578823,3
917229,2
995321,3
447625,3
545226,3
937949,2
529943,2
617089,2
1042044,3
493685,2
772351,2
780750,1
199327,2
563359,3
763126,1
119178,2
1021080,2
661970,2
930561,2
1017381,3
918948,3
93326,2
92295,2
52968,2
190577,2
233842,2
199536,2
893248,2
584862,2
147094,2
654900,2
767152,2
792014,3
1040912,3
436948,3
821968,3
477040,3
211642,2
843528,2
520489,3
930436,3
993222,1
350973,3
705427,1
581377,2
257867,2
409509,2
650259,2
253395,2
307226,2
342508,3
544843,1
824697,2
474318,2
3716,3
153588,2
87171,2
707174,1
208546,2
824238,2
84855,2
1024256,2
902180,2
643382,2
289680,1
282414,2
1008131,3
744284,2
380774,2
936214,2
896879,2
809848,2
928688,2
273482,3
985131,3
29469,2
931055,2
794639,3
1001497,2
721572,2
746185,2
551591,2
43667,2
628468,2
690977,3
868401,2
246883,2
574358,2
460154,2
639938,1
165942,1
337165,2
20713,2
728996,2
774389,2
699640,2
781676,3
410956,2
176381,2
366759,3
42013,3
216627,2
101249,2
409070,2
704282,3
1939,1
351469,3
711593,2
17802,3
639109,3
993097,2
326239,2
710722,1
84532,2
105735,3
560226,2
264105,2
905167,2
611661,2
68938,2
924590,2
487261,2
246500,3
236968,3
865,2
527191,2
711213,3
80443,2
695276,3
640973,2
262351,2
991616,2
65028,2
139111,2
1033061,2
79870,2
45512,2
814506,2
536141,2
489098,2
550634,2
307695,2
50917,1
958839,2
799617,2
27799,2
961723,2
875298,3
218644,2
415960,2
318786,2
653262,2
248750,2
977344,2
330066,2
424918,2
247495,2
736117,2
135343,1
467616,2
864876,2
657479,2
393016,2
789632,2
424122,2
409716,2
660966,3
1018792,2
297123,2
291262,2
474207,2
145173,1
764168,2
417335,2
1033020,2
413558,2
1049216,2
199218,2
862687,2
419850,2
965184,1
148077,3
550021,2
612050,2
7288,2
871028,2
348605,3
31319,3
531482,2
874540,3
971256,2
786718,3
48282,3
284776,2
877535,3
123505,2
611185,2
411836,2
86996,2
67081,2
1008621,2
423545,1
326999,2
58353,2
612692,2
90720,2
321314,2
860373,2
62065,1
639810,2
941609,3
902176,2
947053,2
152291,3
1022620,2
40432,1
69303,2
209894,3
1044427,2
994109,3
684786,3
544111,2
831271,2
921207,2
398569,2
372810,1
1004641,3
381643,3
1000891,3
305367,2
770124,2
89079,2
472950,2
58065,1
707592,2
790697,2
907629,3
429365,2
606562,2
660211,3
684114,3
1049947,2
947505,3
448530,2
630177,3
325162,3
857088,3
707552,2
199228,3
597560,2
781031,2
819385,2
395286,2
531113,3
940988,2
294437,3
103773,2
157074,2
905872,2
768838,3
239150,3
256133,2
533406,2
744140,1
314896,2
1019114,2
617142,2
559136,3
300628,2
853329,2
301042,3
754669,2
904992,2
758033,3
472945,2
531307,2
41349,2
222465,2
258827,2
142173,2
988939,2
546904,2
374568,2
97262,2
467527,2
376833,2
856520,2
506508,2
575693,2
486632,2
47703,2
71918,3
182709,2
249515,3
259821,2
34211,2
882990,3
989150,2
702642,3
459646,3
934894,2
290495,2
893448,1
914583,2
409491,3
7279,2
271342,2
670565,2
255162,2
606808,2
417556,2
345644,3
955423,3
864879,2
1043143,2
934881,2
705979,2
405188,2
163063,2
339385,2
292143,3
248266,3
175954,3
258878,2
179000,2
726893,1
561995,2
661121,2
56838,2
362637,2
915912,2
448985,3
745395,2
658999,1
937988,3
349048,3
447125,2
71086,2
350700,2
529100,2
1049230,2
462619,2
15762,2
157894,2
396421,2
880594,3
42379,2
812179,2
817829,2
532220,1
252633,1
27803,2
268871,1
493597,1
208619,2
277416,2
853714,2
748568,3
192754,2
212799,2
44547,2
372108,3
450768,2
625139,1
44468,2
852554,2
738175,2
775599,3
109534,3
80510,2
447998,2
775049,3
998385,2
586274,3
212643,2
330424,3
571826,2
97482,2
961066,2
387134,2
776700,2
131156,2
492180,1
129709,2
231282,2
271182,2
315532,3
833299,3
778087,2
498550,2
1040268,2
366465,2
467088,2
230523,2
978052,2
944557,2
431853,2
228445,3
872108,3
442223,1
537686,3
226416,2
180165,3
713679,2
593787,2
246568,3
251590,3
508584,2
230120,3
295512,3
878247,3
445628,2
467657,2
364238,3
747141,2
156969,2
643916,2
341337,3
665720,2
186931,2
974254,3
16907,1
847321,2
484255,2
891412,2
567950,3
254300,2
447813,2
792449,3
171602,2
835965,2
916269,2
451101,3
226980,3
10960,2
170915,2
363009,3
735319,2
278043,2
298637,2
481762,3
41686,2
172833,2
819760,2
54770,3
110348,3
283259,2
258730,3
7260,2
902963,2
951203,2
405471,3
549892,3
124156,2
232128,3
11030,3
1019267,3
600356,3
471352,3
520891,3
857886,2
82906,2
19891,2
70168,1
378137,3
394335,3
478305,2
555423,2
454824,2
435619,2
923130,2
61991,3
884673,2
198502,3
708999,3
740810,2
316722,2
210697,3
815635,3
610417,3
427508,3
602857,3
537649,2
389005,3
537585,3
382830,2
378881,2
424457,2
905717,2
130394,2
447182,3
748021,2
935623,2
477320,2
300265,2
184408,2
538795,2
903238,1
85950,2
83237,2
377944,2
920262,2
677244,2
549257,2
1027104,2
719866,3
358642,2
339571,2
137401,3
4826,2
367957,3
303281,2
959314,2
520818,3
385302,2
648044,2
731771,3
346429,2
141187,3
284156,2
628604,2
961569,2
149916,2
323910,3
970052,2
650859,2
398033,2
728937,2
445290,2
394147,2
923215,2
142049,2
833682,2
146303,2
518969,2
977121,3
997797,3
667360,2
284335,2
319750,3
682571,1
353706,3
392386,2
974543,3
382679,1
443617,2
978835,2
953305,3
1013971,2
688096,2
8760,2
94927,2
103813,2
136862,2
869126,2
546989,3
395962,2
428887,3
1013052,2
319018,2
640265,2
700092,2
227024,3
130862,2
630431,2
755205,2
30411,2
890443,3
388331,3
963737,2
1004341,1
555085,3
790418,2
994647,1
353408,2
709962,2
688664,2
365180,3
918211,2
999898,2
850486,3
496950,2
1020232,3
926267,2
145677,2
755819,3
199982,2
942586,2
842872,1
1030206,2
46859,1
228785,2
827421,2
1045800,2
334321,2
341032,2
576452,2
510334,2
939294,1
24862,2
568988,3
159573,2
595329,2
392857,1
586656,2
215313,3
628425,2
568055,2
152676,2
149030,2
377613,3
21523,2
86529,1
723127,2
185860,3
589159,2
465575,2
378790,3
723692,1
21148,2
605491,2
334014,2
789606,3
736486,2
640342,2
977011,2
877071,2
145584,2
173614,2
610295,2
656087,2
491831,2
235114,2
175426,3
732499,3
488987,2
421254,3
806637,2
939390,2
784629,2
931123,3
994349,2
623512,3
885359,2
614203,2
283775,3
75184,3
834757,2
108288,2
278634,2
421374,2
2774,2
104718,2
989275,2
697107,1
702151,2
36985,2
135015,2
129857,3
140447,1
398956,3
922346,3
151976,2
42294,2
631060,2
467593,3
510648,3
457877,1
262058,2
239785,3
798281,3
882944,2
390656,2
259788,2
229120,2
867407,3
165400,2
498284,3
41193,3
205454,3
722014,2
866055,1
535425,2
500800,2
630917,2
199990,3
665164,2
624277,3
61251,2
445046,3
131607,2
57373,2
343310,3
28798,2
973616,2
123618,3
16839,3
1002804,2
134993,1
672862,2
128018,2
268151,2
521768,2
68375,3
945713,2
227006,2
831778,2
254243,2
147779,1
422232,3
583489,3
229748,3
247042,2
1046325,2
194905,2
879524,2
301350,2
67948,2
866787,2
311914,3
573371,3
1043459,3
110063,2
100041,3
652881,2
668362,2
257475,2
539699,2
196094,2
761931,2
374396,1
121519,2
12014,3
48345,3
195071,2
497911,2
301299,3
439342,2
935478,2
590334,3
534057,3
151182,2
853727,2
236009,2
762778,2
474596,2
614668,2
900215,2
886277,2
464289,2
390370,3
488389,2
1048264,2
601129,2
745646,3
958438,2
980385,2
226862,2
678724,2
729681,2
852133,3
207345,2
943098,2
459208,2
782969,2
938943,3
14229,3
676910,2
535150,2
443386,3
431785,3
113282,2
110215,2
402580,2
828954,3
375855,3
669839,2
177243,2
659955,2
894546,3
981358,2
182003,2
15907,1
194803,3
982657,3
212036,2
789544,3
1051340,2
908036,2
439477,3
626663,2
430050,3
833084,3
230940,2
72494,2
501367,2
866412,2
569894,3
1033005,3
55065,2
128055,2
873305,3
12373,2
793863,1
701934,2
160328,2
453333,3
537671,2
484456,2
623234,3
241361,3
323991,3
553473,2
479607,3
205507,2
665929,3
104470,2
439552,2
425772,2
728955,3
639101,3
112122,2
839609,2
719964,2
10678,2
535456,2
1020634,2
479400,2
300071,3
587669,3
273003,3
546310,2
102993,2
375752,2
442481,2
445981,2
66988,2
546476,3
661693,1
503759,2
119999,2
185467,2
893253,2
69847,3
181176,3
937630,2
174147,2
331166,2
367479,2
268841,2
721,3
919420,3
902589,3
877244,2
528734,2
325990,2
195385,3
258738,2
349862,1
222297,2
389666,2
261977,2
185326,3
383658,3
406293,3
594570,2
672351,2
183951,2
171878,2
1037717,2
947939,2
569367,2
1016461,2
201609,2
529092,2
195977,3
889135,3
405735,2
965080,2
939113,3
541424,2
370545,2
581338,2
102686,2
186493,2
749979,2
500068,3
606975,3
76496,2
44058,2
779641,2
266028,3
56057,2
338810,3
651552,3
4028,2
1032827,3
255341,2
619598,2
556788,3
276678,3
73734,3
269326,2
454881,2
585104,2
508246,2
25027,2
81380,2
129988,3
965612,3
678225,3
172971,3
761031,1
109111,2
357455,3
695620,3
271465,3
220936,3
676708,2
671005,2
443579,2
737948,2
265259,2
12297,3
100794,2
270144,2
1039671,1
950760,3
713918,2
252367,2
984187,3
832901,2
814385,2
879661,2
104230,2
1046929,3
89239,1
584625,2
832998,3
34702,2
156641,1
806956,2
176988,2
290759,2
492130,2
245292,2
59745,2
834384,2
834833,2
1001226,3
403596,2
256930,2
1018188,2
860840,3
182672,2
40759,2
987325,2
960759,3
126946,2
417992,2
100237,3
179212,2
751040,2
835262,2
953118,2
666632,3
288252,2
978271,2
123353,2
1043251,2
688873,3
320694,1
949953,3
129243,3
300651,2
219837,3
732664,2
312284,3
135880,3
490598,2
574440,2
520967,2
697603,2
542788,2
1007268,3
340578,2
341638,2
709441,1
766428,2
820472,1
481877,2
707267,2
431309,1
229058,2
513154,3
16728,2
730365,3
618417,3
163920,2
757176,2
704403,2
615378,3
409827,2
397532,2
339380,3
384358,2
661605,2
781587,2
516126,2
875824,2
846993,3
561686,3
283466,2
281999,2
77906,2
880105,3
404100,2
19763,2
383885,2
389065,2
723625,2
114689,2
359281,2
426306,2
203059,1
1049155,2
370792,2
87091,2
100679,2
200081,2
1036889,2
255393,2
491711,2
323734,2
64853,2
93913,3
267203,3
207975,2
72188,1
874098,2
918902,2
975343,2
156760,2
226707,2
713139,2
969043,3
124852,1
665300,2
978561,3
939451,3
826371,1
702830,1
475008,2
188919,2
478262,3
808391,2
863179,3
891799,2
209132,2
669045,1
996332,2
546053,1
1049715,3
409678,3
1020611,2
1017615,2
716183,1
80255,2
212445,3
119937,2
62164,2
803547,2
641495,2
469799,2
463716,2
222082,3
785360,3
148121,2
767335,2
921866,2
506045,2
862455,2
1004295,2
295350,2
373006,2
79868,2
629146,2
258782,2
478014,3
900899,3
237390,2
32879,3
491952,2
579850,2
108186,3
933846,2
279021,2
899594,2
665785,3
79007,2
908256,3
781221,2
228717,3
520877,2
954352,2
852691,3
843520,2
700559,2
791235,3
395781,2
573647,2
634285,2
903564,2
185127,2
553505,3
151812,2
947023,2
221380,2
512117,2
972070,2
339242,3
985957,3
92420,2
833382,2
114704,3
728406,3
443898,2
434277,1
703157,1
237347,2
118593,3
424585,2
580251,2
237523,2
923922,3
814640,2
791223,1
875522,2
650997,1
238409,2
869344,2
812167,2
681886,2
66454,2
56512,2
348096,2
148802,2
940091,3
139502,2
235758,1
287594,2
963629,2
861043,1
610972,3
985311,2
435631,2
873630,2
636250,3
647875,2
854802,2
274581,2
43672,2
1012213,2
416339,3
790687,2
75312,1
627185,2
292044,2
343645,2
814155,3
191378,2
245203,2
942937,3
514210,2
179221,2
869645,2
809874,2
542052,3
696131,3
967370,2
1025346,2
900831,2
835667,2
794477,2
945049,2
124894,2
1037959,2
577959,2
789300,2
424467,2
900717,2
680084,3
985566,3
328964,3
930633,3
192714,1
42135,2
888977,3
62521,2
494849,3
915567,2
1027038,3
192231,2
664411,2
903034,3
43623,2
153439,2
980485,2
344896,2
523773,2
396827,2
521080,2
401557,2
306697,2
888113,2
732459,1
966536,2
78542,2
718675,2
78177,3
560453,1
1022912,3
195407,2
182833,2
1004753,2
32852,2
967394,2
277205,2
332823,2
846581,2
41783,2
1013076,3
41823,2
557992,2
610430,2
47740,2
892493,3
465982,2
707064,2
576268,2
832750,2
1037670,2
177545,3
71789,3
439846,2
449519,2
164784,3
72346,2
616799,3
956768,2
65358,3
248070,2
252229,2
793795,2
682347,3
309339,2
1030918,2
613238,2
477062,3
605783,1
960255,3
859152,2
201597,2
76582,2
622361,2
857788,3
799923,2
535375,2
852831,2
108404,3
1026309,2
538744,2
509028,2
612979,1
583342,3
1013504,3
25825,2
1043343,3
153151,2
1038277,2
628996,2
191314,2
233911,2
723197,1
367209,2
481496,2
92626,3
360556,2
372022,2
448198,2
1050994,3
845408,2
49519,3
467886,3
323598,2
832537,3
706802,2
325664,2
908064,2
335879,2
198486,1
761632,3
203046,1
624973,2
816083,2
40197,2
354916,2
939921,1
919353,3
163446,2
1029894,2
989935,2
68686,2
639023,2
924515,3
152725,1
382256,2
313429,1
254250,2
222264,2
985232,2
45111,2
1031939,1
223375,2
204898,2
546527,2
527418,2
116751,2
203607,1
999116,2
18153,2
489280,2
932053,2
699998,1
476064,1
766593,3
849383,2
110440,3
184169,3
614942,2
749992,2
669739,2
192519,2
397023,2
615614,2
884391,3
883679,3
952410,2
435209,3
782972,2
301250,2
451260,3
63055,2
649441,1
235617,2
396925,3
266979,2
444604,3
103577,3
128952,2
692574,1
603797,2
200071,3
348310,2
952556,2
793581,2
234186,1
109084,2
224028,2
246011,2
462380,2
767085,3
581907,3
528050,2
873767,2
617982,1
1018970,3
466563,2
920354,2
817952,3
733735,3
682612,2
978825,3
501775,1
808230,2
275150,2
595195,3
389716,2
421525,2
6013,2
303837,2
942089,2
425157,2
601294,2
425242,1
893550,2
807585,3
142879,3
657095,3
333775,2
681322,3
153497,2
532343,2
583083,2
574157,2
272461,2
757707,2
25525,3
256701,3
417612,3
237539,2
2294,3
860296,3
857925,3
189761,3
745520,1
716260,2
610479,2
346384,2
995265,2
274536,2
423164,2
162931,3
57773,2
251926,2
181664,3
369864,3
43823,2
267178,3
665567,2
514709,3
625496,2
588806,2
474605,2
769029,3
965558,2
920914,2
739905,3
663990,3
451420,2
910344,2
538865,2
746661,2
713613,3
951767,2
623111,2
943487,3
269918,2
613892,2
454788,2
842114,2
224687,2
768317,3
943985,1
870907,2
588140,3
361541,2
209119,3
275521,2
443887,2
270875,2
227139,3
825532,2
715890,2
33475,2
93813,3
172360,2
831444,2
431416,2
525392,2
521134,3
332775,3
72590,2
1034118,3
796174,3
1045576,2
344992,2
940073,2
193287,2
279153,2
223978,2
880370,2
1008254,2
661441,3
176482,3
590579,3
155701,2
839295,2
549545,3
322266,2
542562,3
619917,2
733491,2
389801,2
65669,2
893714,3
783691,2
531220,3
883194,2
864833,3
705932,2
60528,3
455492,1
807888,2
409557,2
142612,2
945733,2
120281,2
626827,3
750849,2
94329,2
211327,2
1021573,2
1007773,3
668261,2
875767,2
338144,1
54625,3
131459,2
195310,2
81186,3
71190,3
466113,3
663654,2
306903,3
16238,2
191728,3
558047,3
616963,2
704343,3
803834,2
420236,3
1031030,2
10317,2
215312,3
471667,2
290614,1
679028,2
377355,2
446898,2
43034,2
277623,2
697115,2
648557,2
582833,2
978323,3
902674,2
549631,2
86273,2
370935,2
315718,3
366780,2
286209,2
779370,2
236647,3
229295,2
851575,3
814401,3
618476,2
201646,3
957455,2
156579,2
239926,3
254366,2
904696,2
733761,2
384945,2
336055,2
161831,3
642786,2
763619,3
564756,1
312376,2
452264,3
649559,2
595505,2
212781,2
72806,2
828510,3
224763,2
1050808,2
92576,2
168581,1
853466,2
244537,2
827804,2
943835,2
659737,3
966481,2
1048094,3
240260,3
811869,2
393511,2
791087,3
882076,2
645583,3
564246,2
568612,2
700117,2
34343,2
1003724,2
667027,2
289122,2
270896,2
827189,3
448674,2
975973,2
708061,2
598803,3
109850,3
100071,2
488716,3
753687,2
1023068,3
743956,3
252720,3
994204,3
1025400,3
429321,3
651103,2
815662,3
386460,2
863286,2
600505,2
1046239,2
734407,2
339364,2
996672,2
552585,3
914155,2
846348,3
617522,1
104710,3
177619,2
885955,2
317602,3
982332,2
95584,1
344835,2
68291,2
47234,2
581721,2
482561,3
759504,2
350421,2
897587,3
839010,2
643624,2
327932,2
244519,3
859026,2
157253,1
281397,2
241041,3
88922,2
670455,3
31468,2
305733,2
334317,3
885730,2
647721,3
179193,3
861109,3
46929,2
47103,2
199219,2
309348,2
339333,2
155052,2
410156,2
529041,2
417022,2
1003299,2
836112,3
857550,3
33748,3
631926,2
41908,2
837062,2
779809,2
727459,3
897278,3
103021,3
365762,2
858504,3
737907,2
375751,3
1014211,2
515428,3
661783,2
715063,2
840079,2
913282,3
834289,2
535003,3
1021938,3
455715,2
884260,2
698224,2
558197,3
674804,1
400555,2
882267,2
721485,2
483267,2
827286,3
796698,3
956115,2
1023751,2
850936,2
191993,2
694644,2
51150,2
651819,2
626540,2
670283,2
635441,2
862962,2
555483,1
209074,1
642448,2
600761,2
49793,2
1028909,2
661348,2
1005086,2
478217,2
537165,2
802110,2
61947,2
93830,2
262286,2
866967,3
622445,2
1031635,2
835449,2
49838,2
719751,2
37760,2
439830,2
936923,2
49488,2
435354,2
782175,3
915773,2
489047,3
217259,2
478976,3
600560,2
392206,2
281028,3
167327,3
851378,3
210976,2
263336,3
340527,2
468451,2
73285,3
425070,2
435748,3
664263,2
115835,2
773148,3
401951,2
998848,3
533081,2
325958,2
611044,2
737651,2
995162,2
92552,3
521183,1
675235,2
893404,2
765105,2
1029437,2
252885,3
829424,2
540543,1
440906,2
663536,2
401466,2
448688,3
892755,2
787915,3
303312,2
892622,2
680831,2
477491,2
645655,2
433864,2
712885,2
509450,2
699345,2
563985,2
84327,2
610913,2
843386,3
6394,2
337250,3
93003,3
534949,2
502898,2
732935,2
488132,2
939292,3
951223,3
687857,2
713158,2
542307,2
237144,2
389125,1
170352,3
1004867,2
536969,3
260071,2
10576,2
701930,2
185322,1
312242,1
751884,2
256279,2
8429,2
94484,3
1042956,2
469481,2
938061,2
516381,2
239812,2
437801,2
226373,2
841796,3
459254,2
573802,3
935471,2
689669,2
915542,2
782418,2
40443,1
935828,2
616760,2
741600,2
466668,2
859510,2
737695,3
642521,3
106986,2
1004205,2
782344,3
30255,2
762652,2
400899,2
804374,1
248948,3
706821,1
817076,3
851716,2
512914,3
479593,3
417659,2
569661,2
503905,2
661926,2
413123,2
36989,3
1032282,2
235937,1
803215,2
259877,3
1005755,2
39715,3
163826,2
700862,3
918888,3
716643,2
258775,2
489713,2
619971,3
985901,3
116220,2
526889,2
328428,2
461069,2
662248,2
306351,2
757435,2
573158,2
1043097,3
47692,1
845519,2
688612,2
373128,3
535686,3
576297,2
137340,2
710432,2
589466,2
267862,2
295315,3
358572,2
653420,2
607401,2
763527,3
390258,2
238064,2
899174,2
194603,2
901830,3
157563,2
599570,2
601538,2
810186,2
42878,2
786607,2
455741,2
18836,2
786651,2
516639,3
876211,3
1014858,2
994008,2
218487,2
959798,2
147354,2
772558,2
157284,2
619042,2
369260,3
283771,2
452371,3
686652,1
547599,2
322503,2
312970,2
808624,2
876024,1
84611,2
43603,2
471933,2
748358,2
376566,2
64654,3
597623,2
427188,2
309103,2
155718,2
732181,1
909374,2
20695,1
646057,2
500865,2
197473,3
504463,3
353184,3
892414,3
427961,2
280273,3
475748,3
93504,2
378474,2
33479,2
1041596,2
993546,2
321950,2
121323,2
443925,3
338712,2
1018321,3
277331,3
884303,3
343116,2
243068,2
787558,2
692854,3
627495,2
868789,2
83520,2
481590,3
575553,2
738436,2
788266,2
75353,2
1025236,2
490545,2
393322,2
223206,2
354660,2
58366,3
206077,2
430890,3
445392,2
938878,2
609659,2
157412,2
190754,3
46203,2
39838,3
731338,3
605769,2
221016,3
606307,2
634052,2
717077,2
951748,2
633482,3
632052,3
298415,2
267468,3
208079,2
758384,3
909658,1
158191,1
784307,2
1018017,2
295618,1
98696,3
245953,2
382077,2
374292,2
243749,3
87873,2
607334,2
548033,3
278277,2
221759,3
548057,3
234428,2
758817,2
463176,3
530064,2
581066,2
676200,2
981112,1
738231,2
983785,3
992450,3
82805,2
967107,2
398172,2
691199,1
214785,2
488079,2
266177,2
549091,3
130229,2
225530,2
559031,2
933739,2
892564,2
496614,2
832626,1
835640,3
878984,3
376230,3
234781,2
140468,2
89217,3
593387,2
738974,2
753790,3
784939,3
325429,3
80912,2
405409,2
983682,3
92286,3
237108,2
1020968,2
669332,2
839507,3
144304,2
272081,2
827170,3
778008,3
854840,1
810466,2
47959,2
504417,2
347712,2
955343,2
231310,3
462506,2
116181,2
658813,2
704812,3
853205,3
1018570,2
800911,2
253829,2
751427,2
692696,3
347990,2
1036180,2
333508,2
321091,3
741927,2
199153,2
891599,2
679512,3
775431,2
130227,2
1031694,2
410414,2
207431,2
614382,2
493474,2
463992,2
257395,2
987393,2
16801,2
628445,2
896282,2
537024,3
367838,3
357536,2
642181,3
215764,2
831968,3
156814,2
91067,3
834534,2
687911,2
15525,2
105426,2
328466,2
488851,2
248315,2
380918,3
497998,3
849652,2
476372,1
92859,2
1028776,2
1004431,2
264176,2
450922,2
278392,2
712079,2
474997,2
116433,3
1052153,1
891771,2
489097,2
343871,2
677223,1
46422,2
908651,2
875944,2
83182,2
626576,2
85460,3
810268,3
226046,3
715204,3
905077,2
529134,3
762728,2
19439,3
799324,2
796469,1
581758,2
627765,2
891854,2
397323,2
606649,3
371093,2
890844,2
259120,2
800850,3
1051353,2
788625,2
116974,2
905993,2
318373,2
856314,3
455091,2
160848,3
713582,2
170036,2
454071,2
749862,2
405382,2
115139,3
739475,2
966036,1
974868,3
244877,3
439038,1
783768,2
1034576,3
198525,2
679110,3
145122,2
994502,2
675907,2
984867,2
880997,2
732425,2
510280,2
722842,3
413860,2
612435,2
492876,2
480574,2
615445,3
773839,3
175176,3
698773,2
903181,2
896151,3
182393,3
332246,2
13821,1
26898,1
743791,2
790473,2
325312,3
629271,2
29471,3
877674,2
760524,2
474296,2
830767,2
539014,1
607560,2
625601,2
990630,2
565523,2
115834,2
975436,2
441608,2
472220,2
963868,3
38564,2
146979,2
768821,2
612580,2
870089,3
459740,2
356099,3
113058,2
365252,3
315069,2
114134,2
243756,2
894020,1
135964,2
33150,2
117158,2
806325,3
796988,2
449403,1
594294,2
15435,3
501588,2
57031,3
241934,2
972196,2
57209,2
1033557,2
451325,3
80969,3
732037,2
129124,2
572481,2
489174,2
1001554,3
295318,2
355482,2
611350,2
603782,3
423566,2
868808,2
956499,2
83730,2
566189,2
19122,2
1003801,3
952549,3
300910,2
627333,3
954135,2
144066,2
984433,3
417763,2
869277,3
467602,2
657704,2
784863,2
805137,2
475089,2
920047,2
785363,2
967021,3
398821,3
1029810,2
136622,1
406478,3
452365,2
474007,3
389058,1
60506,2
265407,2
273604,2
201532,2
700672,2
876503,3
956886,3
618277,1
96677,2
384395,3
201313,2
383979,3
8576,2
468932,1
124242,1
49634,2
969565,2
740791,2
612571,2
539036,1
911146,1
92342,2
193269,2
565695,2
398544,2
2499,2
478656,2
661079,2
560049,2
979574,2
897700,2
791338,2
518060,2
944362,3
790194,2
402186,2
939329,2
651526,2
703487,3
338373,2
359012,3
731565,2
57264,1
1010318,3
914479,3
859748,3
457850,2
451669,3
1037542,1
513435,3
33425,2
609945,2
766140,3
33774,3
1033461,2
361552,2
692615,3
813156,3
124684,3
1003889,2
899784,2
606838,2
235432,2
410903,2
86866,2
185717,1
935427,3
120441,2
941008,2
529030,3
910530,3
386755,2
582539,2
184015,3
468641,2
687883,3
854504,3
230078,3
672899,2
22626,2
428157,2
701137,3
220878,2
409374,2
287062,2
934020,2
182099,2
78369,2
786671,2
293403,2
212486,2
240646,2
973564,2
77396,2
244613,2
249706,2
18039,2
625412,2
626090,2
738715,2
568674,2
414124,2
127158,3
597024,2
726437,2
138602,3
876348,3
1005454,2
201354,2
1022891,2
74447,2
1046033,3
296158,2
385388,2
25815,2
208017,2
749718,3
249913,2
861950,2
932216,2
232930,2
95258,2
406596,3
447403,2
1029413,2
670915,1
159529,2
630691,3
383039,2
192776,2
620184,2
436262,2
42620,2
920318,2
745337,2
858467,3
547473,2
86806,2
1001147,2
544137,3
245654,2
449821,2
444133,3
430411,3
213732,2
701585,2
620342,3
755801,3
921400,3
206955,2
763351,2
338885,2
542538,3
974008,2
48510,2
644453,2
1028134,1
843903,2
719640,3
402978,2
488563,3
680133,2
768942,2
814632,2
663402,2
680338,3
839716,3
677472,2
57740,3
211178,3
700059,3
709758,2
162405,2
732718,2
41907,2
768207,1
504980,2
327752,3
472910,2
323499,2
49163,2
26682,3
412471,2
1004825,2
973691,1
431763,2
943525,1
369757,2
1040090,3
67545,2
716782,2
1049666,3
869875,2
482998,2
333036,2
960174,2
92013,2
101615,2
136380,1
579661,2
384518,3
429382,2
529589,2
899786,2
585427,2
890272,2
514762,3
264356,1
323361,2
718423,3
95156,2
813914,2
571506,3
428940,3
772378,3
310650,2
43411,2
974827,3
637764,2
561831,2
437901,2
805280,2
915993,2
490153,2
404545,2
736718,2
940730,2
897118,2
501536,2
130759,2
264759,3
59774,2
953539,2
339930,2
219408,3
62540,3
795769,3
422740,2
160382,2
709732,2
716939,3
887082,3
416973,3
247728,2
785324,2
350666,2
910561,2
193306,3
918021,2
818705,3
701873,2
178171,3
456492,2
477984,2
669351,2
271614,2
417158,3
582158,3
221747,3
22637,2
21557,2
583789,3
712087,2
979778,2
816825,2
146420,3
704569,3
764188,2
379184,2
845427,2
725478,2
236838,2
194548,1
316832,2
931695,3
130520,2
370886,2
19007,2
107840,2
216185,2
183225,3
553264,3
487896,2
1013506,2
585058,2
553515,2
318375,2
555710,3
111452,3
102798,2
541770,3
625223,2
119109,2
940749,2
421324,3
168158,2
249975,2
225880,2
544362,3
879807,2
978628,2
120411,2
721025,2
70137,2
194694,2
579908,3
671784,3
509074,2
567840,2
223724,3
749407,1
817178,2
408677,2
879130,2
264443,2
879655,3
254982,2
989215,3
836936,3
282342,2
499235,2
589688,3
855995,2
414110,2
694120,2
773658,2
226542,3
526176,2
386898,3
144794,3
25730,3
978166,3
418536,2
477309,2
554788,2
269116,2
536680,2
158663,2
163835,2
489979,3
387099,2
947014,3
884327,3
331374,2
297951,3
925687,2
207275,1
276005,3
972428,2
681214,3
286304,2
572297,2
642381,2
665093,2
704218,2
356664,1
824074,3
613017,3
139354,3
483250,2
740477,2
228756,3
258673,2
494694,2
662411,2
909386,2
4835,2
939173,3
831580,3
903391,2
1037279,2
229513,1
41695,3
1029654,2
872255,3
492048,2
812050,2
875575,3
520477,3
58262,2
70705,3
490192,2
696128,2
749114,2
144681,2
974012,2
242748,2
122259,3
698483,1
479142,3
665744,2
962710,1
797834,2
677234,3
290514,2
67479,3
884844,2
1002504,2
209078,2
610120,3
654734,3
695175,3
600426,2
601647,2
661568,2
998696,2
485112,2
792564,2
739031,2
249618,2
446837,2
964334,2
426287,2
179586,3
355865,2
233704,2
993386,2
740179,2
778430,2
868848,3
121256,1
192623,2
979645,2
826692,3
777972,2
1048241,2
322586,2
473456,3
402134,2
81209,1
215639,2
674952,3
957645,2
230824,3
891496,2
760839,2
482926,2
251883,2
938994,2
780486,2
671912,1
932884,2
657847,1
349653,2
757787,2
313427,3
822355,2
731283,2
751863,2
1029738,2
304296,2
641386,3
197025,3
164428,2
637851,2
296045,2
677794,2
172722,2
26097,3
586145,2
151708,2
1010302,3
129416,3
405315,2
444383,3
202238,2
721435,1
593983,2
1028618,2
590409,2
235324,2
648912,2
620299,2
690086,2
1021083,3
714422,2
240057,2
821380,2
284648,1
774223,3
1004265,2
765318,3
726997,1
638164,2
618505,2
862517,2
871213,3
607450,2
508654,3
527776,2
71417,2
117756,2
391620,2
39831,2
1026577,2
239140,2
150782,2
469181,2
953828,2
356291,3
111374,1
369515,3
135586,2
574049,2
159775,2
137179,2
183921,2
514182,2
363271,2
929655,2
337389,3
144838,2
622260,2
998686,2
208464,2
935145,2
914538,2
860894,1
298713,2
318151,2
981134,2
783369,2
190446,1
571437,2
64798,3
330743,1
962555,2
134680,2
604809,2
399347,2
857882,2
61533,2
179341,2
833949,2
807657,2
643653,2
658409,2
342274,3
576193,3
146949,2
398386,2
431092,2
512901,2
643098,2
108400,2
43587,1
664273,2
537524,1
760795,2
140726,2
242168,2
478508,2
991216,3
370022,2
21414,2
194177,3
170777,2
715300,3
197992,3
215825,3
602409,3
474516,2
372780,3
867425,2
977123,3
220624,3
907824,2
876437,3
301151,3
822179,3
343080,2
146559,2
751269,2
478543,3
755179,2
705414,2
84453,3
727791,3
633269,2
646818,3
641609,2
1040827,2
726238,2
466176,3
354378,3
768220,2
186746,3
727236,2
859766,2
720677,2
1040079,2
686301,2
862733,2
723403,2
378543,2
400939,2
536459,2
547406,2
956979,2
641498,2
344259,2
510098,2
544040,2
17050,3
873401,1
427367,2
127948,2
377170,2
324846,2
255203,1
101945,2
315728,2
477930,2
882675,3
591281,2
523829,3
69791,3
649046,2
361739,2
83364,2
729381,1
449440,3
932609,3
628541,3
310101,2
338413,3
661285,2
689529,2
899659,3
831144,2
582016,2
682082,3
1031501,1
666032,2
833250,3
906242,2
143593,3
492153,3
607302,2
628883,2
298057,3
173137,2
736085,2
773676,2
26549,2
519601,2
895569,2
729648,2
827031,3
217872,2
189334,3
148172,2
944262,2
267623,2
979427,2
612937,2
221761,2
779857,3
366702,2
840126,2
431726,3
736659,3
343951,2
164935,2
779671,3
866155,2
683001,3
582008,2
469531,3
402895,2
963829,3
346595,3
467834,2
662421,2
620458,2
741863,1
229063,2
784167,2
97496,3
977099,1
383316,2
432014,1
753367,3
651282,3
613647,1
727296,3
203681,2
162837,2
986071,2
1004054,3
51860,2
564366,2
935571,2
169121,2
685691,2
410886,2
421618,3
132204,2
932861,2
647003,3
92933,1
571172,2
255455,2
905534,2
94415,3
88566,2
90226,2
905914,2
694767,1
168919,3
561075,2
556205,3
360365,1
154816,3
1347,2
699376,2
301366,3
250854,3
618878,3
780942,2
645356,2
509850,2
424200,2
93299,3
884857,2
4931,2
128092,2
584488,2
88837,2
937433,3
477489,2
380437,1
482057,2
969019,2
564092,3
981359,2
339387,2
198272,2
164975,2
258307,2
373959,2
959365,2
514632,2
628893,2
934104,2
439609,2
508277,3
424638,1
660397,2
62075,2
171669,2
774717,2
877927,2
82770,2
253157,3
90300,2
653167,2
563961,1
929419,2
166803,2
338185,2
312784,3
1003014,2
749195,3
83332,2
863622,3
259353,3
24310,2
641253,2
1009139,2
287589,3
396972,2
717303,2
283211,3
718667,2
899753,2
438200,3
820321,2
900278,2
471323,3
809333,2
798074,2
151720,2
686872,2
70228,2
191861,3
410021,2
180200,3
750137,2
947337,2
870324,3
516103,2
579540,2
727862,2
420216,3
883853,2
411520,2
776609,2
501176,2
124072,2
487043,2
995101,2
304393,2
545759,2
592042,2
960198,2
468440,3
674187,2
769306,3
426764,2
889187,2
841671,2
212068,3
383430,2
108948,2
100499,3
82087,2
303238,2
925393,3
785588,3
332857,3
461985,2
196294,3
1007952,2
744047,1
419568,2
563255,2
105143,1
579428,2
1050336,1
334518,2
317501,1
430879,3
503400,3
761925,3
755171,3
628539,2
878336,2
150450,2
399779,2
956121,2
700596,2
1004162,2
291543,3
869323,2
621631,2
709238,1
403115,2
1030684,2
436471,2
981383,2
998375,3
880738,3
448841,3
91901,3
312749,2
173617,3
62193,2
231438,3
557506,2
133256,3
487613,2
42176,2
852781,3
585201,2
875534,2
1003497,3
201598,2
715597,2
212129,1
356858,2
714844,2
1044449,3
440264,3
67237,2
1010239,2
136302,2
1021904,2
131849,3
891201,3
122411,2
832344,2
10086,3
612826,2
538816,3
213625,2
357669,2
607128,2
708791,2
25924,3
1018513,2
198388,2
630852,2
992528,2
614420,3
765165,2
150741,3
920006,2
769943,2
666936,2
542148,2
854663,2
600609,2
616066,2
3831,3
503291,3
99781,2
327338,2
490508,2
18157,2
1034301,3
404969,2
520149,2
53204,1
456345,2
383895,3
1043337,2
921173,2
280685,2
825008,2
845794,2
694149,2
632797,2
338741,2
949112,2
276701,3
491093,2
875276,2
1044792,2
787029,3
86749,2
762763,2
159815,3
380061,2
397504,2
670655,2
62956,2
116102,3
995517,2
569350,2
585153,3
633571,2
451544,2
611148,2
561451,2
23165,2
798895,1
202922,1
607309,2
891849,2
575008,2
197707,2
257430,3
65507,2
615754,3
917223,2
382457,2
352873,2
197919,3
506431,2
90070,2
709094,3
1044387,1
393524,2
729644,2
341660,2
892640,2
509054,3
742548,3
884451,1
467048,2
1051511,2
476219,2
743210,2
232701,2
602369,2
109896,3
401117,2
557815,2
366468,2
1014403,1
1040221,2
881980,2
47191,2
185662,2
6476,2
148893,2
773954,2
708339,3
146905,2
245356,2
671373,2
654888,3
464205,2
576691,2
480647,3
370009,2
203189,2
96037,1
844010,3
191979,2
9887,3
718352,2
931141,2
774367,2
48900,2
427959,2
331065,2
672133,2
475254,1
490385,3
874038,2
228645,2
357825,2
215176,3
763206,2
385787,2
851214,2
855500,2
900774,2
1037063,2
285806,1
879201,2
153630,2
804891,3
490587,1
682159,2
390175,3
920332,2
722325,2
822688,2
755147,2
107273,2
726679,2
999228,2
908360,3
832832,2
528495,2
1046222,2
582235,2
587278,2
685840,1
338186,3
625971,2
256552,2
129391,3
560951,2
545108,3
692646,2
20919,2
512211,2
320120,2
456111,3
106597,2
388807,2
181248,2
621146,2
536230,2
255729,3
753810,2
656103,2
821648,2
343806,2
678560,3
525598,3
1045156,3
619697,3
51182,2
356889,2
220757,2
875199,2
215600,2
898750,2
706688,2
942213,2
1044779,3
68405,1
798787,2
191546,3
677111,2
436952,2
535369,2
828463,2
358198,2
543342,3
936749,3
334822,3
360480,3
366059,2
582876,2
383910,2
538775,3
800763,2
791806,2
469874,3
849420,3
142135,2
145619,2
170634,3
77343,2
725863,2
448763,3
453283,2
265207,2
106342,2
61089,2
955797,2
898547,2
743515,3
682096,2
256928,2
318748,2
582124,2
60459,2
339173,2
1029879,3
515523,2
777493,2
880098,2
973009,2
600006,2
278383,2
487289,2
650234,2
426622,2
513419,2
456137,2
645092,3
329067,2
636777,2
602049,1
506619,2
526190,2
199810,1
658560,3
417030,3
559849,3
131252,3
1047984,2
614185,3
355251,2
503380,2
862565,1
191086,3
957993,2
747895,2
681638,2
496409,2
825927,2
913037,3
201156,2
435636,2
368887,3
562862,3
549230,3
986709,2
54022,2
371468,3
833625,2
1024419,1
502327,2
899626,2
857995,3
830073,3
466771,2
610414,2
685827,1
966030,2
873289,2
742484,2
98076,3
584966,2
945702,3
791325,2
359176,3
364292,1
154750,3
705273,2
468678,3
280400,3
472145,2
990569,2
354315,2
470318,2
801580,2
254121,1
425432,3
571969,2
189437,2
1044834,3
584111,3
133456,2
809464,3
375735,2
113202,2
1003947,1
492903,2
336633,2
134859,3
267632,2
795826,2
986630,3
540872,3
1027691,3
1020181,3
556306,2
671863,1
469096,2
574214,2
841158,2
163631,1
884919,2
422362,2
133732,1
844106,2
26458,3
90736,2
13892,2
496417,3
191296,2
909391,3
79030,2
428243,2
286188,2
293414,2
394907,2
68007,2
548302,3
416625,2
192478,1
873776,2
506977,2
120153,2
12049,2
862480,2
306294,2
510005,2
121917,3
891204,3
910006,2
236178,3
838947,3
267455,3
519774,2
598909,3
640640,2
288666,1
463208,2
975309,3
597170,2
709170,2
1041185,3
709369,3
195794,3
61616,2
627632,2
325359,2
689188,2
330077,2
815804,3
184471,3
619698,3
607115,2
777782,2
1048690,2
930671,1
562400,3
600253,3
677345,2
482206,2
375480,2
720700,3
124830,2
1030397,2
559124,2
44422,2
606478,2
577333,2
394145,2
114155,2
835747,3
417898,2
213034,2
394278,3
445565,3
314096,3
588918,3
818135,3
258965,2
168946,3
818699,3
360036,2
773217,2
1050711,3
817994,3
359219,2
206607,2
675704,3
466616,2
908049,2
221821,2
323171,3
7678,2
687500,3
517850,2
734435,2
480731,2
796461,2
310495,1
830229,2
420384,2
928153,2
239455,2
418683,2
443763,2
235215,2
575806,1
814228,2
691527,2
108263,3
935123,2
735194,2
404720,2
437606,3
655114,2
663243,3
44464,3
499248,2
1045345,3
303773,2
969964,2
112422,2
660318,3
50011,2
736416,3
133229,3
800765,3
914765,2
236639,2
304906,2
484034,2
783838,2
935018,3
60710,3
478482,3
347194,3
424310,2
241647,3
704820,2
343395,2
309703,2
1005279,2
795930,2
114609,2
576945,2
599872,2
724606,2
806910,2
599042,3
179712,3
254808,3
200185,3
805300,3
336770,2
316813,3
520088,3
484968,2
596932,1
559841,2
723558,2
356747,1
108933,2
330467,3
463569,1
221035,2
783215,3
483443,2
620318,2
554948,2
203184,2
369417,2
791598,2
356573,2
199562,3
746227,2
124166,2
841146,2
82749,2
308512,3
860177,2
268292,3
150153,2
211469,2
1012834,2
714573,2
115388,2
865963,2
204818,3
56643,3
922695,2
895100,2
46215,2
210046,2
792207,3
852464,3
708440,2
692154,2
1029381,2
240251,2
551853,3
582820,2
947416,2
532802,2
540491,2
597654,3
533548,2
542576,3
632888,2
789716,2
1003198,3
873121,2
412071,2
208476,3
529574,3
407365,3
444515,2
724815,2
1020369,2
909128,3
364895,3
876993,3
427536,2
902810,3
600695,2
759633,2
68860,2
782987,2
666933,3
974521,2
291245,2
523439,2
935967,2
177156,2
1001282,3
677511,2
32939,2
7824,3
286327,3
1026128,2
928948,2
698053,3
150884,2
25380,2
583147,3
495213,2
538,2
559981,2
680558,3
888785,1
602926,2
834705,2
596856,2
293171,2
988929,2
1040976,1
126162,2
917560,2
592083,2
206986,2
561344,2
363518,3
673790,2
927048,2
852991,2
619800,2
141472,3
681468,2
404478,3
244569,2
32001,2
46616,2
707440,2
309218,3
264963,3
216689,2
802650,2
1011134,2
358866,2
307304,3
342004,2
330445,2
373951,2
298822,2
565737,2
14904,2
918971,2
632315,2
60943,2
347785,2
916283,2
216508,2
969116,3
866893,2
24190,2
872102,1
94166,2
820853,3
866026,2
510190,2
218221,3
192337,2
719527,3
897449,2
98625,2
248873,2
445732,2
323190,2
310407,2
367356,2
944733,3
784497,2
754437,2
259217,2
709439,2
647310,2
979316,2
328018,3
599512,2
212687,3
53384,2
114515,2
911440,2
483851,3
655533,2
1012472,3
846999,2
601530,3
110720,2
113808,3
14687,2
654135,2
349192,1
859219,3
1034131,2
479821,2
186369,2
226687,3
961715,2
694104,2
798111,2
139979,2
1013655,2
74389,1
610123,2
981971,2
54242,2
545633,3
683147,3
158152,3
951877,2
572399,2
421025,2
142358,2
597602,2
747689,3
793775,2
940549,2
879696,3
187225,2
119471,1
449961,2
452438,2
184052,2
990206,3
686859,2
263270,2
349268,2
605390,2
795861,2
468265,2
609800,2
435170,3
808112,2
701711,3
941586,2
1026352,2
585534,2
696027,2
983431,3
348026,2
992380,3
241960,3
165848,2
733176,2
780192,3
949621,2
855215,3
495141,2
1033999,2
932951,2
759595,2
683589,2
458508,2
85685,2
264734,2
941673,2
1691,2
661914,3
528572,3
873773,2
1047633,2
701655,2
101369,2
1000055,2
841423,3
906991,2
890873,2
570754,3
641968,1
379585,3
8156,3
908666,2
826589,3
220573,2
707400,2
503056,2
59016,2
110694,2
837257,2
623157,2
729722,3
551863,2
612553,2
732158,3
667453,3
895033,3
159947,2
374623,2
971022,2
11194,2
361582,1
809468,3
638437,3
731508,2
797523,3
80362,3
103825,2
376316,2
597045,2
936763,2
997460,2
851770,2
948109,2
518619,2
158324,2
177802,2
592289,3
702880,3
226776,2
730032,2
679552,2
666616,2
1017539,2
645146,1
354903,3
373821,3
777956,2
61642,3
905896,3
444237,2
841383,3
10215,2
462924,2
1002601,2
812130,2
649788,2
420990,2
990901,2
208931,2
563221,2
82102,2
177801,2
906728,3
880597,2
370472,3
1011773,2
77040,2
302485,2
1024253,2
827678,3
819045,2
869460,2
786715,1
984827,2
518781,3
270828,2
992401,2
235956,3
594386,2
41211,2
51849,2
794352,2
603446,2
154873,3
433962,2
121696,3
186644,2
114602,2
636815,3
503221,2
293844,2
162224,2
90617,2
876368,2
35145,2
578999,2
155168,3
70624,2
962790,1
493201,2
602174,3
630528,2
83537,3
575330,2
962558,3
697510,2
823521,2
601426,3
342247,2
744832,3
302627,2
959198,2
1011991,2
25906,3
902915,2
573716,2
941117,2
275407,2
676736,3
695603,3
727577,2
248115,2
225916,2
375671,2
261505,2
723296,2
763922,2
74978,2
930692,2
19091,3
875990,3
396481,2
1044742,2
1052844,2
727936,3
464913,3
819586,3
802052,2
12005,1
6338,2
633232,2
1020853,3
557631,2
594299,3
376460,2
982351,2
612841,2
980796,1
356502,2
394849,3
31610,3
349123,2
889683,3
656949,2
311996,2
275764,2
456874,3
526872,3
691118,2
511199,2
550844,2
293440,2
843379,3
242026,3
729182,2
835780,1
51808,3
220346,2
92455,2
328391,3
799375,2
966829,2
918852,2
4594,3
738647,3
1032190,2
326717,2
592659,1
1252,3
356183,3
934182,3
564952,2
1037922,1
872000,3
418233,2
772783,2
712592,1
245107,3
929323,2
855448,2
1029686,1
853557,2
198629,2
278235,2
768947,2
446764,2
963157,2
84053,3
274746,2
590487,2
236920,2
630385,2
9753,2
425977,2
463352,2
148610,2
831777,1
86202,2
178178,1
113694,2
760012,2
936872,2
424504,2
1001867,2
913744,2
798267,3
1037489,2
810666,2
619694,2
532721,1
915774,2
945677,2
1007212,3
847957,2
126663,2
311568,2
437282,3
446548,2
363675,2
430698,2
429612,3
776249,2
774368,2
714636,2
1020151,3
735822,2
1002996,2
465970,2
1027239,1
270212,3
775446,2
503736,2
356076,2
126783,2
986386,3
139475,2
168759,2
890341,3
226295,3
695776,3
790406,2
547128,2
191750,3
984643,2
326509,2
30398,2
211976,3
59766,2
75444,3
402467,2
512367,2
600901,2
591910,2
916768,3
621124,2
746907,2
120145,2
234301,3
428131,2
596684,2
893962,3
1006966,2
1030194,2
554428,2
198239,3
584756,1
321517,3
368018,2
597646,2
820085,2
619663,2
67942,3
717719,2
777933,2
731398,3
172349,2
697531,2
601305,2
627217,3
258956,3
499787,2
237402,3
366588,3
176500,2
953014,2
380495,2
552180,3
945499,2
788545,2
322749,2
120532,2
564011,3
1040051,2
954115,3
1030521,2
579328,2
649476,2
154358,3
217308,2
762340,2
433513,2
812838,2
543098,3
423108,2
943269,3
926206,2
200407,3
272804,2
440462,2
482741,3
499877,1
910322,2
700901,3
582031,3
464457,2
1006044,1
561352,2
720435,2
246615,2
679988,2
186958,2
637859,2
147116,2
434051,2
988525,2
876458,2
173266,3
943436,2
243832,3
708799,2
483861,2
381494,3
113876,1
934728,2
473125,3
384612,2
705723,2
943086,1
975604,3
250803,3
888877,2
939139,3
459311,2
840095,2
741994,3
764747,2
631136,2
1019441,2
202895,2
947961,2
1015519,3
749314,2
446101,3
21551,2
26694,2
875663,2
617655,2
848349,3
303284,2
145168,2
351688,2
98538,3
777295,1
576890,3
704954,3
245122,2
482918,2
716338,2
894481,1
902050,2
100845,2
485277,2
878960,2
113563,2
802994,2
42139,2
1007023,3
266419,3
194427,3
983833,3
659480,2
823530,2
16438,2
595002,2
749447,3
509654,2
380343,2
664327,3
214124,2
540589,2
405800,2
523150,2
194685,3
269256,2
89721,2
1051057,2
118077,2
811572,2
205629,3
679203,2
940477,2
668842,3
933952,3
700281,2
719559,2
605961,2
583826,1
643444,2
747915,2
835880,3
71275,3
919366,3
852213,2
245114,2
87499,3
1039507,3
768256,2
370556,2
483138,3
156782,2
524700,2
640258,2
807012,1
169306,2
966945,2
577232,2
598446,3
265136,3
646217,3
93876,2
851145,2
150404,1
67785,2
445666,3
104776,2
810492,2
976120,2
839572,2
171333,2
471383,2
1018661,2
579301,3
600275,1
626736,2
402876,1
131906,2
593105,3
375768,2
303932,3
331915,2
19772,2
972564,2
969651,2
645111,3
936445,2
577209,2
321899,2
56207,2
696748,2
879341,2
681270,2
980612,2
302717,2
347066,2
675147,2
301690,2
855139,3
176622,3
994450,2
757904,3
754999,3
661675,2
304422,3
840765,2
15201,3
205746,2
731129,2
744734,2
92566,3
898548,1
754818,2
264814,2
757535,1
132453,2
897044,3
247367,2
366036,1
783813,2
924945,2
661209,3
768160,3
543480,2
389558,3
7110,2
106504,2
423261,2
325959,2
364754,3
433682,3
625830,2
505788,2
572293,2
885562,2
399047,2
385008,2
253142,2
470681,3
330507,3
751887,3
783657,2
83840,1
903280,2
930128,3
476387,3
953250,2
311749,1
461339,2
322257,2
238539,3
555579,2
402174,2
5806,2
40147,3
68134,2
652993,2
524721,3
1022814,2
992427,3
961702,2
190291,2
643123,2
740638,2
169527,3
214057,3
650093,2
685850,2
167391,2
254451,3
169122,3
1025385,2
458403,2
250675,2
986582,2
10838,2
354005,2
61525,2
606356,2
1031428,2
111201,3
128767,2
571626,2
713826,2
255847,2
434210,2
977967,3
373374,2
215684,3
761137,2
1006069,2
173655,2
253382,2
351156,3
552064,3
55322,2
177664,3
268547,3
830400,2
262464,2
552834,2
260064,2
914077,2
621338,2
27885,2
336880,2
152941,2
665346,3
313180,1
650968,2
81907,2
713566,2
379449,2
182465,3
694418,3
700462,1
356578,2
328397,1
597258,3
256659,3
760737,2
482469,3
722959,2
400310,2
439985,1
462571,3
518724,2
917349,2
55738,2
178461,2
158936,2
255609,2
355510,2
8280,3
111220,1
252386,2
366555,2
364789,3
426989,1
343884,2
1003854,3
38417,2
626256,2
172699,2
520697,2
949246,3
248069,2
360248,2
463312,2
1051601,2
360363,2
665599,2
380837,2
116337,2
92443,2
259736,2
713143,2
877595,2
440164,2
769813,2
912127,2
767910,1
370555,3
525957,2
204861,3
520875,2
367315,2
541607,2
785615,2
201457,3
312607,2
328176,3
823890,2
202108,3
315937,2
388672,2
990017,2
174326,3
130193,3
284818,3
205113,2
499149,2
129949,2
1016976,2
971226,1
708663,2
110095,2
494673,2
524844,3
155752,3
125724,3
421298,3
514088,2
400404,2
1029461,3
730658,2
868566,2
336351,2
1036354,3
993654,2
499641,3
117023,2
272781,3
154003,2
234635,2
1030959,3
211828,2
296105,2
397093,2
34475,3
901460,3
167167,2
927391,2
494930,2
827943,3
171883,2
760701,2
1025046,2
690287,3
426034,2
416260,2
29074,3
140215,1
303474,2
165531,2
418923,2
14250,2
365017,2
723923,2
939793,2
110394,2
304212,1
356911,2
892642,2
627962,1
1051080,2
343428,2
207359,3
925456,2
42188,3
303382,3
830530,3
1051960,3
431123,2
7732,2
324002,2
987682,3
176138,3
958971,3
407010,2
362299,2
223865,3
689230,2
112694,3
149119,2
612375,3
728602,2
909910,3
142781,1
108335,1
1034936,2
2937,2
966114,2
458207,2
966088,3
693667,3
545113,2
821794,2
710430,3
991135,3
456654,1
387588,2
73936,2
143562,3
709613,2
911145,2
885809,2
568024,1
38885,3
966475,3
621491,2
564095,3
220708,2
12821,2
891295,2
774842,3
214081,2
858433,3
927226,3
386702,2
928551,3
60329,2
749773,2
952202,2
775637,1
569748,3
401884,2
86354,2
380394,2
991698,2
315774,3
626168,2
428788,3
208003,2
758921,2
633055,3
732953,3
426405,2
403067,3
81570,2
838604,2
278029,3
747131,2
969241,2
571912,2
258830,2
683099,1
366671,2
344427,2
992703,2
477189,2
974861,3
668040,2
764434,1
217197,2
217581,3
629322,2
973565,2
649670,2
440934,2
601565,2
976952,3
570092,3
992424,1
365838,3
690773,3
476640,2
1000358,2
169117,3
135302,2
413740,2
854618,3
442754,3
96048,3
486316,1
681069,2
736199,3
196400,2
285562,2
224050,1
238424,2
545848,3
842873,1
851080,2
328059,2
284905,3
723910,1
996871,2
891602,2
204939,2
275380,2
825338,2
164144,2
366946,2
281611,3
167678,2
220139,1
676239,3
934382,3
284017,2
974833,3
149270,2
889978,2
547789,3
967916,2
176837,2
59322,2
783420,2
84816,2
113973,2
607497,2
897090,2
706318,2
283064,2
975454,3
1007161,2
730969,2
1003874,2
832788,3
951626,2
794280,2
226827,3
602620,2
356848,2
543661,3
255271,2
28050,2
432635,1
39697,3
466431,2
585940,2
19321,3
241247,2
947739,3
746918,2
635549,2
788853,2
279404,3
130120,2
100344,2
882795,2
224663,3
826841,2
457627,2
433988,2
600685,3
233541,2
150572,3
271818,2
204924,3
571724,3
974283,2
349082,3
886123,2
948672,2
762555,3
867697,3
727078,2
507560,1
308329,3
213777,2
657703,2
122024,3
388045,2
377997,2
952548,2
228257,2
674717,2
51283,2
730004,2
548717,3
853518,3
687154,2
600920,2
87370,2
892669,2
411944,2
854245,2
822287,1
494202,3
981672,2
355246,3
437510,2
456104,3
795056,3
979608,1
96713,2
1037418,2
134869,1
984012,2
251804,2
222468,2
125426,2
131591,2
468082,2
942875,2
279926,2
29106,2
1002913,2
1036360,2
165868,2
593687,3
542516,3
489560,2
523702,3
534332,3
605645,2
277830,2
728729,3
820413,2
519370,2
120502,2
349022,1
1017307,2
541860,2
970551,2
407400,2
15942,3
907735,3
156957,2
953294,3
280096,3
576170,2
796903,3
675273,3
656127,2
921216,2
87109,2
994751,2
875128,2
616178,2
12323,2
627496,3
900463,2
592846,2
967401,2
311404,2
206930,2
137693,2
215978,2
753151,2
790816,2
416590,3
829327,2
779259,3
1017459,3
323175,1
434573,2
141409,1
669575,2
634768,2
346040,2
819853,3
915957,2
591161,3
609861,3
541966,2
909018,1
487051,3
66941,2
263495,2
893983,3
160961,3
775875,2
379344,2
817819,2
194183,3
33603,3
429335,2
593500,2
518024,3
571485,2
222363,2
34640,2
612003,2
827561,3
611456,3
639887,2
838967,2
995251,2
176264,1
612118,2
534227,2
136393,3
209884,2
665760,2
868239,2
840249,3
386292,2
711604,2
310168,2
770372,2
756239,3
345762,2
308466,2
934406,3
616110,2
103466,3
1000788,2
653083,2
341094,2
360888,1
933217,2
470249,1
593154,3
597738,2
350009,3
165832,2
20471,2
939909,2
1005517,2
230164,3
747445,1
227089,2
403249,3
192083,3
653018,2
942915,2
611236,2
31456,3
843808,2
1020267,2
847753,3
941027,3
214849,2
595848,2
766584,2
601155,2
1005601,2
145118,1
304323,2
489187,3
362247,3
981533,3
95182,2
70289,2
503748,2
363875,2
852371,3
196413,2
114233,2
1020928,2
412959,3
371701,3
770399,2
476215,2
546419,3
6796,2
748302,3
240800,2
382096,3
186411,3
265746,2
837562,2
213621,2
172471,2
855336,2
700273,2
430146,3
563541,2
628140,2
313621,3
151157,3
384291,2
853422,2
292330,2
115284,2
578695,2
503923,1
683174,1
855331,2
344628,2
212077,3
64243,2
737585,2
765801,3
713257,1
14874,2
946245,2
658910,2
1001808,2
640184,3
672111,2
523002,2
838872,3
901780,2
670801,3
704221,3
818254,2
261621,2
496464,2
187530,2
726298,3
950589,2
225439,2
765039,2
593098,3
670699,2
243628,2
869821,1
110801,2
475573,2
790872,2
1035903,3
798592,3
6734,3
1006958,2
293567,1
946429,2
553373,2
505074,2
620852,3
196995,2
112588,2
680555,2
992005,2
772551,2
1006077,2
638019,2
412605,3
612981,3
1043222,2
408530,3
548178,2
609776,2
72587,2
808330,2
921693,2
959328,2
151323,2
900812,2
632027,2
135799,3
215956,3
75129,2
397991,2
278121,2
915814,3
710209,2
491686,2
720619,2
18177,2
509325,2
788086,3
552796,2
1834,2
892060,3
25680,2
773848,3
843,2
113240,2
1015052,2
241119,2
162130,3
960317,2
105182,3
702503,2
348241,2
893730,2
589407,3
286940,2
768817,3
190999,1
786622,2
72939,2
80157,2
124519,2
382582,2
320489,2
817855,2
286116,3
572128,2
711008,2
322369,2
1021027,2
933215,3
121536,1
396424,2
865847,2
439304,2
338958,1
589344,1
552669,3
476452,3
150760,2
367163,2
902861,2
764648,2
96886,2
640316,1
241208,3
665497,2
248155,2
417503,2
832422,3
966898,2
164748,2
872327,3
173182,3
101367,2
532758,2
502962,3
497535,3
429846,2
34936,3
887615,2
794064,2
629448,2
73622,2
762779,2
293470,1
356850,2
865881,1
663480,3
485730,3
117347,3
81566,2
224744,3
183741,2
856808,2
719729,2
396954,3
751374,2
787809,2
622811,1
10473,2
595652,2
788213,2
481414,2
374343,1
701932,2
860658,2
390577,2
506236,2
452409,3
674955,2
983543,3
711548,2
400207,3
732310,2
539048,3
14182,2
776729,2
300204,2
759612,3
916496,2
582640,3
13384,3
134045,3
898773,2
136192,2
408316,2
549598,2
982416,2
691077,2
848720,1
723255,2
244199,3
872179,3
619958,3
860652,2
404668,2
631867,2
1015684,2
695969,2
772389,2
745979,2
383076,2
169298,3
958881,2
353920,2
886448,2
391863,2
863360,1
98021,3
1026279,2
191066,2
992375,3
19379,2
542004,2
571877,2
1008452,2
372775,2
465860,2
525013,3
947772,2
701119,2
911107,3
567535,2
244439,3
110290,2
762592,2
664024,2
879592,2
338250,3
101158,2
814348,3
682419,2
680260,2
317396,2
609686,2
922110,2
434848,2
898298,2
69833,2
659193,2
1037196,2
795792,2
496104,3
422515,3
101238,2
490979,2
652283,2
652985,2
367262,2
206462,2
22491,2
952898,2
283407,3
1007675,2
352431,2
497693,2
1038925,3
450657,2
169041,1
838688,2
434122,2
449991,2
502248,3
932190,3
321333,2
470061,2
649814,2
183627,2
667361,2
33896,2
91912,2
448749,2
862293,2
691548,2
1043359,3
569248,2
681641,2
184666,3
638184,2
712459,2
644938,2
339397,1
189177,3
145859,3
417578,2
789283,1
896793,3
205915,2
836652,3
531228,1
889488,1
473432,2
215540,3
178072,2
593483,3
230100,3
93286,3
529631,2
986814,3
389647,2
24753,2
1036081,1
188767,2
134459,2
502155,3
986848,2
629606,2
523368,1
1012532,2
576222,2
271002,2
943646,2
22634,1
169263,1
870278,2
322382,3
928034,3
561761,2
916232,2
396350,3
971171,2
132730,2
182636,2
992952,3
877947,2
423682,2
218251,2
631350,2
357943,2
279294,3
838857,2
129770,2
159515,3
395655,2
854212,3
153922,2
447917,3
1021404,3
422666,2
695706,2
43562,3
414531,2
422918,2
301470,3
241198,2
990575,2
127037,3
433402,2
483913,2
691503,2
70812,2
279498,2
859690,3
934352,3
834019,3
1000856,3
46384,2
1022019,3
661433,2
1009333,2
539740,2
38561,2
675935,2
688291,2
902699,2
991592,2
508978,2
390036,1
134273,2
665150,2
908799,2
207676,3
389860,2
444241,3
527750,3
976486,1
1027156,2
261971,1
526180,3
52290,3
951001,3
1044400,2
36427,2
749020,3
559166,2
721573,2
968787,1
801705,2
653913,2
884410,3
555288,2
972025,2
639018,3
296640,2
540560,2
867235,2
768662,3
231064,2
245890,3
469883,1
788578,2
799513,2
44055,2
707240,2
640531,2
1022613,3
23098,2
481463,2
106991,2
111262,3
442881,2
496833,2
202264,2
414607,2
361563,3
626700,3
19649,3
176903,2
669701,2
942993,2
166487,1
386339,2
312797,2
851309,2
994750,2
179446,2
78365,3
150523,2
839784,3
259212,2
303038,2
723234,2
700320,2
291261,3
967871,2
828436,2
316030,2
579105,2
531959,3
604147,2
302647,2
608484,2
310166,2
410525,2
399266,3
345722,1
439889,2
17839,1
520405,3
491585,1
980359,3
601982,3
53095,2
660710,2
800535,2
807561,1
756465,1
410391,2
20410,2
62919,2
767905,2
137160,2
590199,2
855530,2
47072,2
428936,2
91383,2
1007994,2
927904,2
248988,3
961228,2
900414,2
817587,2
193372,2
110267,2
677835,2
119017,2
1035659,2
841359,1
67202,2
936223,3
340483,2
846756,2
898385,1
959644,3
398900,3
25527,2
593066,2
86200,2
877862,3
95730,2
630070,3
934637,3
184349,3
493858,2
91290,2
498807,2
384966,2
764332,1
496235,3
509646,2
231076,2
10813,2
418301,2
523989,2
835485,3
740548,2
1043832,3
44967,2
164690,3
842983,2
833834,1
156592,3
381446,2
338662,3
188856,3
980221,2
543279,2
328761,2
178242,3
207773,2
760049,3
475809,3
344441,2
130684,2
696486,2
104299,2
605661,2
114572,2
445969,2
197219,2
515677,2
180318,1
707171,3
329391,2
734883,3
372393,3
915825,2
3620,1
494219,2
490066,2
317288,2
182653,2
645472,3
85970,2
983721,2
915598,2
397223,2
336239,2
851425,2
91696,2
624163,2
1008020,3
382811,2
1044889,3
143871,3
465135,2
488918,3
62284,3
580874,2
17283,2
779958,2
402213,2
953039,2
891725,3
17366,2
916339,2
469480,3
876273,3
19726,3
599140,2
864566,2
805904,2
427704,2
907484,2
220926,2
768077,2
50187,2
485397,2
654686,2
737727,2
150216,2
941313,2
656043,2
79073,2
160909,3
703389,3
988420,2
711755,2
952133,3
59896,1
320326,3
686562,3
1025829,2
707312,2
436427,2
618256,2
418298,3
635842,2
914803,3
30801,2
317665,2
484522,1
332198,3
442400,3
671248,3
225444,2
183842,2
720915,2
355635,2
395787,2
220427,1
463690,1
391718,2
84196,3
594620,3
710277,1
372590,2
831220,2
19585,1
264801,2
732541,2
779069,3
8365,2
319910,2
241271,2
333329,2
937192,2
211022,2
295436,3
387866,2
908747,3
754479,2
317683,2
699824,3
527604,2
494231,3
387063,2
870967,2
670090,2
984667,3
1013236,2
591858,3
929184,2
1037656,2
496919,2
731902,3
704418,3
884831,2
6506,2
715193,2
802987,2
841419,2
604445,2
309760,3
240628,1
253672,2
164941,3
993228,2
960945,3
558938,2
452210,2
268209,2
630121,2
869038,2
561578,3
452924,3
599092,2
127753,3
992157,3
736352,2
959049,1
892301,3
248714,3
125609,2
636406,3
37703,3
835884,2
24855,2
400126,2
352538,2
658601,2
940850,2
380743,2
815760,2
959481,2
550425,3
235727,3
529328,2
969010,2
82868,2
590379,3
39177,3
1038427,3
850260,2
573071,2
368917,2
763641,3
555259,2
575426,2
936346,2
561746,1
515421,2
756503,3
297459,3
567802,2
169003,2
164795,2
677765,2
360612,2
191117,3
692465,2
107500,3
656361,2
964822,2
928626,3
136465,2
764751,2
616,2
661853,3
649531,2
505246,2
926659,2
125889,2
520930,3
86875,3
547329,2
406212,2
87533,2
61833,1
81418,3
615402,2
192596,1
544131,3
99974,2
209220,2
861798,3
587045,3
184590,2
1035892,2
92550,2
284588,2
77805,1
589283,1
520293,2
386337,2
356080,3
249270,3
262389,2
490180,2
852129,3
200580,3
274212,2
346403,2
23090,2
368113,2
442399,2
320737,3
666596,3
201091,2
761427,3
154140,2
291593,3
275766,1
682525,3
189916,3
623766,1
589172,1
74091,1
972408,3
223135,2
683997,3
423974,2
723381,2
344592,2
974059,2
191441,2
303482,3
953522,2
247636,2
129715,3
902758,3
457973,2
398776,2
574977,2
959524,2
1009871,1
772789,2
391961,3
374187,2
216747,2
771626,2
533270,3
956262,2
39164,3
447370,2
543545,2
844864,2
398173,2
1039758,1
444855,3
509820,2
958428,1
928108,2
1045929,3
1023418,2
77855,2
1048486,2
435836,2
78525,2
91228,2
636650,2
297295,2
658609,1
299978,3
359119,3
803942,1
833358,3
131736,2
411899,2
96640,2
939964,2
867794,3
72565,3
473263,2
326687,2
740458,2
737929,2
239184,1
776540,3
109808,2
958684,2
90627,2
692855,2
362237,2
699349,3
290389,3
50698,3
557954,2
768504,2
263657,2
1026940,3
803231,3
939420,2
114613,2
833952,3
555637,2
590781,3
703433,2
875401,2
727241,1
721147,2
357797,2
588947,2
102266,1
260087,3
386603,2
253006,2
88920,3
905523,2
769339,1
218334,2
1047981,2
871391,3
485442,2
1011071,1
720527,3
112815,2
603995,2
629127,2
547824,2
141815,2
1052831,2
585813,2
683039,2
909286,2
821848,2
613623,2
647544,2
57215,2
832291,3
772896,3
840030,1
326021,2
605348,2
186313,2
275005,3
155849,3
749628,1
31627,2
691618,2
327780,2
1007827,3
437135,2
633554,2
519859,3
541892,2
389779,3
894878,3
376669,2
681334,2
748480,2
257100,2
402495,2
446244,2
771693,2
388550,3
575697,2
411193,2
799866,2
395377,3
360448,3
947046,3
783479,2
437721,2
343585,2
952878,2
40656,3
954973,2
27460,2
307053,2
257809,2
263717,2
781367,2
346849,2
46485,2
945543,1
527399,2
614539,2
179256,2
424926,2
542818,2
766383,2
861549,2
952214,2
762842,2
215424,3
523223,3
964621,2
93734,2
623083,2
375413,3
748304,2
139903,2
177856,2
956498,2
743809,2
383082,3
805648,2
130274,2
41797,2
1018734,2
830105,2
985112,2
267476,3
449076,3
686606,2
683287,3
589076,2
452237,2
895975,2
501015,2
659014,1
618976,3
47523,3
138315,1
702216,2
172746,2
544296,2
289662,2
239985,3
830225,3
803300,3
995853,2
757327,2
18510,2
734998,3
805485,2
539411,2
552003,2
366559,2
429019,2
58981,3
872339,2
842677,3
60641,2
921511,3
516991,2
282004,2
205023,3
558186,1
208725,2
378131,2
503574,2
489876,1
137084,3
201637,2
707949,2
960040,2
934864,1
331518,2
513874,3
305919,2
465075,3
871952,2
271489,3
123498,3
85096,2
919075,2
965343,3
686102,3
63795,2
194447,3
111389,2
860546,2
818025,2
765266,3
280160,2
1001605,2
510576,2
915135,2
589879,3
389990,2
616074,2
132902,2
293528,2
189017,2
519939,2
103249,1
138007,3
812077,2
159378,2
53242,3
356484,3
901942,2
839146,2
246353,2
75443,2
44881,2
58724,2
945848,2
1043383,2
515193,2
735941,2
616263,3
651965,2
67706,1
106429,2
501426,3
290823,2
147004,2
732682,3
873941,3
327508,2
383899,2
539182,1
1049519,2
404334,1
389165,3
200844,2
55523,3
441898,2
942256,2
1004339,2
373173,3
475571,2
225810,2
987119,2
773718,3
588650,2
92269,2
500615,3
783269,2
575683,2
1030518,2
95181,3
23761,2
766877,2
864777,3
638952,3
65556,3
921655,2
591076,2
328033,2
799773,2
329294,2
597414,3
509995,2
305373,1
176373,2
1025195,2
617059,1
594891,3
849251,3
359498,2
219925,2
519183,2
69222,2
353852,2
535705,2
447157,3
857291,2
479408,2
737900,2
80308,2
710141,1
188071,2
552510,2
455657,2
724127,2
917590,3
119592,2
450141,1
476801,2
897821,3
189173,2
860407,2
369226,2
322021,2
832135,2
876321,2
120422,2
658904,2
180043,3
872497,2
959707,3
984713,2
950667,2
941704,3
355173,2
399346,2
738091,3
716550,2
292629,3
663009,2
715624,2
183073,2
788508,2
44325,2
520913,2
219808,2
1001090,2
785034,3
897813,2
1049078,1
312599,3
976330,2
211462,3
840054,3
106061,2
67461,3
36608,3
716248,2
603396,2
99034,2
595404,2
394084,2
442198,2
836008,2
516420,3
371977,2
361834,3
1014100,2
407604,2
874935,2
212170,3
111790,2
981703,3
254483,2
966435,2
994291,2
841174,2
98485,2
624898,2
628036,3
532422,3
1002311,3
905388,2
967450,2
487908,2
85663,2
961558,2
749961,1
842145,2
638864,3
980691,3
110291,2
300115,2
206979,3
756559,1
33154,2
600230,2
560993,2
242107,2
540147,2
1047132,2
184230,2
765172,2
364667,3
838293,3
537622,3
978572,2
156264,1
892038,3
396143,2
775410,3
412368,2
332620,3
992415,2
860985,2
18123,1
274970,2
301255,3
329611,2
863098,2
976670,2
83122,1
591498,2
1037168,2
532550,2
609873,2
767355,3
71491,2
265509,2
1042504,2
37188,2
397930,2
74279,2
583498,3
321633,2
347610,2
199596,3
541329,2
896054,2
103711,1
916037,1
883028,3
389003,3
528024,2
1047279,2
940010,2
230453,1
281383,3
898175,2
837363,2
997399,2
912148,2
575279,2
351852,2
375609,2
611359,2
925339,2
45624,2
273558,3
451051,2
179101,2
777745,2
875393,3
926368,3
80426,2
389374,3
892356,3
173231,3
821674,1
570805,1
467250,3
330018,2
972134,3
1007263,3
95926,2
232023,3
477623,3
262490,3
44572,2
941647,1
790637,2
362198,2
160623,3
567612,2
732938,2
672158,3
87294,2
806503,2
42923,2
674125,1
204931,2
687757,2
802556,2
134213,2
355946,2
186043,3
436576,2
458547,2
40776,2
158059,1
17840,2
902621,2
545797,2
673157,3
914103,2
79836,2
423883,2
6273,3
169338,2
927160,3
708167,2
491549,3
452288,2
797898,3
546334,2
527074,2
484121,2
1010434,1
358712,2
661085,2
304423,2
287396,2
6817,3
929314,3
1041787,2
681159,2
424723,2
826092,2
568067,2
697139,3
418822,2
453564,2
891932,3
981720,2
1051507,2
480016,3
1019520,2
742335,2
295998,3
1001679,2
470950,2
712772,2
245035,2
196617,2
380706,2
350732,2
673230,2
619926,2
684981,2
122390,2
1013297,3
82078,2
548388,2
174188,1
519465,2
280966,2
675166,3
357329,3
425054,3
856299,3
321549,2
122551,2
664190,2
88742,2
250370,2
522908,3
494796,2
331328,2
140590,2
816187,2
887466,2
493751,1
650800,3
723839,2
741637,2
70122,2
463159,2
412377,2
1010904,3
470391,3
769728,2
898350,2
1034634,3
740560,2
289701,2
447914,2
1006622,3
895444,1
75673,3
596216,2
96761,1
350972,2
957194,1
483802,1
894212,3
511631,2
389853,2
369523,2
573329,2
550792,2
1033476,2
974739,2
612638,2
483338,3
581119,2
777124,3
315675,2
704170,3
289364,2
958418,1
279537,3
626146,1
231877,3
987661,2
375316,2
114046,3
367972,2
692840,2
834835,2
772982,3
322552,2
825447,2
896009,2
493522,3
644522,2
989503,2
225154,2
813393,2
640152,2
634440,2
438103,3
865461,1
312750,2
571255,2
520675,3
144368,2
120328,2
719472,2
365304,3
452554,2
843654,2
407114,2
668112,1
312184,2
132348,2
519677,2
40481,2
502198,2
138550,2
305395,3
1008229,2
1048368,3
548325,3
320434,3
945592,3
247905,1
161757,2
172194,3
242024,2
109835,2
1004940,2
730452,3
101768,2
190460,2
133504,2
885523,2
270948,3
551199,1
838382,3
601342,2
737054,2
389610,3
620617,2
1052215,2
4896,3
337486,2
530655,2
317368,2
535020,2
206859,2
752967,2
703625,2
609097,2
110386,2
314696,2
696864,2
382338,1
521629,2
340667,2
889437,3
665705,2
849746,3
12652,2
571702,2
70527,2
859886,2
470546,2
261869,2
805172,2
82027,2
275216,2
648478,3
628193,2
528678,2
21616,2
935707,2
204639,2
953317,2
60784,3
221116,2
210520,3
584647,2
560615,3
1006766,2
411941,3
368584,2
934025,2
245339,3
731747,2
448350,2
675765,2
542021,2
21386,2
987978,2
161595,2
870504,3
363242,2
600360,2
683680,2
769303,2
458264,2
624543,2
3418,2
328264,2
109454,2
170773,3
413151,2
649762,2
155568,2
649334,3
355620,3
105880,1
930519,1
945788,2
831775,2
935210,2
632323,3
446109,3
270444,2
974782,2
907071,2
922701,2
957087,2
275568,2
782481,3
664277,2
867860,2
154998,3
335613,2
485194,2
127757,2
615874,2
391625,2
109671,1
350919,3
76893,2
753591,2
333900,2
868230,3
71235,2
348797,2
784339,2
526869,2
897980,3
658856,2
272431,2
677397,2
181921,2
730652,3
950730,2
504668,2
66395,2
110784,2
704058,2
645976,3
368368,2
505558,2
588618,2
38611,2
1050209,2
817724,2
324191,2
50516,1
62567,2
997232,3
613062,2
85051,2
708016,2
967732,2
592517,2
223663,2
505828,2
280243,2
37671,3
716241,3
950092,1
292138,2
265560,2
428992,2
35423,2
859264,2
515373,1
6933,2
819349,2
463308,2
285595,3
584824,3
219232,2
831409,2
232635,2
56416,2
250834,3
322936,3
688373,3
149223,1
496675,2
469063,2
922425,2
805509,1
539269,1
163587,2
1007236,1
790392,2
886057,2
796467,2
126301,2
869,2
791667,2
373724,2
493373,1
647423,3
62024,2
664725,3
890389,2
111781,2
1009734,2
834058,2
810527,3
985248,3
359333,3
328101,3
1005863,3
126909,3
510074,2
416207,2
745880,3
335647,3
817539,2
851601,2
173630,2
1043342,2
137069,2
961385,3
100943,3
261978,3
359607,2
382211,3
354287,1
835680,3
663909,3
447698,2
545798,2
913259,2
371739,3
977767,2
650153,3
475754,2
881908,2
650706,3
247375,3
1008478,3
752067,2
988278,2
778185,3
540825,3
201351,2
401481,2
313174,2
926679,3
128233,2
497426,3
972340,2
184949,3
403301,2
708902,3
1043759,3
41259,3
527935,2
480807,2
1016504,3
286387,3
657972,3
471489,2
358899,2
252478,2
913444,2
1033237,2
937030,2
38755,2
309123,2
991065,2
75078,3
737856,1
23425,2
164874,2
1038201,2
799648,2
773745,3
365530,1
832751,2
585700,2
855591,2
203087,2
319659,2
1018809,2
701907,2
84700,2
925022,2
953962,2
389613,2
476160,3
733264,2
193542,2
574854,2
218799,3
784812,2
488773,3
946239,2
519310,2
131527,2
352071,2
331717,2
982022,2
225728,2
425685,3
55584,2
771593,3
402192,2
892188,2
264908,2
617388,2
890956,3
875019,2
69090,2
647037,1
336651,2
274061,3
470291,2
8495,3
1004878,3
430386,1
877380,2
776041,2
863162,2
175136,3
738365,3
518626,2
780181,3
908891,3
668209,2
345187,2
353728,2
709815,3
234162,2
85252,3
137513,2
334124,2
100143,2
985128,1
128741,3
780958,1
661444,3
246808,2
730896,1
420783,2
985966,2
114940,2
839199,2
896974,2
325872,3
942408,2
419964,3
168406,2
18629,2
243968,2
537010,3
328340,2
743886,2
896988,2
675266,1
999272,1
57501,3
591546,2
1033634,2
701412,3
471037,1
312192,3
846491,2
439805,2
92575,1
611235,2
128640,2
162527,2
507021,2
236701,2
79912,1
295556,3
568149,3
241715,2
607820,2
221280,2
1021344,2
770758,3
524245,2
141898,1
469997,3
534391,2
459258,1
747513,3
757187,3
555138,1
18448,2
982926,2
433940,2
711020,2
297644,3
131199,3
888853,2
1039482,3
799093,2
832464,2
572898,2
239610,1
953744,3
225659,2
765147,2
827588,2
121689,3
820864,2
790357,3
626260,2
449988,2
51087,1
31045,3
518930,2
843191,2
1025492,2
432789,3
1049901,2
667664,2
420326,2
987245,2
669527,3
285039,2
1033601,2
1046039,3
734707,2
892737,2
1027010,3
599518,3
927601,2
746243,2
291594,1
637339,2
689703,2
21528,3
1041667,3
682500,2
966334,3
116058,2
999405,2
1010257,3
237996,2
193666,2
793012,2
263033,2
769523,2
509128,1
418530,2
444527,2
400631,1
742784,3
490156,2
324893,2
798696,2
338907,2
215233,1
234337,3
315926,2
227054,2
257400,2
706366,2
1045973,3
51915,2
508644,2
52945,3
266046,2
870597,2
243159,2
431591,2
315910,2
1016397,2
297915,2
1001069,2
775037,2
532567,3
494788,3
878611,2
114917,2
225351,2
987425,3
150163,2
278046,3
961662,2
1008287,2
141778,2
563491,2
591440,3
867433,2
130401,3
845833,3
1040318,3
143839,1
842785,2
794658,2
131363,3
781375,2
966632,1
96160,2
23270,2
151413,2
45775,2
907967,2
876083,2
638381,2
144693,2
537458,2
332677,2
934686,1
685727,3
402938,2
693487,3
650955,2
68857,2
230919,2
652626,2
365105,2
1000528,3
204503,2
144145,1
792738,2
767255,3
1008463,2
230014,2
1035350,2
573628,3
532119,2
544470,2
504680,2
93492,2
109670,2
312235,2
679062,2
723211,2
549395,2
917803,3
94896,2
1046464,3
1051690,3
384799,1
904396,2
680377,2
467455,2
641062,3
310313,2
999078,3
854194,2
677326,2
89785,2
507335,2
290360,3
51631,2
693812,2
67183,2
990690,2
40006,3
198383,3
356778,2
163012,2
842916,2
855493,2
113051,2
574836,2
515830,2
160994,2
497930,2
185521,2
647596,2
188960,2
742126,2
13437,3
796952,2
959159,3
341194,3
193460,2
22769,3
957097,1
101176,2
298581,3
911854,2
55147,2
371819,3
533207,2
304599,3
620041,2
633141,2
679038,3
217280,2
575576,2
444001,2
301625,1
335615,2
360757,3
818492,2
166135,3
750433,3
428168,3
163274,2
591920,3
816215,2
11026,2
694393,3
400596,2
257294,2
621129,2
200900,3
344716,3
120698,3
666998,2
955777,3
92863,2
841373,2
926557,3
156790,2
760581,3
171091,3
137771,3
858792,2
137902,2
326771,3
219915,3
439379,2
372789,2
656012,3
897632,2
5851,2
146326,2
899628,2
624046,2
557329,3
72302,2
478915,3
729567,2
444602,2
51173,3
958912,3
847128,3
1033577,2
701542,2
489573,1
244538,3
491105,3
384327,3
718994,2
452935,3
731048,2
691362,2
204078,2
752725,2
1041468,2
888428,1
600571,3
119018,2
821455,2
849439,1
455383,2
766659,2
423712,1
2404,2
322682,3
726536,3
159599,2
568234,2
566432,3
455321,3
1035422,1
302410,3
956419,2
317962,2
629191,2
858846,2
956317,3
917217,3
993893,3
806885,2
289335,3
900296,2
789609,2
908923,3
64883,3
36940,3
106787,2
240710,2
463467,2
30452,2
457339,2
873703,3
71521,3
749613,2
634034,3
253574,2
752007,2
717941,3
123682,3
343824,2
264619,2
470682,2
654529,2
962531,2
194569,3
1005501,2
887445,2
747206,2
571184,3
96174,1
433307,3
19516,3
203408,2
726314,2
40969,3
222710,2
461031,2
770508,2
794377,2
571109,2
299331,2
976054,2
711320,3
79500,3
414825,2
889201,2
606744,3
226919,2
811007,3
962397,3
65865,2
456932,2
492700,2
524568,2
967376,2
721516,2
1031046,2
456358,2
580712,3
442569,2
547704,2
159053,3
212746,2
899539,3
527298,2
631782,2
687036,2
534461,3
125158,2
1019133,2
871444,2
699738,2
470490,2
426502,2
726797,2
568148,2
633796,1
638849,3
882794,1
255089,2
150143,2
517030,1
923733,2
851167,3
235087,3
486003,2
494150,2
933262,2
729094,3
425098,2
431498,2
261106,3
463043,2
187159,2
902019,2
728730,2
680364,3
864251,3
143479,3
229176,2
6863,1
542306,2
540313,2
143090,2
480442,2
166157,3
411327,2
914878,2
225107,2
615173,3
599449,3
976086,2
37400,2
740653,3
446575,1
19193,1
377201,2
670983,3
241824,2
347159,2
823081,2
913769,2
451460,2
442963,2
436931,1
829811,2
306424,2
398795,2
401698,2
1049242,2
580620,2
999510,3
60927,3
49347,2
674302,3
612398,3
117544,2
204989,2
565305,3
709393,2
305953,3
1029047,2
840347,2
89738,3
940319,2
857206,3
517117,2
225418,2
67668,3
298318,2
573877,3
724165,2
943521,2
115011,3
295449,3
715115,2
726188,2
872826,2
389216,2
489415,3
515181,2
1013460,2
509921,2
906905,1
279575,2
481965,3
866662,2
63695,2
895508,2
4974,2
344531,1
693135,1
246564,3
890117,2
721150,1
78150,2
420552,1
496015,2
505977,2
628722,2
417150,2
267597,2
190296,2
865971,2
280790,2
1044975,2
853058,1
1011530,1
744820,2
144850,2
413819,2
807907,3
358003,2
741989,3
598060,2
518646,3
648251,2
755623,2
784026,1
235517,2
663568,3
649382,2
405161,2
793366,2
238679,2
400287,3
427770,1
584439,2
330592,3
854738,2
311610,2
153308,2
780652,3
342819,1
340211,2
118387,1
604523,2
189073,2
225634,3
157674,2
686908,3
44024,2
582854,2
698045,2
259457,2
167670,3
932921,2
897425,2
849208,2
354069,2
357376,2
396530,3
916067,2
546332,3
494124,2
144875,2
723282,3
675453,1
949103,3
1010217,2
335969,2
460138,1
1004130,2
1013612,2
653960,1
130626,3
771092,3
1015332,2
774183,2
609369,2
853908,2
642051,2
885407,3
425014,3
389894,2
615363,3
794063,2
998514,3
432182,2
434591,2
557263,2
515277,2
1000739,2
1017561,3
821765,3
227466,3
801902,2
816397,2
913154,2
570777,2
876113,1
199896,1
538981,3
416495,2
751732,3
712197,2
941948,2
469286,3
602598,3
175877,1
545145,1
926259,3
293483,2
953914,2
598625,2
515852,2
725541,2
157847,2
127044,2
725884,3
242040,2
1052343,3
101211,2
889741,2
68378,3
478089,3
617361,2
734320,3
770031,2
267161,2
92393,2
829077,3
1015547,2
771552,2
782254,2
314817,3
991076,2
633047,2
1007973,2
68213,2
569221,1
797448,1
531875,1
281992,2
915196,2
663703,2
207443,2
525819,2
511100,3
903601,2
553584,2
64977,2
195108,2
214053,1
711888,1
53420,2
769441,2
710212,2
570391,2
107499,2
474374,2
1035910,2
497742,2
291611,2
479720,2
990125,2
599865,3
892987,2
166057,2
856692,3
752323,2
35863,2
912575,3
88090,2
200974,2
989866,3
994753,2
125831,2
693382,2
630875,3
180668,1
783920,3
965261,2
664866,3
542797,2
1007033,2
896261,3
812448,3
375389,2
37236,2
24798,3
705474,3
510833,2
285092,2
738387,2
634520,2
430,2
813113,2
556953,2
441067,2
613739,2
538143,3
1011404,2
39136,3
469006,2
672269,3
865522,2
19526,1
469486,3
199173,3
548704,2
9287,2
33833,2
701251,3
144660,2
710571,3
816264,2
619889,2
672707,2
370219,1
885458,3
992400,2
634877,2
620290,2
750740,2
62243,3
1016798,3
727174,3
250117,2
370903,2
6995,3
876407,3
983747,2
826444,3
911113,2
159032,2
837818,2
905393,1
947850,3
725716,2
506482,2
519372,1
765401,2
225021,2
619094,2
402162,2
433023,3
596251,2
843023,3
981970,2
485324,3
282688,2
236529,2
559604,2
901186,2
87466,2
311200,1
803570,2
843208,3
815540,2
942184,2
941378,3
506167,3
290359,1
717515,3
170681,3
786706,1
775167,2
1020340,2
90524,3
601177,2
537976,2
720580,2
989932,2
827161,2
936038,2
708680,2
39442,2
129303,2
118021,2
120986,2
926811,2
787233,2
162463,2
540482,3
843299,2
781165,3
380272,2
54244,2
710552,2
952373,3
907242,2
374273,3
288560,2
229166,3
990454,2
1024974,3
217774,2
845459,3
341212,3
56448,2
59567,2
827686,3
272295,2
123703,2
519303,3
873322,2
651000,2
170839,2
792373,2
433347,3
469539,2
67704,1
455868,2
124958,1
712470,2
495375,2
866011,2
103382,2
630276,2
627926,2
887903,3
727235,3
182124,3
252348,3
728614,2
586452,2
65062,2
422306,2
121366,2
491858,3
893551,3
785275,2
669509,1
369177,2
201213,3
710216,2
127685,3
932483,2
380810,3
454459,2
951386,3
846388,3
347398,1
525087,1
700206,3
226573,2
893746,2
181,2
228970,2
690057,2
230186,2
86508,2
941981,2
158594,2
317227,2
298467,2
814806,3
462665,2
549471,1
148066,2
532597,2
1030391,3
382558,2
28997,2
995136,2
978297,2
247010,2
844206,2
239858,2
463298,3
570019,2
127789,2
1024805,2
984710,2
606825,2
303105,2
257979,2
783591,3
757580,1
527526,3
210385,2
610727,2
969504,1
50881,2
947000,1
59922,3
839218,1
906366,2
643641,2
653201,2
518150,2
969556,2
384854,2
783600,3
371246,3
887705,2
457762,3
789030,2
658732,2
197938,1
874256,2
482631,2
45175,2
345420,2
200249,2
897054,2
839331,3
655119,2
869858,2
557727,2
1003405,2
130579,3
516179,3
45105,3
212567,2
92537,2
218375,2
21098,2
777253,2
438627,1
876301,2
266338,2
631049,1
517542,3
903898,3
172656,3
921531,2
1038147,3
57472,3
706677,3
6764,2
781984,2
545854,2
724018,2
1027184,3
18790,2
61735,2
174858,2
541839,2
611976,2
913271,2
119970,2
545069,3
1000815,2
693362,2
96275,2
427334,2
604143,2
946709,3
114189,3
699630,2
616356,3
369874,2
295611,2
546095,1
110941,3
488274,3
849508,2
93829,2
615543,2
475165,2
438320,2
752603,2
213857,3
519517,2
461525,3
329075,3
618016,2
401668,2
299553,3
669846,2
26457,3
508091,2
676640,2
213490,2
855521,2
749848,2
1051731,2
404882,2
19850,3
558179,3
613567,2
288876,2
913721,2
945591,3
464051,3
734991,2
753846,2
202602,3
123763,2
72950,3
140843,2
387701,2
390290,2
866701,2
1004276,2
282979,3
482417,2
659334,2
51018,3
464370,3
15253,3
99228,3
410839,3
156737,2
866131,3
496164,3
268969,2
779228,3
91241,3
465096,3
259511,2
476259,2
386396,2
577231,2
753380,2
541720,2
770937,3
231746,3
318940,2
240796,2
380,3
264423,2
105586,3
99926,2
626436,3
348987,2
643589,2
691705,2
425251,2
285495,2
61797,2
1037617,2
705100,2
640485,2
662237,2
467893,2
807620,2
940199,2
93543,3
412731,3
614431,2
718666,3
47252,2
924499,1
576872,2
1037470,3
156587,2
652687,2
412754,2
671514,3
414497,2
1051784,2
982639,2
643789,3
452238,2
689967,2
114375,3
281661,2
412706,3
813382,2
519230,1
436519,3
210317,2
432037,3
614927,1
945241,3
426557,2
843909,3
145267,2
693804,2
641005,2
886451,3
294342,2
260725,3
713986,2
20567,3
184641,3
1011819,3
323989,3
632586,2
1044515,2
183236,3
156125,2
202068,2
566639,2
944583,2
1027297,2
147193,2
788214,2
115385,3
402372,2
102757,3
987164,2
352089,2
905497,2
501692,3
1041641,3
95816,2
559773,2
640363,1
908962,2
882857,3
754050,3
263205,2
935982,2
564623,3
980798,1
62015,2
809726,3
669893,3
403805,2
138470,2
868047,2
279208,2
12641,2
905817,1
232980,2
875165,2
574743,3
794406,2
20962,3
110834,2
339919,2
337797,1
906056,2
871684,3
618064,1
770770,2
254717,2
653398,2
685739,3
1023201,2
566479,2
940946,2
349787,3
244547,3
725262,2
201447,2
480835,3
408037,2
666458,3
906761,2
478216,2
481655,2
706139,2
425589,2
961883,3
987623,2
846468,3
178932,2
698157,2
87308,2
185060,2
187935,2
500762,3
335420,3
408633,2
812907,2
611605,2
1036766,3
175411,2
503052,3
569856,2
91137,2
891540,2
400248,3
476300,2
395362,1
879960,2
732885,2
996238,2
698381,1
652671,1
977086,2
406029,2
409594,2
471019,2
212361,2
344156,1
275196,2
522377,2
802409,2
681422,2
163552,2
308296,3
240168,2
622327,2
169359,2
131710,1
660235,1
722180,2
257004,3
471852,2
208750,2
154378,2
211239,2
926281,2
780364,3
745194,2
918,3
397663,2
842810,1
707090,2
403684,2
374323,2
561586,1
787623,2
848328,3
933174,2
677461,2
163525,3
589233,2
876170,2
916340,2
662361,1
996418,1
995869,2
255408,2
557072,2
498083,1
1043993,2
390724,2
674192,3
1025451,2
491786,3
305164,2
674863,2
862515,3
280298,2
182329,2
1027580,2
298644,3
172454,3
755703,2
449509,2
303157,3
888696,2
732984,3
930077,1
194551,1
978721,2
926415,2
581541,2
135092,3
188111,2
162563,2
640141,2
668177,3
362063,2
284729,2
891239,3
445953,2
1017157,2
940541,3
253867,2
213956,3
770939,3
892933,1
78680,2
337785,3
936660,2
547161,3
956546,2
436934,3
737608,2
181312,3
335851,2
168720,3
457391,2
77962,3
376952,3
991832,2
821808,2
777690,2
82255,3
227506,2
345888,2
510258,1
587603,2
459610,2
535498,3
449162,1
743275,2
8217,3
411798,2
617852,2
387551,2
350319,3
800635,2
539807,2
551973,3
77350,2
497641,2
960224,3
497494,3
509005,3
689792,2
337984,2
689167,2
36086,2
389267,2
831475,2
70739,2
922009,2
863260,2
259889,2
632516,3
738278,3
672510,2
808393,2
583247,2
274115,3
4211,2
375624,2
751349,3
797905,2
382957,2
1001144,2
1048204,3
90863,2
211522,2
715261,3
334170,2
295308,2
315088,2
409519,2
607729,2
153035,3
663811,3
40123,2
921768,2
441758,2
291373,2
279219,2
148368,2
994052,2
638329,3
848327,3
302945,2
1026218,2
736292,2
884599,2
296399,2
520709,2
407702,3
322915,2
1040366,2
80242,3
528757,3
835083,3
180063,3
98411,2
133325,2
730940,2
321859,2
131509,2
345534,1
168966,3
378666,2
801157,3
890692,2
330625,2
144007,2
247786,2
418725,3
240963,2
180329,2
1022939,2
670304,2
422755,2
808333,2
882393,2
74410,2
594525,2
1035066,2
230753,2
718959,1
919681,2
343239,2
459122,2
640594,3
38784,2
665870,3
440257,2
208365,1
856817,2
756412,1
183542,3
353464,2
629795,2
248263,2
59823,2
756963,2
820279,2
672839,3
592097,2
213043,2
209600,2
484757,3
584207,3
323325,3
739393,3
809055,2
448476,2
831562,3
359838,2
619437,2
880238,2
736380,2
1022788,2
738324,2
1006823,2
1016741,2
603771,2
944464,3
1039444,3
638391,3
343833,2
377082,2
872829,3
815334,2
492767,2
456128,2
145190,2
806414,3
879996,2
887327,2
682375,2
368367,3
401979,2
565881,2
568772,3
590589,3
523899,3
424847,2
802163,2
956497,2
374087,2
532902,2
585871,3
302671,2
604915,3
489680,1
863008,2
599038,3
76492,2
158080,2
966566,2
183242,2
197909,2
344421,2
712139,3
474184,1
741586,3
120087,2
31413,2
347608,2
439502,2
34993,2
418284,3
619558,3
340375,1
160938,2
416929,2
780935,2
437531,2
35521,2
304458,2
589544,2
267046,1
429833,3
548399,2
526044,2
349511,3
554604,1
382655,3
894352,2
146602,3
34619,2
185082,3
582714,2
782893,3
825104,2
560143,2
500290,2
22007,2
387183,3
213354,2
211929,2
81510,3
656576,2
551572,3
712789,2
481501,2
538592,2
373633,2
359134,2
69840,3
732293,1
27565,3
761522,2
278268,3
954965,3
722786,2
616596,1
327500,3
891761,2
590987,2
939165,2
26214,2
178409,2
821482,2
312845,2
258822,2
232193,2
970504,2
533646,1
921512,3
132993,2
997528,2
708678,1
191481,2
970279,1
203861,3
433895,2
30782,2
199452,2
375604,3
271942,2
519863,3
307116,2
63721,3
486136,2
561970,2
492983,2
993979,2
551322,1
1014142,2
428034,2
69166,2
179052,2
160393,3
723392,2
731845,2
219620,2
82219,2
52460,2
133468,3
258315,2
800475,2
524180,2
214020,2
152113,3
351824,1
589618,1
318102,3
29785,2
683837,3
660930,2
268107,2
872794,2
834037,2
449939,1
552762,3
252687,3
121433,2
1004451,2
314305,3
635123,2
589293,2
575566,3
11390,2
452138,2
413486,2
654512,2
128168,2
69393,2
9664,3
106451,2
961181,3
918700,2
43098,2
386773,2
126254,2
673211,2
173354,2
763159,2
12905,2
995728,3
939382,2
51074,2
125221,3
964365,2
606971,3
913278,2
609206,2
802783,1
965632,2
306452,2
714490,3
512018,2
864554,2
22019,2
545185,2
396994,3
240959,2
838920,3
100,2
212007,3
682642,2
105062,3
723552,2
830762,2
939079,3
155124,2
448741,3
1045479,3
279354,3
599240,2
777685,3
552950,2
539162,2
8817,1
456518,3
874321,2
249302,3
949284,1
1022056,1
39207,2
614068,2
758867,2
194725,2
424595,3
90081,2
412671,2
331559,2
354249,3
750958,2
220231,2
797934,3
234798,3
150218,2
1039057,3
880743,3
586954,2
451865,2
800281,1
229190,2
195162,2
1035527,3
941056,2
225019,2
274596,2
760489,2
891288,2
233416,1
43719,2
615052,3
1043569,2
262901,2
221639,2
323686,2
247854,2
1041883,2
360233,2
125225,2
795705,2
983206,3
748327,1
777631,3
329263,2
982167,2
1003334,2
185274,2
907134,3
315006,2
1018977,3
923212,2
164565,2
919345,2
468592,2
920267,2
842283,3
424060,1
510092,1
342118,2
845069,2
1044080,1
366403,3
1051897,2
571169,1
936006,2
242294,2
891264,2
194894,2
1033948,1
586114,3
21696,2
873602,3
158727,3
509800,2
247226,2
805743,2
604473,3
364297,3
36632,2
634975,2
411763,3
182125,2
625188,2
789651,2
331086,2
467928,1
356980,2
504973,2
794471,2
953986,3
52127,2
130378,3
1023188,3
277130,3
1040398,2
789325,2
469435,2
978627,3
281217,2
522084,1
1047455,3
481233,3
300533,2
399144,2
294169,2
379599,2
487645,3
272693,3
748037,2
582858,2
35945,2
615133,1
541744,2
629942,3
265957,2
43180,2
738600,2
810857,2
577431,2
812841,3
649314,3
1044595,2
338263,2
834153,2
351766,3
82827,1
660655,2
914774,2
723988,2
133373,3
390566,2
697404,2
801301,3
950828,2
866492,3
743083,2
23754,2
748855,2
812117,3
650367,3
537880,2
981945,2
821423,3
702280,2
539071,3
646724,1
927572,3
525669,2
526696,2
153473,2
925784,2
615840,3
722133,2
158886,2
429530,2
975422,3
504990,2
587786,3
430475,2
141971,2
596687,3
317193,3
1003162,2
497471,2
660827,1
161070,2
800078,2
653176,3
494397,2
736092,1
823489,3
1045143,3
977848,2
423472,2
181582,3
1002926,2
913383,2
561114,1
194304,2
446356,2
913218,2
953661,2
87263,2
302425,2
1733,3
700350,2
174238,3
136935,1
293083,3
936283,2
532916,3
843946,2
238552,2
295536,2
450483,3
933886,2
449447,3
155493,2
1042317,3
389511,2
1016766,2
680190,2
606687,3
864677,3
302966,2
417693,3
97534,2
980984,2
121310,2
719984,2
1029933,3
676891,2
562880,3
363059,2
957249,3
695195,2
964038,2
879414,2
929552,2
451939,2
742687,2
772054,2
307107,2
748362,3
820076,2
565852,2
283830,2
781546,2
213331,2
97919,2
472643,2
243679,2
413189,1
876061,2
897729,2
194172,2
572875,2
365172,2
990350,1
352435,2
243135,1
287509,2
1051889,2
428746,2
300756,2
766497,2
908673,2
890119,3
815759,2
797019,2
523136,2
641405,3
534012,2
703562,3
278487,1
444643,1
515115,2
760810,3
127816,2
949156,3
929824,1
261299,2
775081,2
605258,2
34259,2
865828,2
303685,1
378522,2
723902,2
605672,2
634934,3
595597,2
398178,2
536397,2
731438,2
1040323,3
216528,2
181360,2
766290,2
67345,2
724328,1
181553,2
260124,3
984222,2
269883,2
887605,2
104749,3
929880,3
852027,2
583008,3
728632,2
392440,3
632853,2
445126,2
659336,3
810015,1
982638,2
641905,3
304929,3
606671,3
584429,2
820211,3
1030845,2
747440,2
814424,3
755385,2
621061,2
553908,2
1003912,3
347219,2
527222,3
397119,2
789168,3
50229,3
298366,2
519842,2
1002185,1
983926,2
625322,3
108685,2
339424,2
537852,2
750626,1
101073,2
277312,2
900626,3
644376,3
883710,3
627074,2
443340,2
658647,2
643021,3
232399,3
529982,2
145872,2
413862,2
475028,2
728887,2
172717,3
200924,3
199634,1
57311,3
388993,1
276846,2
44622,2
956013,3
482890,2
307811,3
130679,3
546323,3
838599,2
91956,3
571118,3
1008915,2
625340,3
943628,2
696344,3
639618,1
486777,2
464835,3
808960,2
868173,3
612551,2
446073,3
332660,2
66196,2
797799,2
614445,2
430160,2
583755,3
1004099,2
644687,2
834376,2
963168,2
304302,2
505509,2
641225,2
184037,2
958655,2
1034096,3
347238,2
50679,1
645993,3
170475,2
286582,2
188507,2
170860,2
529190,2
570394,2
944858,2
407502,3
109579,2
483084,2
938749,2
569956,2
1035919,2
703637,2
737174,2
605450,2
410436,3
86689,2
466798,2
549392,2
724438,2
996267,2
2897,2
937879,2
203559,1
766052,3
18502,3
322072,2
393411,2
865348,2
991343,3
1042147,2
983897,2
1034403,2
376155,2
368447,2
329335,2
252428,2
998164,2
761954,3
545559,2
428308,2
488600,2
749045,2
464284,2
9650,3
987881,2
822849,1
845242,3
381522,3
863116,3
491196,2
691375,2
495852,2
1041098,3
171395,2
923811,3
32787,2
848238,2
830267,2
262383,2
742279,3
36767,3
31993,2
891652,2
327162,3
163701,2
502384,3
839102,3
669976,3
887455,2
821792,2
499075,2
1034033,3
792055,2
844713,2
968499,2
849510,2
494626,2
175685,3
919331,3
714241,1
966921,3
96375,2
353636,2
688173,3
719888,2
877138,3
777688,1
902021,3
985843,2
900174,2
948809,2
458923,2
912954,2
790073,2
934798,2
1044057,2
395321,2
102423,2
959450,2
421270,2
9997,2
168665,3
112649,2
637185,2
920510,2
518700,2
848303,2
688473,3
72145,2
1047462,3
697724,2
95266,2
420129,2
413823,3
273947,2
362696,3
944804,2
25758,3
352217,1
248589,2
776926,2
226649,3
336783,2
971006,2
237753,3
1006982,2
463739,2
919859,3
32985,2
854784,3
33956,2
744343,3
597248,2
834268,1
915599,2
219674,2
547070,2
561064,2
193315,2
762208,3
823158,1
444136,3
1024025,3
873487,2
784173,2
749012,2
942472,2
933030,2
401307,2
196211,2
875220,3
178947,2
880415,3
211430,3
213176,2
428649,2
137635,3
873199,2
204053,3
624961,2
254326,3
253682,2
740086,2
644628,3
432069,2
339405,2
233657,3
536010,2
425443,2
339882,3
109697,1
748288,2
288144,2
96217,2
630818,2
990008,2
352836,2
1000705,2
40898,3
992667,2
42141,3
948220,2
399999,3
327296,2
447501,2
678734,3
330807,3
335828,1
377572,3
697706,3
464847,2
1036637,1
890902,3
457203,2
50353,2
894616,2
98385,2
575686,2
131663,2
11371,2
438006,2
485127,2
64758,2
185885,2
274821,2
1003823,2
155993,3
441385,3
113895,2
178814,2
770176,2
234394,1
496395,3
1048593,2
1029883,1
574033,3
212270,2
154237,3
598051,3
991230,1
545704,2
658207,2
120675,3
693894,3
449046,2
209373,2
394955,2
506925,2
367514,2
4681,2
334154,2
1002460,2
592121,3
409743,3
986407,2
486282,2
888157,2
554951,3
623256,2
82968,3
424008,2
806678,3
702546,2
889992,2
67791,2
977423,2
1018341,3
110501,3
996291,3
915834,2
134231,3
275962,3
555576,1
1027353,2
95471,3
810359,2
573914,1
315929,3
478617,1
229448,2
752239,2
603820,2
392919,2
422968,2
206253,3
719144,2
500364,3
112506,3
277131,3
251793,2
904882,2
461668,1
583014,3
653935,2
182280,2
158097,3
620007,2
95021,1
476630,2
370651,2
31132,1
334512,3
10206,2
145436,2
306879,3
132149,2
151170,3
675398,3
215362,3
397271,3
629870,3
20901,2
584599,2
480469,1
790707,2
913222,2
358443,3
312897,2
498945,2
884446,2
293629,3
734638,2
994201,3
848079,2
494565,2
870176,2
758223,2
768090,2
680741,2
815100,2
307504,2
74145,2
3589,3
148994,2
770272,2
508314,3
727869,2
365063,2
681736,2
78747,3
760326,2
154428,2
453241,2
882847,3
538054,1
416684,2
286547,3
565730,2
89890,1
782786,3
225772,1
391756,1
316578,2
226045,3
872284,2
466372,2
552925,2
913100,3
636065,2
683417,3
489062,2
262661,2
549223,1
76991,1
257351,3
344786,3
637470,2
750985,2
720246,2
55068,3
197569,2
10824,2
187449,2
679210,3
145222,2
147539,2
723667,1
596652,2
138400,1
479100,3
788565,3
615766,2
305755,2
941455,2
504160,2
392889,2
254816,2
847573,1
106948,3
528109,2
643314,2
601019,2
112551,2
216939,3
838556,3
933611,2
46500,2
74286,1
930164,2
663763,3
407433,2
883782,2
791926,3
392958,2
227848,1
515336,2
963253,2
729269,2
408396,3
456717,2
130916,1
191315,2
725353,2
773777,3
683715,3
678036,2
898280,2
175670,2
876117,2
724260,2
244296,2
977161,2
208236,2
953890,3
631107,2
940028,2
82634,3
417380,2
755840,2
729262,2
164831,2
116391,2
444833,3
684376,2
921094,3
564164,2
15033,2
577701,2
161553,2
859778,2
790443,3
337128,2
849575,2
861094,2
456092,1
815962,2
139982,2
425988,2
578693,3
905164,2
1014938,2
299224,3
190659,2
451521,2
203300,2
635732,2
716996,3
621704,3
730445,2
952051,3
646688,3
1044839,3
362554,2
1028051,3
427977,2
824803,2
558128,2
889907,1
340371,2
81224,2
794334,1
481909,2
742728,2
378149,3
696611,2
654092,3
90582,2
126335,3
353453,2
267592,3
725111,2
448137,3
961168,3
856880,2
117597,2
613305,2
123992,1
373852,2
46937,2
995945,2
25253,1
624212,2
646282,3
332598,3
524445,2
890602,3
274643,2
358211,3
91727,2
285531,2
259240,3
731427,2
194539,2
1032346,3
637017,2
732786,3
673537,3
209069,1
872717,2
237859,1
694954,3
403623,2
356423,2
713728,2
789607,3
138971,2
421223,1
730358,3
911022,2
603899,3
607159,3
729779,2
479185,3
55694,2
496963,3
391836,2
164766,2
7755,3
969940,2
58477,3
923975,3
357603,2
598963,2
667473,3
106629,2
499333,2
260066,2
581589,2
659605,2
59692,2
889309,3
685438,2
72031,2
118528,2
697579,2
391615,2
38550,3
1012763,2
927306,2
704069,3
797165,3
358539,1
729155,2
31731,1
559979,2
339103,3
331832,2
970719,2
298699,2
777644,2
981232,2
451454,1
391589,3
259366,2
523561,2
297183,2
166677,3
813043,3
414768,3
86965,2
212881,3
1021141,2
244993,2
944273,3
787611,2
65828,2
362894,2
736002,2
798330,1
171507,2
345892,3
95883,3
1051264,2
319220,2
575768,2
67866,2
925298,2
536441,2
254067,3
525987,2
815016,3
598890,2
826725,2
535842,2
431125,2
482232,3
600763,2
178598,2
263668,2
409174,2
425360,2
210197,3
241730,2
210326,3
1014771,2
738619,2
847347,2
455782,2
972928,3
453014,3
522501,2
943456,3
88211,2
766007,3
914212,2
74854,2
450883,2
431868,3
688315,3
415787,2
417870,2
159271,2
155602,3
800418,3
1044296,1
365770,2
315497,2
970321,2
446640,2
252233,1
460667,2
509306,2
809253,2
40288,2
354590,3
956995,3
432464,3
485847,2
64940,3
576252,3
636458,3
971958,2
580490,3
447609,3
140025,3
156721,2
633025,3
989272,3
602767,2
671571,2
460722,2
91942,2
928541,2
810353,3
280576,2
281299,2
310354,2
448127,2
38486,1
525501,3
232223,3
518131,3
319772,3
180071,3
697595,2
475097,2
754768,2
157336,2
735140,2
656052,2
985721,2
233272,2
8572,2
986828,2
915407,2
406861,2
287083,2
634415,3
87826,1
539179,2
578557,2
300717,2
667055,2
837883,2
660419,2
32588,2
579140,1
371127,3
1027017,3
548600,2
393495,2
520393,2
869832,2
161635,2
24180,1
344380,2
1025507,2
449589,2
77837,2
215160,3
98461,2
294121,2
997692,2
907432,2
481317,3
1047331,2
673256,2
334232,2
913414,2
2646,2
894641,2
1015098,1
539144,2
628786,2
272738,2
404825,2
994710,2
446988,2
645754,3
1002143,3
970071,2
1037363,3
400662,3
380841,2
213733,3
72902,3
739760,2
246533,2
691037,3
835905,2
835364,3
493664,2
18929,2
954964,3
675422,2
26823,3
16157,3
116457,2
132153,2
235746,2
532702,2
1007637,2
236632,1
316963,2
627934,2
193974,2
710437,2
992213,2
693278,3
1014577,2
100746,3
159417,1
471118,3
785339,2
800762,2
957827,2
328246,2
521686,3
521324,2
465985,3
871735,3
624495,2
597929,2
639714,2
870140,2
340098,2
601925,2
457530,3
333638,2
542184,2
743302,2
681630,3
162265,2
1052149,2
867159,2
98842,3
670838,3
821580,2
32692,3
626447,2
476982,2
735276,2
884520,2
536392,2
730715,3
969751,2
574799,3
856135,1
1045468,2
252515,2
82871,3
396768,3
812140,3
814082,2
339505,3
476411,2
586807,3
68264,2
586186,2
13591,2
503265,2
888517,3
61118,2
733204,2
778661,3
836134,2
757527,3
502267,2
641439,2
649519,3
316247,2
893379,2
643593,1
1015174,3
849518,3
220266,3
464717,3
635697,2
839204,3
97124,2
1005367,2
133381,3
499275,2
347615,2
683330,2
58833,3
871063,2
391046,1
941805,2
338543,3
171545,2
964414,3
972417,2
625686,3
841486,2
512417,2
1052857,3
51553,2
557296,2
400636,2
883266,2
66353,2
269290,2
729004,3
151534,3
80632,2
79048,2
304096,2
526842,3
910744,2
315968,3
1005368,2
103239,2
291784,2
943249,3
590277,2
613444,3
415488,2
1043929,2
69832,2
976460,3
877054,3
605511,3
203987,3
506075,3
419054,2
1011938,2
678435,2
230431,3
947984,2
707623,2
346579,2
637455,3
945090,2
738952,1
542483,2
958842,2
211207,2
77751,1
289469,2
344731,2
970168,2
70222,2
244063,2
809475,3
616327,2
351340,3
1000777,2
196638,2
985297,3
739716,3
624947,2
789515,2
831723,2
657182,3
648112,2
291426,3
295755,2
1024788,1
723936,2
489570,1
514840,3
149124,3
542644,1
924956,3
604417,3
691899,3
62537,2
162280,3
134387,2
82978,3
863045,3
682753,2
509828,2
221790,3
856190,2
426778,2
953600,3
566722,2
599468,2
268618,2
793611,3
60339,2
813180,3
318354,3
611806,2
612205,3
707720,2
370477,2
779884,2
220503,2
582029,1
909804,3
14144,2
621489,3
217657,3
366027,2
453612,2
21674,2
890226,3
432830,2
183706,3
141793,2
281502,3
35587,2
629683,2
618954,2
316915,3
67114,3
959212,1
997347,2
255384,3
80369,2
719564,3
749508,3
322341,3
844977,3
382747,2
874205,2
794449,2
1049758,2
405744,3
959684,2
582312,2
305678,3
764324,2
230790,2
536647,2
145888,2
81744,3
558868,2
419339,1
962764,2
169209,3
365534,2
490445,2
586535,2
1049936,1
947757,1
126100,2
554750,2
281933,3
821589,3
227708,2
299335,2
89716,2
148363,3
129148,2
930296,3
253151,3
758853,2
311663,1
622269,2
59530,3
531609,2
945004,3
668586,3
650862,1
374560,3
1046924,1
221757,3
446907,2
902166,2
1040264,2
646097,2
226760,3
745850,2
987337,2
177867,2
1014338,2
567747,1
356262,3
868900,2
326058,2
936676,2
609002,2
64834,2
819877,1
471134,2
985259,3
452103,3
258607,2
314835,3
16703,2
520353,2
877706,2
305724,2
229172,2
517949,2
961232,2
67586,2
373927,2
980960,2
381539,3
148971,2
137328,3
233631,2
954276,2
811334,2
454372,1
739645,2
797549,2
859566,2
320651,2
735998,1
690266,2
29869,1
481992,2
369252,3
1046788,2
555432,2
129917,2
483085,2
973955,2
246032,1
723172,2
581229,3
633395,2
63976,2
58294,2
643770,2
664267,3
55544,2
137616,2
14525,2
708282,3
976298,2
440289,2
29322,3
684660,2
363605,3
750728,2
24243,2
906567,2
424512,2
723300,2
770794,3
613441,2
746447,3
533578,3
310682,3
26325,3
184505,2
759177,2
321241,2
77531,2
711799,2
913968,2
115966,2
62111,2
381525,2
757531,3
267082,2
159069,2
441508,2
103970,2
302532,3
760620,2
624944,1
803334,2
984488,2
440293,3
666128,2
431777,2
848739,3
145426,2
392886,2
728621,2
397911,1
321301,2
1008974,3
822441,2
708490,2
162288,2
792612,2
133294,2
908465,2
85772,2
740036,2
262552,2
348186,2
132246,3
73126,3
67813,2
955551,3
1042824,2
831583,2
602862,2
325978,2
96483,3
159527,1
10236,2
4670,2
584413,2
120105,2
1050761,3
20814,2
87904,2
440981,2
831162,2
428798,2
526252,2
842227,2
37653,2
10264,2
954614,3
202090,3
1033029,2
748349,3
689687,2
404324,2
613297,2
805091,3
185384,2
601200,2
109682,2
651609,2
838829,2
726593,2
789071,1
509462,3
948556,3
462556,1
7730,2
688618,2
37846,3
863523,3
650,2
769864,2
256606,3
172444,2
430754,3
329721,2
348758,2
952911,2
179429,3
834559,3
1051255,3
77809,2
474637,2
1016985,2
955533,3
515966,3
1019166,3
902718,2
144587,3
472477,1
848153,2
737033,2
167854,3
787071,2
592300,3
426478,2
89694,2
912141,2
805313,2
756389,2
290642,2
721348,2
745064,2
23878,2
49801,2
681260,2
110083,3
357131,2
333240,2
322730,2
1021178,1
226424,2
224598,2
933674,2
499742,2
843115,2
1045379,2
861689,2
806017,2
430436,3
348320,2
533527,2
796729,2
32726,3
515708,2
591717,2
943534,3
662938,2
174910,2
574251,1
788149,2
431468,2
450678,2
89499,2
894266,1
568805,2
989063,2
451886,2
113024,2
396798,3
173473,2
136628,2
588730,2
123791,1
147212,3
290143,3
760978,3
470864,3
791771,3
209582,2
596533,3
291518,2
982122,3
163788,2
539450,2
987014,2
487378,2
501314,3
863815,2
762859,2
898703,2
167665,1
856759,2
618752,3
956956,2
744985,3
108031,2
403641,1
154637,3
309686,2
1011600,2
1037273,2
586798,3
869826,2
621348,2
758419,3
220327,1
365418,2
131157,2
1035082,2
511568,2
988242,3
329115,2
305438,2
498435,2
119692,2
709781,1
968577,2
91075,2
316923,2
979274,2
972707,3
188462,2
627198,2
968637,2
360967,3
91321,2
677445,2
1184,3
191173,3
865788,2
856407,3
604848,3
815961,3
308534,2
933810,2
783265,2
905530,2
646274,1
545882,3
843570,2
488103,3
1008499,3
21237,2
241318,2
154114,3
308036,2
976047,2
293038,2
559861,1
372538,2
298992,3
878092,2
559625,2
1045790,2
782253,2
898590,3
494158,3
679170,2
183428,2
569897,2
238951,3
440909,2
252123,3
53140,1
468383,2
850401,1
232959,2
149930,3
653549,2
972626,2
170907,3
143466,2
799096,3
838367,2
1039388,2
684220,2
60211,2
63549,2
294151,2
120500,2
749464,2
282472,2
931590,3
489497,3
1048943,3
603844,2
655545,2
881282,3
385259,1
199718,2
590249,2
745505,1
265166,2
555185,2
775788,2
368158,2
134240,2
292994,2
544110,2
524926,3
715732,2
163231,3
612301,2
772774,3
380801,2
1016559,2
411343,3
1000867,3
987687,2
7282,3
668899,2
717075,2
242201,2
242557,2
557292,2
695742,3
254803,2
562782,3
487027,2
101323,1
348064,2
455682,2
595617,1
1009634,3
819033,2
449365,2
985676,2
152431,2
200723,2
187105,2
631271,2
838766,3
83773,2
773867,3
692402,3
629427,2
181204,2
641622,1
981316,2
661610,2
668417,1
762890,3
264800,2
558022,1
900800,2
536048,2
163740,3
80435,3
865498,3
1030712,2
88472,2
73913,2
616078,2
166005,2
596423,3
596817,2
30155,2
435194,3
345494,2
284191,2
688509,3
525741,2
925679,2
817681,2
835047,3
39801,1
77948,3
665538,2
875975,2
593829,2
981600,3
44762,3
280260,2
340299,2
1014913,2
1037104,2
491528,3
196364,2
968639,2
311003,3
337249,2
399447,1
145046,3
260570,3
63119,3
12183,2
315044,3
851435,2
685860,2
8702,3
759404,3
739612,3
332992,2
8586,3
433849,2
651157,1
466704,2
593507,3
412325,3
70720,2
291949,2
598314,2
686151,3
643105,1
638650,3
1020433,2
130162,2
293484,2
3919,3
600323,2
986628,2
518083,2
484334,2
733530,2
89498,3
206743,2
949187,2
377384,2
336170,3
661595,2
938212,2
941437,3
99203,2
903857,1
41848,2
543524,2
742589,3
143771,2
425850,3
374390,2
974453,2
1001176,3
646134,2
52072,2
465767,2
345221,3
514953,2
365243,2
764354,2
314022,2
676846,2
983026,2
1009543,3
848536,2
44836,3
122471,2
286830,2
883484,2
384994,2
373024,2
287361,1
859150,2
214580,3
272303,2
310199,2
705179,1
58688,3
898525,3
31939,3
177134,2
6599,2
761726,2
670750,3
699096,2
142252,1
514203,2
742965,2
374022,3
32420,3
717360,3
867013,1
473188,3
811387,2
503198,3
473061,3
328902,2
596941,3
690251,3
234235,2
1009582,2
466843,2
129381,1
332482,2
881536,3
582991,2
240368,2
286430,2
557088,2
854189,3
352012,1
294750,2
845450,2
689946,3
127350,3
802560,2
201319,3
762510,3
276690,3
565514,2
557688,3
938582,2
132691,1
744413,2
227207,2
397808,1
782284,3
855009,2
978718,2
22407,2
853754,2
350059,1
39993,2
537940,2
339673,3
477143,2
55496,2
631450,2
141924,2
162797,2
71695,3
579054,3
469714,2
266985,2
647644,2
989688,2
232301,2
382852,2
186343,2
608931,2
343099,3
807057,2
1043521,1
290033,2
4224,3
1040839,2
613368,3
387954,3
427664,2
561827,2
181135,3
620880,2
338720,2
669658,3
813410,3
987088,2
185876,2
763694,2
524538,2
1006427,3
418771,2
21065,2
476486,2
353149,3
851669,3
776399,2
451754,2
610142,3
1009164,3
1048619,3
427667,2
368552,2
509102,2
973160,2
374441,3
333615,3
951113,2
727601,2
91276,3
926231,2
31928,2
269766,3
80125,2
583284,3
602901,2
945594,3
861514,2
350901,2
641293,2
416523,2
847981,3
810929,2
242694,3
185456,2
966643,2
327640,2
434491,1
179399,2
683375,3
772151,3
266359,2
128048,2
287961,3
253579,2
1049125,2
843407,2
958314,2
848342,2
333770,2
379525,3
404628,2
698652,2
142420,2
158005,3
598599,2
505281,2
132705,2
351157,2
66192,3
830470,2
693028,2
799110,1
662437,3
247203,2
645639,2
864604,2
303974,2
1007279,2
652337,2
359878,2
721722,2
655019,2
32992,2
1028196,3
13295,2
552582,2
883628,2
1030386,3
816681,2
523090,2
698861,3
385704,2
250356,2
831637,2
158517,3
197962,3
939396,2
818027,2
391449,2
288550,2
402923,3
375126,2
922341,1
881293,2
443585,2
638909,2
728283,2
569131,3
159603,2
325968,2
184928,2
839459,2
602523,2
254704,2
968451,3
291876,2
638674,2
1045827,3
222112,2
649537,3
587480,2
183184,2
775347,2
858451,2
521605,2
239885,3
829014,2
92987,3
835803,3
230434,3
776978,2
75677,3
17095,2
152452,3
486721,2
102674,2
382848,1
581420,3
81926,3
386305,2
535855,2
393347,3
282615,3
1051291,3
335939,1
862298,2
957339,2
691294,2
977004,2
380404,2
431281,3
127779,2
404848,2
794349,2
375558,2
887037,2
213025,2
866676,3
1018047,3
206817,2
1043404,3
423728,3
465621,2
249569,3
384369,2
944943,2
879541,2
64762,2
347124,3
761830,2
219168,2
293793,2
517594,2
125542,2
466744,3
271241,2
312511,3
179835,2
237719,2
316211,2
917385,2
423698,2
32594,2
467580,2
698982,2
202095,2
660605,3
1038509,2
984177,2
940688,2
590235,3
553364,2
677651,3
427449,2
848345,3
95812,2
468104,2
469735,2
498165,2
312407,2
907731,3
208856,2
752342,3
629286,2
952204,3
638810,2
1028609,2
841951,2
318179,2
666346,2
352817,2
1019218,2
911885,1
128810,1
1040097,2
940713,2
776435,2
621633,2
60294,2
258645,2
557496,2
67140,2
257781,1
38520,3
830492,2
12647,3
224281,2
197886,3
365320,2
129232,1
91604,2
28375,2
833248,3
1001241,2
83201,3
151180,2
460477,2
827574,2
746153,2
946283,2
462369,2
311607,3
89367,1
724206,3
597489,3
847202,2
429830,2
124756,2
220854,2
886470,2
1000597,2
6525,3
18270,3
185605,3
586202,2
463573,2
274802,2
971198,3
678321,2
375091,2
473177,2
920592,2
517328,2
960592,2
51535,2
697099,3
528770,2
1037051,2
689269,1
728990,3
752501,2
863750,2
685537,2
752790,3
995965,2
750277,3
827240,2
991359,3
540918,3
228321,1
926764,3
341192,2
274919,2
351482,2
527367,2
501186,3
87885,3
964511,1
694508,2
880024,2
481426,1
227885,2
557900,3
684751,2
68307,3
425172,2
739998,3
813644,2
851906,3
205970,2
893260,2
134850,2
255667,2
174234,2
232313,2
822748,2
642565,2
378867,2
915584,3
645366,2
717698,2
82820,2
209644,1
440842,2
376377,2
239706,2
308397,2
846616,2
693531,2
753800,2
855715,2
944833,2
708402,2
538273,2
440083,2
181346,2
452666,2
385024,2
739217,3
397798,2
649687,3
1050333,2
1018454,2
130485,2
509452,2
433344,2
197264,3
346439,3
919745,3
749722,2
856704,2
297853,2
545691,2
769951,2
117825,2
265256,2
40469,2
51821,2
382165,2
494004,2
397782,2
839336,3
45176,2
661580,2
101830,3
389831,3
332792,1
201702,2
642186,3
114742,2
344971,2
559686,3
1035413,3
1008092,2
438056,2
204036,2
231547,2
566801,2
739983,2
547439,2
738143,2
243700,2
462268,2
809279,1
166456,2
336096,2
52526,2
48462,3
581497,3
767675,2
767657,2
148316,3
226207,3
889360,2
148716,2
9278,2
116716,2
590689,3
308025,2
663014,3
210103,2
560568,2
714263,1
368500,2
1009455,2
711287,2
158437,3
163804,3
707890,2
85868,3
68143,2
757019,3
749818,3
469166,3
803255,2
68414,2
187228,3
130495,2
354422,2
203014,3
310678,3
791980,2
906137,2
574847,2
814172,2
624713,2
517322,1
183785,2
471962,3
577485,2
578709,2
224233,3
250721,2
675871,2
114791,1
436593,2
578638,1
737116,2
464904,2
336702,3
112585,2
567542,2
322179,2
331441,2
970364,2
415232,1
543250,2
404844,3
251302,3
397971,2
436827,1
76682,3
507104,2
680994,3
809101,2
360418,2
688125,3
653771,2
647365,2
206485,2
192995,3
735627,2
650033,2
914183,2
718777,3
1026242,2
756544,2
541473,2
375749,3
731480,3
98891,2
376506,2
1031687,2
578954,3
796399,3
544384,2
376804,2
975833,2
940853,2
758190,3
157696,2
9106,3
529756,3
899838,3
444509,2
585916,2
584505,2
992976,2
898714,2
357353,2
383179,2
724697,2
246257,2
260482,2
706134,3
367259,2
313485,2
868221,2
923254,2
40290,2
375169,2
360096,2
166883,3
312062,1
59400,2
456540,2
950924,3
16419,3
75561,2
116047,3
572628,2
175834,2
149214,2
819046,2
1035368,2
353166,3
512431,2
528007,2
31103,3
57147,2
850600,2
802953,2
868911,2
394895,2
768834,2
964068,2
31911,2
629363,2
230850,3
476273,2
915241,3
390137,2
839647,2
148508,3
574794,2
237527,3
543465,3
700727,1
648333,2
315043,2
999404,2
947669,2
159198,2
278479,3
510365,2
1042728,3
465515,1
453767,2
11434,2
1043185,2
287563,2
990947,3
905827,2
440770,2
813278,1
412565,3
450582,2
267274,2
59893,2
956710,3
999245,2
28370,2
258435,2
304815,2
147898,2
196229,2
735398,3
402588,2
899426,2
77041,3
216248,2
419360,2
446671,2
374298,2
1051161,2
142980,2
390310,3
967378,3
999560,2
645392,2
1020908,3
616682,2
116119,3
114399,3
1046051,2
450634,1
895050,2
219353,1
926349,2
407565,2
686060,2
632653,2
363633,3
469405,2
1004812,3
538574,2
1039897,2
208612,2
427654,2
346217,3
507928,2
993463,2
820673,2
934122,2
36430,2
352759,2
613742,3
713570,3
280556,2
465091,2
434473,3
189769,2
75027,2
417003,2
465612,2
786080,2
386896,2
569546,2
237882,3
562171,2
1048413,2
668552,2
235157,2
869711,3
365661,1
569828,3
17025,3
267836,2
1003401,1
183578,2
528809,2
689865,2
626403,3
733965,1
667370,2
402856,3
412088,2
67844,2
92194,2
460363,1
853683,2
376056,2
846081,2
623831,3
79000,2
446048,2
583765,3
656782,2
490321,3
145705,2
858871,2
802012,2
216511,2
732445,3
765650,3
22300,2
755175,2
278748,2
339972,2
26016,3
431107,2
554916,3
884019,2
650072,3
98797,2
132123,2
951266,3
850259,3
1011034,2
310340,3
1008592,2
46056,1
511754,2
147929,3
947733,2
7940,2
102708,3
704587,2
160410,3
832157,2
332000,3
497974,2
451868,3
887786,3
1020158,2
325940,2
98265,2
924099,2
600796,2
269557,3
357200,3
856844,2
86333,3
662569,3
589268,2
802612,2
538607,2
512522,2
208188,2
1048537,3
947040,2
305034,2
327179,2
165242,2
967327,2
975076,2
234934,2
19571,2
524548,2
415932,3
490940,3
755628,2
901122,2
831302,2
739721,2
351626,3
100596,3
52766,2
625089,3
927868,1
1001637,2
821671,2
621936,2
45182,3
152583,2
367582,2
372684,3
721550,3
670628,3
399006,3
710876,2
974494,3
290334,2
939386,2
38480,3
180623,2
372207,2
956002,2
919133,1
1010320,2
755493,3
191420,2
998318,2
27471,3
318656,1
710183,2
818513,3
462282,2
341515,2
29043,3
609888,2
661872,2
113370,3
93505,2
1044511,2
667531,2
891043,2
866057,2
35791,1
338636,1
154779,1
195233,3
467750,3
996700,2
345843,3
357718,2
542916,2
783566,2
395111,3
197899,2
502844,2
515977,3
341119,1
273863,2
55551,2
1014248,3
663425,3
947101,2
79117,2
480113,2
403049,3
224137,2
91775,2
688051,2
1040274,3
101928,2
804430,2
835303,3
439712,3
105272,2
247584,2
518784,2
967022,2
188994,1
572393,2
729562,3
409176,2
896144,2
876011,3
557939,2
869301,2
455037,3
938124,2
631934,3
1034684,2
933371,3
1000836,3
62814,1
689058,2
1031068,2
756759,3
591849,2
541697,2
228967,2
69765,3
686528,2
753425,2
225690,2
158088,3
174958,2
1033478,2
612372,3
477172,2
1041531,2
475156,2
472423,3
161145,2
657644,3
175380,2
931224,3
715359,3
316172,3
725308,2
596604,2
448247,2
517053,2
832864,2
520351,2
472677,2
190431,2
709700,2
349001,3
39995,2
228004,2
71383,2
596699,3
907499,1
790955,2
269604,2
538540,2
142873,3
769274,2
945982,3
1049633,2
292639,2
657233,2
769621,2
217159,2
552922,2
376668,1
416075,2
581323,1
643708,2
679670,2
17452,2
496683,2
987957,2
515332,1
921587,3
458048,2
495203,2
543411,3
378064,2
17444,3
867266,1
649867,3
739219,2
816786,3
324682,1
302865,3
70321,2
179590,3
216111,3
688516,3
199385,2
51637,2
629234,2
847861,2
597068,2
71631,3
201116,2
546373,2
881876,2
638692,2
37814,3
952073,2
463508,2
877636,2
153599,1
503702,2
568004,2
494738,2
450350,2
481518,2
678480,2
381055,2
764465,2
665335,3
958310,2
913662,2
356391,2
14539,3
1045092,2
1037253,2
486978,3
649317,3
937326,3
133910,2
556933,1
795761,3
291973,2
338419,2
628437,2
297789,2
787540,2
1028474,2
872390,3
742026,1
619017,2
520754,3
724545,2
252376,3
378693,2
14238,2
169325,3
23029,3
236657,1
912720,2
367540,2
722725,2
324495,2
479326,2
157123,2
616987,2
302897,2
254294,2
674052,2
823451,2
582652,2
1049498,2
892555,1
345853,3
804224,3
1039461,2
239266,3
194765,2
391335,2
475678,2
536089,2
580844,2
688345,3
93042,2
496961,1
886062,3
784196,1
915657,2
134126,2
323108,3
235618,2
373059,3
794395,2
241199,2
199748,2
1016625,1
363584,2
631486,2
136401,2
390985,2
451736,2
330485,2
678250,3
676226,2
368016,1
905571,3
713384,2
770276,2
448222,3
93175,2
680832,2
505138,3
450021,3
225464,2
145419,2
284854,2
716925,2
83042,2
467358,2
195906,3
162979,2
856042,2
851643,2
158915,3
621048,2
822756,2
318313,2
199097,3
220562,2
854417,2
949065,2
492339,2
1025730,2
701341,3
455458,3
94447,3
8542,3
57586,2
801148,2
1041229,2
726912,3
349528,2
141715,3
478719,2
840702,3
54441,3
879970,3
464466,2
652631,2
549904,3
931002,1
570752,2
469651,3
590640,1
411288,2
251293,2
288440,3
1007930,3
671218,2
104883,2
818054,2
156368,2
888834,2
737704,2
457540,3
635836,2
901913,2
961584,2
68504,3
72158,2
210297,2
1025490,2
924406,2
598026,2
217723,2
969757,1
581511,3
476178,3
677018,1
235788,2
746317,2
311732,1
589495,2
570206,3
704786,2
621199,2
779624,2
1024028,2
28074,1
1003257,2
925295,3
169870,3
332397,2
75427,3
319859,2
1013366,2
605845,2
133873,3
54684,3
523387,3
827371,2
827408,2
734497,2
632867,2
368467,2
591784,3
6138,1
417115,2
66075,3
1037867,2
72911,2
338896,3
337651,2
954701,3
645844,2
111250,2
579152,3
908383,2
921610,2
220520,1
659166,2
1036584,3
296958,2
119058,2
1026129,3
268606,2
596537,3
1000671,2
521490,2
980794,2
999955,2
68971,2
683546,2
850710,2
52672,2
565794,3
810576,3
615827,2
768929,2
701409,2
318138,2
236147,3
931778,3
268836,2
1001929,2
328732,2
197784,3
775258,2
105699,3
286615,2
926289,3
233549,2
601078,2
631235,1
270654,2
115912,3
631629,2
747866,3
502519,3
293794,1
650674,2
306115,2
796058,3
747485,2
235705,3
252011,2
764535,3
417325,3
850192,2
1009717,2
45579,3
93108,2
546099,3
667254,2
226543,2
1044414,2
467090,2
526428,3
373539,2
757912,3
153683,3
18238,1
981140,2
248815,3
634186,2
175263,2
868983,3
662837,2
17106,1
173984,2
413956,2
151907,3
207746,3
208778,3
869745,1
258765,1
394034,2
164449,2
964288,2
968165,3
737661,3
392052,3
149931,2
385073,2
852374,3
19590,3
523179,2
31927,2
687148,2
553111,2
9825,2
86671,2
511545,2
884701,2
245226,2
969752,2
413824,3
783543,3
924795,2
462617,2
122690,3
506122,3
816475,3
863711,2
638183,3
792640,2
764739,2
810191,2
19807,2
138243,2
555013,2
818317,3
167324,1
311716,2
961375,3
676198,2
220895,3
6990,3
246159,1
152156,2
132586,2
332511,3
376914,2
810817,2
294673,2
263177,2
498613,2
568384,2
803447,3
978832,1
479706,2
1000412,2
109730,2
699681,2
994422,2
366631,3
642634,3
421616,3
882205,2
765058,2
18698,2
421393,2
658531,3
698379,3
825970,3
205252,2
358706,2
131229,2
880932,2
675809,1
60833,2
140756,2
754073,2
56225,2
716472,2
276405,2
582937,2
54145,2
301158,1
609302,2
379246,2
715885,2
1041791,3
570472,3
787330,2
1043088,2
283059,3
251057,2
582470,3
922894,3
973148,2
504165,2
262630,2
524960,2
660707,3
18814,3
117937,1
416315,2
1016430,2
760010,2
149314,2
856784,2
735224,1
1049334,3
559703,2
205513,3
718792,3
7942,2
801803,2
694959,3
886932,2
559990,3
669561,2
552030,3
368404,1
60603,2
316151,2
624994,2
628147,3
697375,3
290218,2
769109,2
621698,3
20766,2
1882,2
891831,2
765745,2
606793,2
457651,1
412478,3
1006381,3
150116,2
21691,2
445564,2
149984,2
159219,2
94955,3
757066,2
146235,2
14893,3
620372,2
628096,2
681609,1
365825,2
156009,2
121438,2
312132,2
56876,2
681713,3
298165,3
974515,2
830053,2
47667,2
854944,2
690548,3
17338,2
448089,2
871890,3
607333,2
149010,2
717560,2
508549,2
654397,2
414674,2
617171,2
492139,2
399430,2
478054,3
773723,2
722617,1
678600,3
269175,3
610749,2
815605,2
114338,2
293079,2
540059,2
927710,3
563180,2
262742,2
472743,2
376102,3
512042,1
527785,3
245231,2
985110,3
116714,3
441571,2
841647,2
251434,3
97413,2
707264,2
164058,3
879722,2
581129,2
129302,3
797412,2
621552,2
42989,3
1038614,2
970847,1
300181,2
753236,3
987364,3
287520,2
826003,1
695405,2
1003671,2
415038,3
80750,2
9341,2
688400,2
94359,1
979353,1
147521,2
141556,2
352843,2
282151,2
1022964,2
393309,2
72543,3
249727,3
89682,2
28554,3
874018,2
928362,2
248020,2
861269,2
866427,2
389289,2
944863,2
175392,2
241817,2
734126,2
884959,2
409401,2
77791,2
331135,2
868257,1
964006,3
58614,2
752542,3
158505,2
728277,2
96991,2
82731,2
472509,2
1020148,2
764163,2
1039727,2
364922,2
63391,2
570357,2
1045364,3
509419,3
380855,2
456735,3
785261,1
87874,2
1037172,2
902666,3
690905,3
846271,2
229961,3
943208,3
639171,2
803598,3
571040,3
100106,3
481473,3
889035,2
1044210,2
917146,3
895708,1
940179,1
1007548,3
112685,2
391139,2
491123,2
739464,3
349500,3
252737,2
472625,2
569114,2
516733,2
596332,2
827910,2
370301,3
764491,3
286567,3
381796,2
604238,2
582839,2
902458,3
195662,3
705805,2
297357,2
934183,2
1002254,2
335030,2
804208,2
867261,2
746901,3
75011,1
742579,2
12542,2
37125,2
482320,2
681781,2
663210,2
261175,3
326266,2
967919,2
20448,2
982946,3
346137,2
985148,3
100415,2
374690,2
20886,3
809140,2
336470,2
655490,3
807986,2
733549,2
647901,3
717395,2
578626,3
145803,3
90658,3
874872,2
824968,2
55042,2
299847,1
709557,2
655981,2
1044262,2
108117,2
858276,1
559439,2
976504,2
969031,3
1042409,2
525328,3
96117,2
147227,1
345472,2
454705,2
523729,2
719473,2
453398,2
305744,2
951166,2
847866,3
151267,3
209757,3
935797,3
389287,1
93762,3
889646,3
928271,1
979750,2
363226,2
956338,2
365085,2
313149,2
946141,3
934908,2
966539,2
705965,2
1029142,3
883445,2
768272,3
822343,2
860307,1
558860,2
625092,3
386949,1
750043,2
182230,1
7114,2
437024,3
1023809,2
399556,2
608967,3
955682,2
536463,2
1009902,2
905727,2
619574,3
308992,2
923422,3
356557,3
127331,2
285168,2
484673,2
587224,2
413314,2
979783,3
709189,2
88541,2
492628,3
629269,3
939049,2
832530,3
208434,2
716591,2
998845,2
523125,1
621026,2
99265,3
734555,2
336512,3
363465,2
878604,2
411955,2
785294,2
379754,2
526964,2
453535,2
689341,1
18438,2
79681,2
759167,2
360218,2
688528,2
247346,2
549302,2
123916,2
800598,3
372949,3
73331,2
712196,2
286904,2
680359,3
673488,2
976338,2
183198,3
576574,2
741558,1
683157,3
82801,2
664795,3
670186,3
411922,2
85291,2
933749,2
52303,2
200679,3
644246,2
607867,3
330131,2
361328,1
726922,1
947817,2
954376,2
614902,2
692553,2
212760,3
919966,2
745932,2
45702,3
380670,3
1007739,2
158874,2
870841,3
259127,2
29401,2
51781,2
417156,2
261885,3
183191,2
534613,2
4437,3
756461,2
717902,3
592133,2
961008,2
250729,1
806831,2
441192,2
505793,2
51874,2
311800,2
343183,2
58039,2
413257,2
807510,2
982414,2
691012,3
512398,1
533022,2
177784,3
298630,2
510805,3
1050829,3
357314,3
226067,2
381207,2
819833,2
701589,2
924902,2
179782,3
129169,1
677341,3
337742,2
861265,1
15530,2
446571,3
495130,2
467701,2
587362,3
716383,2
32296,2
7177,2
993344,3
263865,2
368911,2
510983,1
935081,2
884765,3
720747,2
19607,2
956999,3
189251,3
436738,2
595701,2
852344,1
649069,2
931534,2
318158,2
1036693,2
679367,3
1028123,2
1032295,2
510645,1
147575,3
742035,1
209030,2
927607,2
320906,3
903607,2
5685,2
207749,2
526295,2
704509,3
714286,3
818361,3
225721,3
383458,2
1007752,2
264942,2
81829,2
965761,3
86067,3
97163,2
314608,3
186113,2
376752,2
490585,2
181228,2
738542,3
791161,3
485694,3
864501,3
531879,2
97153,2
820735,2
690994,1
652697,2
438932,3
926805,2
482958,1
394194,3
680077,2
324292,2
548594,2
783567,2
658951,2
856342,2
170968,2
20387,3
142215,2
225324,2
547998,2
196433,2
290943,3
978585,2
864295,2
541111,2
110307,3
403825,2
295092,3
884503,2
212676,2
826451,2
814721,2
213720,2
680264,2
638905,3
291150,2
159196,2
610520,2
656114,3
87250,2
552196,2
127442,2
516441,2
176003,2
27017,2
472752,2
345526,2
966670,2
965353,2
761138,3
62446,2
937208,3
932651,2
152737,2
436121,3
265911,2
672102,2
347228,3
66604,2
346268,2
824798,1
33890,3
120210,3
734314,3
646877,2
727879,3
682007,3
143897,3
1045526,2
678949,2
653109,3
34482,1
224515,3
286491,2
507192,3
850504,2
349754,1
390510,2
495210,1
394252,2
912427,2
815868,2
719613,3
77844,2
773000,3
656467,3
818586,2
617718,2
151443,2
342019,3
130755,2
390413,2
50605,3
686856,1
447270,2
272626,2
113640,2
925194,2
575422,2
295836,2
693463,2
596233,3
684885,2
66050,3
801273,2
20750,2
6400,2
649948,3
35611,2
49877,2
572265,3
147267,2
1051950,2
83375,1
712634,2
361954,2
675783,2
71435,2
234421,2
282338,2
840033,3
7,2
738708,2
826452,2
183072,1
186421,1
942413,2
5954,2
310612,3
323804,3
392610,2
136287,2
320574,2
988317,3
495320,2
428531,2
239450,2
464917,2
425727,2
422634,3
971244,3
234903,3
919823,2
677174,2
876865,3
1035826,2
656515,3
424651,3
720783,2
492446,3
124737,3
933193,2
404635,2
326131,2
671551,3
353177,2
711292,2
789404,2
736174,2
1029029,2
60011,2
758320,2
899751,2
937791,3
495116,2
166538,2
723942,2
291140,2
86034,2
257892,3
664758,1
565089,2
908067,3
277699,1
864424,2
81085,3
574362,2
306704,2
608042,3
894456,2
647839,3
470223,2
625926,2
988219,2
671107,2
794441,2
1017415,3
582741,3
659422,2
162317,3
338347,2
213624,2
532973,3
997522,1
776810,2
507633,2
915181,2
33853,2
597718,3
450528,2
971795,2
560215,1
185429,2
51882,2
608339,2
283696,2
987111,3
196542,3
876298,1
139464,2
269922,2
45403,3
683512,2
701368,2
382190,2
668932,3
587937,2
1046662,2
705178,3
57708,2
323501,2
227908,2
998982,2
807839,3
518642,3
396844,2
492944,2
476973,2
169724,3
648545,2
817220,2
687522,3
923090,2
379951,3
412441,2
840219,3
362679,2
413307,3
635414,2
766255,3
81094,2
456992,2
367697,2
368944,2
613236,2
384361,3
757750,2
344873,3
423217,3
363999,3
856071,2
177198,2
406602,2
653411,2
503157,3
191433,2
474828,2
888992,2
175461,3
349966,2
235961,3
92439,2
925920,2
578490,2
344357,2
698804,2
202143,2
321353,2
261473,2
917566,2
305240,2
87589,1
1025316,3
788267,2
583733,1
871643,1
1027699,2
931326,2
454785,2
949808,2
928504,3
1032694,3
488212,3
145361,3
445561,3
418249,2
591238,2
1038855,2
223071,2
19727,2
942303,3
173095,1
716039,3
285123,2
19845,1
673836,3
669217,2
956908,3
235045,2
154142,2
717878,2
414741,3
608205,3
441156,2
361932,1
216775,2
1026079,2
874020,2
461867,2
717887,2
941721,2
934868,3
833838,1
150490,2
1029422,2
689035,2
413038,2
1051839,3
780185,1
356489,1
379170,3
863002,2
82002,2
113389,2
666218,2
468682,2
955654,2
860125,2
229361,3
223414,3
932230,2
355271,2
651043,2
996020,2
989499,2
895488,3
568360,1
1014360,2
933426,3
469316,2
486619,2
651671,2
66922,3
249414,2
679055,2
519719,2
960244,2
8224,3
194677,1
688906,2
206942,2
178838,3
192567,2
245324,3
272132,2
1042282,2
665390,2
452268,3
420576,2
470112,2
135390,2
164353,2
41024,2
183977,2
349342,3
819136,2
310968,2
734532,3
219202,3
932614,3
681808,2
77925,2
469234,2
812814,2
164073,2
458490,2
232507,3
290704,2
952957,2
551176,2
71467,2
532532,3
673284,2
401819,2
308352,2
573602,3
114682,3
429190,2
528810,2
120295,2
726072,2
484799,2
887096,2
898984,2
544692,3
342858,2
844,2
87027,2
1006694,3
140678,3
687902,2
67639,2
978546,3
200355,1
136944,3
961604,1
939595,2
610735,2
137372,2
266831,3
477950,2
22547,1
1016859,2
429863,2
611663,2
997253,1
703369,1
548733,2
75604,2
194665,3
612056,3
911613,3
110355,2
257996,2
729353,2
438027,2
434643,3
716809,3
861288,2
142305,2
740234,2
57357,2
453087,2
943008,2
212309,2
312432,3
262975,2
1001560,2
52926,2
6643,1
569921,2
548923,1
201754,2
1022181,2
203764,3
114652,2
374477,3
540910,1
956407,2
671135,2
616312,2
565110,3
920132,2
768835,3
982287,2
938585,3
932014,3
53146,2
589072,2
332244,2
210295,2
469398,3
359197,2
515750,2
927406,3
460765,2
8873,2
943868,3
448733,2
625735,2
551019,3
457845,2
726142,2
371200,2
383938,2
260075,3
900393,2
751928,3
421131,2
888347,2
398694,3
928166,2
670397,2
254591,2
100543,2
815744,2
631586,3
735590,3
848297,2
55033,2
45177,3
633715,2
65142,3
399595,2
323877,3
677009,1
122666,3
1021502,3
282572,1
784866,2
993140,2
642246,2
793062,2
247349,2
1025446,3
864444,2
491710,2
708736,1
85229,2
1031988,2
630831,2
874027,2
133662,2
540762,3
361333,2
135687,2
82144,2
542452,2
1016199,2
46064,2
890359,3
479274,2
58924,3
578835,2
948098,2
663507,2
450733,2
707729,2
1018079,2
835060,3
856897,3
375659,2
183565,2
715190,2
864120,2
595879,2
1041565,2
802843,3
87606,2
823729,2
549356,3
193722,2
985167,2
829907,2
328701,2
727611,1
33059,3
344771,2
1033764,2
142858,2
823955,1
938557,3
497230,3
527442,2
867065,3
411595,2
774028,2
142643,2
311181,2
256316,2
848463,3
340157,2
784997,1
674852,2
799948,2
347816,2
338443,2
852802,2
974226,2
484580,2
992440,3
923129,2
203682,2
827093,2
101805,2
885936,2
575696,3
586264,2
737994,3
231188,2
516312,2
580021,3
688070,3
1041573,3
243277,2
670696,2
460439,2
508135,3
574919,2
48297,2
440768,1
527149,2
109825,2
851584,2
308215,2
657405,2
846920,2
541960,2
85901,2
662507,3
922216,3
474626,3
498410,2
76569,2
493331,3
678544,3
1023854,2
924079,3
484383,2
777173,2
611900,3
386108,2
951544,3
251881,3
83104,3
138467,2
730880,2
970720,2
257424,2
166954,2
467039,2
555994,2
120200,2
34449,3
299601,2
224238,3
987422,2
931005,2
277332,2
346058,2
315327,2
316164,2
676584,3
925017,3
621578,3
962291,3
162866,1
616636,2
31518,2
544625,2
395137,2
736118,2
349553,1
871313,2
291838,2
678379,3
850392,2
163568,2
954567,2
444084,1
237240,2
406887,2
123474,2
183381,2
25500,2
879483,2
874283,3
834779,2
362308,2
543176,2
24058,2
910930,3
423495,2
572342,2
691336,2
545299,2
942367,2
635347,3
200778,2
92022,3
174074,2
1006140,2
398753,1
56703,1
196937,3
576148,3
607694,1
656077,2
563876,2
73815,3
162988,3
916831,2
432974,3
37037,2
149850,2
105452,2
924613,2
681192,2
43766,2
524328,3
564074,2
240418,2
992781,2
908545,3
618789,3
664694,3
885761,3
363056,2
122905,2
540581,2
684563,3
767889,2
849588,2
739506,2
156802,2
741287,2
1034005,1
37563,3
764159,2
587946,3
612526,3
1037905,1
191385,3
360267,2
440541,3
1014782,3
435714,3
679545,2
327125,2
297576,2
149310,3
467884,2
848376,2
734294,3
803306,3
683551,3
382958,2
977661,3
66944,2
920554,2
531196,2
941933,3
705355,2
705297,2
952725,2
776362,2
662283,1
657561,3
653925,2
235643,2
221297,2
794647,2
166335,3
454636,2
829404,3
434326,3
94842,2
523373,3
878453,2
159623,2
268746,2
53443,2
1006363,2
25604,2
1051893,2
767521,2
344733,2
887798,2
193737,3
802477,3
907623,1
720090,2
975318,3
170011,2
342899,2
943232,3
544734,3
860766,3
325523,2
795557,2
883660,2
1036869,3
875033,2
902444,3
334054,2
912974,2
350045,2
750762,2
504494,2
383414,2
537347,2
506383,3
111304,1
730871,2
94518,2
787186,2
706910,3
222930,3
885727,2
894501,3
105964,3
316762,1
28346,3
971645,3
401731,2
820632,2
335988,2
58340,2
346380,1
959509,2
626479,3
520267,1
27826,3
811034,2
461855,2
68208,2
133287,3
865855,1
276948,2
285655,3
107637,2
773593,3
724557,2
576287,3
750850,2
197241,2
111264,1
799427,2
688950,2
87530,2
900456,2
239318,2
294277,2
375594,2
541684,2
542925,2
830705,3
241736,2
284756,2
115657,2
1031638,2
949367,2
113271,2
298706,2
710917,1
535877,2
799804,2
716987,2
235648,3
634160,1
816357,2
806312,2
770389,3
439377,1
812202,2
298075,3
985567,1
217019,2
1008380,2
711411,2
506896,2
165786,2
939337,2
212832,2
100168,3
564264,2
997483,2
1010978,2
884024,3
720656,2
53921,2
962603,3
106684,3
530314,2
650834,2
281709,2
392989,3
672015,2
462045,3
272484,2
637728,2
530956,2
10413,3
72309,2
796714,2
715114,3
709151,1
585769,3
472196,3
297623,2
74290,2
1023471,2
335234,3
396211,2
44601,3
135006,2
387368,3
412953,2
1030193,2
218861,2
149054,2
998490,2
476309,3
265693,3
456208,2
330799,2
441323,3
973815,3
295797,3
914807,1
512952,2
995685,2
923677,2
260375,2
321602,2
609575,2
832954,2
438064,2
848686,2
540902,2
154495,2
420058,2
562985,3
893319,2
378827,2
898407,2
468438,2
216253,3
625084,3
220235,2
906097,2
572855,2
50822,2
916189,3
694225,3
81579,2
369059,3
8323,2
256347,2
1005447,2
851281,2
991711,3
834642,1
827136,2
686536,3
53987,3
482858,2
760522,3
958584,2
627055,1
40912,2
164242,1
395401,2
665549,2
470469,2
849955,2
788580,2
571998,2
68045,1
184517,3
141093,2
494648,2
803688,3
619813,2
1006151,1
840905,1
268588,3
704368,2
443322,2
333086,2
39282,3
1000989,2
471492,2
187207,2
19009,2
125882,2
770820,3
695614,2
923183,2
408993,2
355538,2
442956,2
874100,2
277673,2
933045,3
262122,2
552647,3
94064,2
377957,2
393352,3
208262,2
522894,3
750800,2
333524,2
706686,3
449382,2
165540,2
227074,3
51116,3
721786,2
536148,2
328076,2
354519,2
451209,3
355963,3
100051,2
225938,3
208558,2
562592,2
680903,2
372425,3
575196,3
934958,2
6405,3
826544,1
159690,2
139541,2
912558,3
549182,2
802985,2
334522,2
8011,2
303794,2
731330,2
924018,3
302177,2
409788,2
316456,2
273679,2
704972,3
961197,3
858171,3
910947,2
340674,1
876203,3
842630,2
813728,2
805158,3
379810,2
1021351,2
353041,2
63607,2
194287,2
382075,2
460673,2
876853,3
296471,2
795066,2
653805,3
397895,2
837880,3
445566,2
392521,3
71683,2
592896,2
683468,2
51298,3
612089,2
864240,2
512368,3
38216,3
433157,2
295216,2
495954,2
627064,2
234593,2
40594,1
1016071,2
566694,3
662493,2
992709,3
807408,2
660386,1
803846,3
709644,3
637533,1
25346,3
48893,3
362436,2
581746,3
371820,2
187233,3
694436,2
588962,2
841180,2
729005,2
614070,1
371335,2
68438,2
65823,2
579947,2
375872,3
173445,3
289959,2
232628,2
300090,2
38971,2
537713,2
185950,2
740837,2
662916,3
637529,2
234873,2
22415,2
55728,2
162491,2
482740,3
587575,2
634649,2
702081,1
720220,3
868269,3
948351,2
652513,2
14663,2
667306,2
849659,3
93516,2
644701,3
786317,1
87402,3
652551,2
543496,3
782352,2
575889,1
870629,2
537643,2
330200,2
147135,2
755185,2
931259,2
20465,2
274541,2
760237,2
388208,2
941365,2
932028,2
723715,3
259455,2
633497,2
12619,3
373911,2
589572,2
725724,3
948003,3
601186,3
54860,2
609623,2
1008609,1
89500,2
1035769,2
1042570,3
598845,2
977498,2
552411,3
402873,2
797631,2
864135,3
486005,2
130029,3
986889,3
194952,2
561791,3
584167,2
847319,3
121607,2
357463,2
1019876,3
1038578,2
162774,2
1044537,2
416290,2
356906,2
199882,3
980256,1
809729,2
400420,2
853292,1
69713,2
859375,2
239599,2
797824,2
507314,2
526837,2
206221,3
895037,2
393929,2
635578,2
564837,2
755942,3
425283,2
60484,2
810667,3
126472,3
824287,2
860415,2
807451,2
962999,1
344284,3
127375,2
211226,2
918641,3
968884,2
602812,2
875023,1
793361,1
762451,2
625582,3
48046,2
897501,2
871948,2
796276,2
150347,2
677987,2
122011,2
875089,2
339426,3
496686,3
764682,2
707922,3
544822,3
858994,2
1051662,3
828968,2
429050,3
983867,2
126267,2
219192,1
147999,3
26316,3
852029,3
617585,2
626591,2
580798,2
564732,2
639367,2
548785,2
986473,2
796817,2
884872,3
16867,3
489843,2
732888,2
2665,3
529456,2
591496,3
635009,2
837370,3
975962,3
872206,3
207658,2
949968,2
536510,3
551875,2
695919,2
170514,3
253390,3
926614,2
601349,2
134135,1
905145,3
917677,2
617669,2
589876,2
187113,1
327158,2
921542,2
900079,2
1009882,2
487257,2
867440,2
834304,2
114520,2
109923,2
213170,2
764240,2
822162,2
686232,2
65980,2
819324,2
134316,2
315907,2
909752,2
195731,3
826106,2
994280,3
517138,3
72951,2
54364,2
281879,2
1001320,2
848647,3
615170,2
506810,3
734094,2
902141,3
159496,2
369474,2
613970,2
975121,3
458936,2
342720,2
945800,2
285651,2
500103,2
861189,2
442465,2
709128,1
944976,2
850960,2
988899,3
639529,3
1042720,2
114965,2
436988,2
665125,2
701774,2
71318,2
724425,3
500270,1
944305,3
136617,2
623295,1
25960,2
537719,2
794707,2
565793,2
584212,2
86288,2
994916,2
697490,3
702701,3
110959,1
846557,2
102967,2
723498,2
564414,3
898162,2
301984,1
629475,3
501068,1
86451,2
493979,3
218923,2
1027425,2
255830,3
903252,2
120124,3
828410,3
208804,3
629069,2
1007137,2
253827,2
99081,2
368928,2
1039678,3
701194,2
766310,2
1014033,2
278339,2
489929,3
472174,2
165044,2
898226,2
124162,2
464831,2
640667,1
348970,2
836465,2
986740,3
265576,2
693044,2
1004148,2
700363,2
950966,2
647943,2
963278,2
385893,3
184891,2
1051045,2
516720,2
224779,3
639371,2
332505,2
520318,3
135622,2
222053,2
882244,3
908818,1
404792,3
716406,2
445441,2
136755,2
169461,2
235487,2
317627,3
899600,2
274073,2
703469,3
769625,3
141744,2
882396,2
590168,2
215971,1
79880,2
728075,2
359140,3
981883,3
739686,3
994083,3
487788,2
961368,2
61047,2
915754,3
596099,2
375255,2
813898,2
941434,3
228085,3
267480,2
505286,2
548120,2
829996,2
270131,2
650613,2
839682,3
506214,2
469032,1
225734,1
777095,3
334569,2
501999,2
791029,2
790814,3
656215,2
396383,1
699005,2
535463,3
151051,2
375027,3
524127,1
564208,2
121929,2
1012239,2
65123,3
942032,2
820514,3
815797,2
466772,3
656582,1
642227,3
990193,2
77371,2
440696,3
486060,2
722035,2
183608,2
479747,1
235519,2
439956,3
229104,3
1015710,2
171687,2
351753,2
10107,1
586767,3
751661,2
918418,3
774858,2
69140,3
876694,2
633725,2
910518,2
864997,2
976115,2
472112,2
200884,3
774046,1
421994,2
908016,2
269498,2
778404,3
968571,2
817676,3
277985,2
660090,2
706458,2
54663,2
890067,2
127071,2
50298,3
227573,2
824571,2
755765,2
322852,2
66981,3
319579,2
809916,2
809499,3
62445,2
781143,3
375398,2
484908,3
660566,3
3053,2
926484,2
774017,2
332184,3
245994,2
704534,1
602845,1
938929,2
772907,2
182921,2
141007,3
438787,3
724008,2
253180,2
800527,3
570924,2
477681,2
666453,2
268177,3
696227,2
399750,3
941463,3
143141,3
425247,3
911880,2
474760,2
972882,2
443305,3
542667,2
1020703,2
669518,2
586551,2
162073,2
490657,2
167158,3
360922,1
62195,2
735305,2
516277,2
723634,2
917161,2
30303,2
1032268,3
39375,2
188127,2
738626,2
1045941,3
293305,2
544048,2
263988,2
921958,3
1024773,2
437589,2
568638,3
545702,2
592967,2
380724,2
707813,2
614474,2
200646,2
596901,2
996507,2
670780,1
15385,2
3754,2
570209,2
430490,2
67601,2
499716,2
694410,2
875328,3
123819,2
758047,3
997666,2
471107,2
349331,2
409559,2
475068,2
673468,2
178954,2
314382,3
931018,1
484928,2
928525,2
150360,2
521766,2
687217,1
71054,2
160016,1
9926,1
41373,2
96994,3
199121,1
494836,3
7802,2
901411,2
848677,2
34631,3
879306,2
120689,3
771298,3
557763,2
975640,2
913179,3
828345,1
458265,2
1029020,3
557563,3
273388,2
917550,3
926578,2
774760,2
386250,3
838964,3
421546,2
938287,3
181195,2
525062,2
45649,2
54832,2
94296,3
369914,1
812388,3
479856,2
855509,2
848293,2
756001,1
674770,2
93563,3
623427,2
648012,2
756542,3
315824,2
240455,3
21183,2
39403,2
614748,2
178937,2
692743,2
947202,1
857179,2
372378,2
416249,2
357799,3
647388,2
911494,2
634315,2
835901,2
552245,3
799954,3
399032,3
414155,2
521521,3
154863,2
624390,1
258447,3
433240,3
382918,2
1008015,2
854492,3
232791,2
1050618,2
966665,2
123098,2
758837,2
210720,2
91312,1
949306,2
743116,3
871195,2
560734,3
953578,2
775246,2
811459,1
824684,2
266588,2
661620,3
792086,2
843968,3
36918,1
137549,2
32784,2
637272,2
71620,2
378228,3
1036141,2
345060,3
129362,3
424131,3
768842,3
568070,2
679494,2
738286,2
522801,3
357510,2
87934,3
729280,2
523983,3
22602,3
914934,2
457395,2
558643,2
895135,3
286479,2
846972,2
72487,2
857344,2
451239,2
577715,2
353441,2
356261,2
576529,2
743276,1
911215,2
904046,3
825595,2
536222,2
71731,3
724242,2
1020347,3
914460,2
245801,3
227935,3
770875,2
505984,3
11279,3
890199,2
888139,2
933049,2
659669,1
653214,2
475959,2
577783,2
634331,2
896369,2
466051,2
747755,2
466505,3
482327,3
303936,3
140213,2
398613,3
1051026,3
496388,2
383943,3
882975,2
568964,3
320770,2
540180,3
55934,3
574706,2
1028098,2
25296,2
742954,2
910274,2
216842,2
642665,3
446097,3
697472,2
106920,3
934246,2
481246,2
313654,1
826390,2
815783,2
586314,2
762348,3
626567,1
743168,3
572548,2
644514,2
660892,2
626382,2
447356,2
596260,2
566366,2
32908,2
74201,2
543915,2
778022,3
589368,2
695442,3
597229,3
191448,3
41832,2
64680,3
1022776,2
481213,3
1047440,2
320494,2
992204,2
153485,3
273933,2
318419,2
875483,2
925332,2
829217,3
110756,2
746799,2
1042131,2
22248,3
284671,2
529932,3
712108,2
767117,3
502075,2
1009107,3
467628,2
53572,1
836372,3
238053,2
51201,1
327537,3
37434,2
938169,2
356961,3
349063,2
215648,2
653888,2
589315,2
73547,2
1005622,2
647649,2
73094,2
964513,3
737866,2
428614,2
655121,3
229196,2
384594,3
452275,2
183934,2
99794,2
660619,2
4182,3
485944,2
336343,3
674111,2
625437,2
991046,2
307380,2
716359,1
277969,2
496669,2
417710,2
605955,3
65729,2
683098,3
340481,2
445282,3
702969,3
14143,2
14644,2
621770,3
677176,2
224442,3
111999,2
62482,2
857384,2
581754,2
704247,3
955001,3
648927,1
1021626,3
1017327,2
877418,2
177900,2
1017808,2
920702,2
548908,1
167661,3
371990,2
1013525,2
375393,2
199590,3
694824,2
100383,2
684117,1
344981,2
891004,2
1042049,2
606109,2
841353,2
925300,3
83644,2
374754,2
848668,2
724937,3
475685,2
208164,2
183838,3
957426,2
769944,3
688136,3
545611,3
1029648,3
24264,2
557600,2
961038,2
652785,2
683722,1
510050,3
249164,1
244579,3
574637,2
864335,3
325782,2
613953,3
12740,3
535548,2
512583,2
438661,2
903615,2
471744,2
54647,2
868113,3
311765,2
46508,2
333287,2
638139,3
57083,3
965933,2
408780,1
651569,2
480943,2
673493,1
896925,2
752061,2
343187,2
431419,3
765693,2
836156,2
212138,2
608719,2
577460,2
370468,2
779379,3
999573,2
326030,2
28400,3
815023,2
653911,2
29232,2
292466,2
328347,3
693701,2
519241,3
500018,2
871785,3
308419,2
831284,2
578235,2
887314,3
63293,2
243778,2
980431,2
911502,2
998053,2
135387,1
504820,2
925246,2
425092,2
493357,2
195276,2
831698,2
851934,3
659549,3
183069,3
64879,2
56620,2
939882,2
66214,2
136941,2
290845,2
272939,2
961032,2
834024,2
185700,1
500466,2
512131,2
263958,2
628275,2
467805,3
1038921,2
989742,2
1006843,2
155615,2
940069,3
471687,3
1037414,2
390719,3
541239,2
1048694,3
73262,2
192342,3
468081,1
505097,3
222901,3
24114,3
936526,1
759727,2
470870,2
934112,2
609797,3
780495,2
659533,3
285574,3
73632,2
961124,3
126325,2
971341,2
613868,3
800465,2
66450,1
277758,3
41386,2
161843,2
533777,2
381629,3
270591,2
62840,2
247690,2
432425,2
228304,2
903081,2
821946,2
986944,2
486577,2
485934,2
38573,2
941735,2
875449,2
762867,3
889884,2
194381,2
53688,3
656023,1
348619,2
127994,3
960504,2
649371,2
282630,3
310489,2
141553,2
845384,1
738018,2
465029,2
1021171,2
843426,1
895963,2
886283,2
167477,2
971402,3
429643,2
416187,2
407602,2
299537,2
515032,2
953258,2
784733,3
179826,2
1006284,2
403544,2
583241,2
232094,2
564682,3
578937,2
921144,2
804811,2
838314,2
158410,2
468042,2
576937,2
780209,3
490816,3
1034322,2
572156,2
120556,1
492812,2
803209,1
422293,2
201879,3
41293,2
627729,2
706940,3
897823,2
976758,3
868066,2
232191,3
539296,1
659134,2
844918,2
82567,2
368815,2
451820,2
541900,2
912286,3
378931,3
447084,2
8983,2
897110,2
762845,1
104823,2
52894,3
703177,2
478221,1
369605,3
302111,2
467021,2
232823,2
930032,2
343125,3
226317,2
1000306,2
818455,3
195231,3
736823,3
176697,1
190726,3
611706,2
686515,2
550093,2
993049,2
44734,2
588895,2
164839,2
703390,2
740384,2
573588,2
128220,2
780749,3
1035184,3
556336,2
486291,1
848284,2
513582,3
801163,2
920436,2
574959,2
436846,2
582073,2
288216,2
1020613,2
716890,2
868558,2
341964,2
341985,1
1012780,3
825942,2
253497,2
86921,3
618614,3
153274,3
33084,2
669578,3
1043964,2
602420,2
340687,2
685772,2
32694,2
292820,2
420575,3
47727,3
721809,3
988372,3
5260,2
328775,3
414311,2
673056,2
953950,3
102999,2
167031,2
599131,2
1017090,3
941441,3
361215,3
798941,3
750431,3
38674,3
407195,2
17796,2
672654,2
479139,2
66768,2
1023530,1
901976,2
766576,2
711204,3
414055,2
602284,3
502614,2
499163,2
1017878,1
492184,2
872556,2
537473,2
777250,3
468750,2
357290,2
739838,3
488386,2
467023,2
496764,2
547741,2
248390,2
967893,2
932114,3
368328,1
911647,3
169605,2
625454,1
403126,3
861675,1
643600,2
462269,3
651072,3
767630,2
943738,3
438061,3
491811,2
603938,3
900901,2
725992,2
132764,2
989893,1
962088,3
779040,2
707034,2
993619,2
938914,2
537792,2
412807,3
725616,3
938057,1
905824,3
256632,3
492592,2
516777,2
163694,2
96630,3
416421,2
9410,1
947007,2
59994,2
82003,3
290424,2
166282,2
226109,2
83946,2
582257,2
962515,3
308718,3
471232,3
89948,2
711218,2
892396,3
288379,2
813995,2
219805,3
686357,3
252007,2
403938,3
791201,2
496852,2
723919,2
498544,2
860635,2
172436,2
201330,3
17108,2
759433,2
65447,1
1043573,2
251871,1
1019472,3
357081,2
365445,2
579015,3
724278,2
686059,2
533071,3
401484,1
955570,2
805958,3
768513,2
207199,3
286169,2
12975,3
647791,2
618604,2
559666,3
53549,2
441558,3
141517,2
768951,3
51617,2
881475,2
775454,3
622993,2
904326,2
545010,2
431640,1
460924,3
668639,3
716693,2
336618,2
108218,2
77139,3
168410,2
104053,3
505904,3
424319,3
472100,2
581503,2
920950,2
37813,3
840285,3
148763,2
70983,3
903544,2
490145,2
498399,3
265787,2
420577,2
295882,2
556275,2
642190,2
32180,2
897512,2
127421,2
110027,3
603061,2
803643,3
401602,3
298902,2
93585,1
161299,2
523236,2
667742,3
217935,2
263860,3
604210,2
680910,2
909372,2
615431,1
749602,3
442593,2
365327,2
867322,3
98336,2
286323,3
146719,2
206169,2
976982,2
470432,2
269622,2
96481,2
347926,2
857223,2
97561,2
315423,2
38450,3
179768,3
142757,3
787854,2
386546,3
105112,1
291977,2
120577,2
860175,2
661192,3
235922,2
796737,2
806973,3
315600,1
994874,1
142200,2
548798,2
312007,2
365883,3
75734,2
943837,3
76840,2
322554,2
1527,3
95003,3
215529,2
653855,2
218207,3
1036305,2
26006,2
924631,3
500717,2
570893,2
437267,3
345881,3
755665,2
371505,2
185252,3
790792,2
778734,2
504497,2
795171,2
707886,3
426293,2
659189,2
351863,2
544533,2
19506,2
684428,2
91371,3
740601,2
330733,1
963118,2
353445,2
524699,3
260434,2
918288,2
162221,2
36815,3
350397,2
355163,3
957416,2
674350,3
952941,2
389704,2
226132,2
391369,1
392373,2
922222,2
376064,1
921797,2
188212,2
625905,2
569691,3
807688,2
232591,1
432567,3
394537,2
484676,1
592747,2
503613,3
141283,2
606110,2
131180,2
776906,2
692581,2
888617,2
109106,2
974000,3
656699,2
634807,2
83066,2
788801,2
693736,1
995230,3
479062,2
381117,3
943863,1
312038,3
840637,2
381676,2
936975,2
260290,1
977175,2
993929,2
444278,2
551494,2
92375,1
440190,3
450445,2
525095,2
950609,2
375898,2
115103,2
855032,2
955469,2
243133,2
102186,2
1049592,2
1015032,3
875570,2
823692,3
119339,1
818976,2
574896,2
120720,3
51676,3
354824,2
935346,2
599439,2
741758,3
639477,2
213050,3
699744,2
814610,2
943281,3
36142,3
282399,1
298239,2
695484,2
393108,2
210290,2
25768,2
461860,3
21324,2
960790,2
254646,2
1008586,3
826726,3
96613,3
743204,3
425902,3
745827,2
756336,2
412900,2
699354,2
47645,3
214427,3
27398,3
154089,2
417411,2
126216,2
945011,1
247603,3
423516,2
873108,2
850948,2
510036,2
742139,1
1016482,3
585519,2
1006338,2
383071,3
232996,2
202944,2
903065,2
841846,2
80358,2
664157,3
586565,3
497942,2
452893,3
375399,3
298290,2
740255,2
1034565,2
25115,2
151109,2
431303,3
478895,3
224953,3
579438,2
921397,3
205469,2
79357,2
629493,3
887018,3
201329,3
825894,2
341766,2
398752,3
785744,2
780344,2
777919,2
672522,3
545438,2
675608,2
464867,3
773459,2
124693,2
293961,2
110800,3
142227,2
310839,3
933047,2
357919,2
542765,2
8527,3
899690,3
1034607,2
1022146,3
1026373,2
475087,3
589037,2
71162,2
235417,2
940131,2
876608,3
519138,3
590767,3
437637,1
544787,2
821791,3
277254,2
748523,3
455229,2
521788,2
1015634,3
949652,3
795406,2
497756,2
942354,3
504465,3
849013,2
239996,2
42904,3
951849,2
624869,2
25139,1
138706,2
1048621,3
59260,2
137456,1
1043466,2
183179,3
126845,2
931883,2
49342,2
28558,3
272801,1
376267,2
142808,2
683480,2
350539,2
588792,2
16534,1
980336,3
1000751,3
170293,3
1028106,3
586089,2
634694,3
204738,2
936380,3
93758,2
994906,3
923717,2
1007946,3
773053,2
521414,1
273961,2
541602,2
408908,3
669132,3
107034,2
976088,1
336863,2
366660,1
1016468,3
873075,2
581458,2
731405,2
249902,3
368680,3
189526,2
802799,3
626281,2
478504,2
1011706,2
579497,2
99238,2
216022,3
808494,3
114543,3
17514,3
281256,2
974754,2
18083,2
247643,2
314233,2
836432,2
494559,2
68422,3
40598,2
822264,2
279808,2
862545,1
553151,2
198667,3
713707,3
399643,2
769308,2
401841,2
405333,3
716677,2
869404,2
689778,1
636454,3
367749,3
722345,2
719287,3
641089,2
472191,2
1027045,1
911584,2
657866,2
503666,3
657674,2
409440,2
538056,2
691536,2
219756,2
782514,2
435254,1
641289,2
821740,2
413672,2
331661,3
180707,2
49268,2
9112,2
358417,3
665309,1
827193,2
480110,3
415367,3
567671,2
40151,2
629919,3
837601,2
189436,2
131506,3
963719,3
223914,2
752107,2
795976,2
851379,2
271238,3
647626,2
1030884,2
391918,2
91922,2
489300,2
787460,1
791748,2
446955,2
444189,3
812489,2
460580,2
188065,3
793786,2
506312,2
457388,1
866959,3
1035176,2
676977,2
136042,2
575375,2
222323,2
609594,2
143716,2
572913,2
418182,2
716667,3
304208,3
62737,2
331779,3
120576,3
650274,3
995386,3
211515,3
405069,2
1032166,2
300244,2
460300,2
344456,2
887417,2
28911,3
216716,2
289762,3
719228,2
712886,3
384547,2
727589,2
291856,2
480376,2
154242,2
17558,3
46149,2
268698,2
351622,2
721419,2
337542,2
444581,2
12911,2
10285,2
125993,3
535280,2
400847,2
603284,2
224450,2
342721,3
858551,3
569203,2
114898,3
1035925,3
322639,2
853187,2
524105,3
878815,3
351306,3
91955,2
772313,3
929146,1
493507,2
889072,2
130978,2
520158,2
968878,2
151820,1
503035,2
403998,2
352485,3
858736,2
869167,2
880987,2
375726,2
1001433,2
772174,2
829724,3
724654,2
62368,3
211682,2
1018627,2
1051708,2
329751,3
140746,2
12351,2
621510,2
748459,2
970269,3
574697,2
429329,2
29334,2
10496,2
477628,2
162194,2
890216,2
945989,1
449826,3
808743,2
46986,2
374618,2
934166,2
784242,2
250843,3
839164,2
568758,2
44264,2
191862,3
899992,2
539173,2
297632,3
260408,3
164505,2
446903,2
78639,3
355330,2
456209,2
663594,2
12176,3
891506,2
3123,3
133939,2
965057,2
1021594,2
786964,2
181349,1
880983,2
427769,3
842947,2
366090,2
69301,3
624908,2
729014,2
654740,2
892382,1
508318,3
371850,2
1046318,2
775209,2
755429,2
486109,1
846906,2
98232,3
1041523,3
389079,2
611996,2
957867,3
602400,3
976472,2
221134,2
942879,2
302239,3
269991,2
343719,2
959492,2
228283,2
981866,2
734840,2
513479,3
340001,2
749791,2
405243,2
454812,2
606933,2
326793,2
661951,2
189232,2
149748,2
369345,2
832486,2
541816,2
686078,2
523887,3
333695,3
900441,1
978840,3
401406,1
1036016,3
404812,2
473465,2
694611,2
323988,3
246384,3
42764,2
488917,2
694190,2
601210,2
692789,2
83377,2
731782,2
772778,2
301630,2
934441,2
786949,2
335129,1
965268,1
190970,2
301342,3
76267,1
409982,3
677271,2
699441,3
465204,2
733769,3
260094,2
717258,2
112632,1
281238,2
28917,3
526603,2
742914,2
824527,2
406570,2
974004,1
980072,2
270320,3
828563,2
1048385,2
959862,1
874663,2
417717,3
365481,2
826404,2
955743,2
664427,3
843376,2
218901,2
752141,2
407872,2
1013578,2
837629,3
603437,2
980568,3
863156,3
929431,2
933431,2
613827,2
790369,2
557874,2
1011175,2
218947,3
161972,3
871034,2
570493,2
188279,3
760196,2
598562,3
656234,1
653810,2
526580,3
258514,2
138639,2
759434,3
818357,2
779184,2
103492,2
430350,2
519385,2
642386,3
838262,2
773295,2
1034832,2
62166,2
791542,2
308067,3
406215,2
119041,2
255445,2
898232,1
143824,3
891873,3
918256,3
584637,3
749550,2
197182,2
438576,3
8996,3
470810,1
1203,2
438643,2
825616,1
76851,2
520321,2
1033842,1
263723,2
273293,2
297099,3
544706,2
541226,1
679531,3
684620,2
23717,2
529957,2
216195,2
466890,3
287758,2
291211,2
467520,2
951097,1
950291,3
840335,2
140319,3
21638,3
324012,2
141689,2
1024708,3
600428,2
818372,3
60996,2
895737,2
48927,2
227833,2
955056,2
682779,1
557312,2
446326,3
903330,1
292567,1
766435,2
764274,2
924813,3
538949,2
47983,2
270772,1
462838,3
295697,2
418034,2
968381,2
707560,2
991422,2
1048075,3
171386,2
231177,2
78401,2
221797,2
524867,2
471205,3
266078,3
444120,3
737042,3
266032,2
879752,2
102415,3
956585,3
796253,2
915070,2
208120,2
364420,3
756041,2
426043,2
663045,3
824474,2
504559,2
924317,3
630736,3
238730,2
893923,3
521845,2
182255,2
630014,2
1033234,2
457614,1
450679,2
480029,2
143057,3
146064,2
1031034,2
113883,2
1021477,2
276620,3
929543,2
692796,3
940329,3
705963,2
553012,2
577861,1
624789,3
449495,1
782232,3
1017164,3
531730,2
467830,1
251870,2
875343,3
597337,2
82008,3
777051,2
529050,2
533152,2
369191,2
302189,2
547879,3
660633,2
765963,3
806051,3
436144,2
372950,3
275719,3
252798,3
83691,1
492706,1
666845,3
544858,2
937431,2
228031,3
522760,2
799723,2
653655,2
401472,2
975417,2
309797,2
598767,3
583227,2
156647,2
753346,2
112919,2
687243,2
395592,2
756944,3
167834,2
794149,2
264523,2
22002,2
195421,2
709668,3
650683,2
883858,2
520922,2
1035477,2
904964,1
537070,3
504915,1
371372,2
372428,2
671156,1
334160,1
398596,3
605591,3
722092,3
849987,2
100408,2
646692,2
651312,2
67929,2
645155,3
534233,2
190268,3
447450,2
174205,2
49719,2
381549,2
341596,2
263426,3
688796,3
377937,2
335641,3
644581,3
177805,2
647280,2
785278,2
533348,2
754014,2
217746,2
804154,1
540240,2
435141,2
1012038,2
203813,2
108241,2
355508,2
768588,2
64658,2
1049209,2
1006068,1
755161,2
1002239,2
816527,2
792298,3
846544,2
635392,2
674803,2
518552,2
698710,3
63621,3
985140,3
958937,1
385666,2
1004561,3
655819,3
130933,2
874958,3
99820,3
572682,3
644560,3
581538,2
782164,3
648842,3
328821,3
1037615,2
384258,2
604521,1
251721,2
323187,2
304434,2
473879,2
992823,3
837176,2
715558,3
611975,2
54088,2
889989,1
131817,2
839111,2
765670,2
242751,2
850026,3
1029138,2
827305,2
1049678,2
356282,2
920161,2
812570,2
772657,2
317031,2
142235,2
100245,3
758290,2
573549,3
484699,3
211289,2
933360,1
358504,3
49703,2
1007075,2
686214,3
382882,3
131176,2
384637,3
778654,2
584541,2
165009,2
746188,2
31605,3
13931,3
609744,3
930632,3
572480,2
12839,2
958550,3
367111,2
644683,2
378092,2
841977,2
251451,2
90533,2
981998,2
775223,2
901403,2
1027938,2
421081,2
46474,1
171822,2
345983,3
481896,2
544603,2
148834,1
613248,2
219731,2
198273,2
701823,2
695923,2
572841,2
837506,2
113907,2
82760,2
70999,2
509124,2
255815,2
140180,2
974882,3
504842,2
779740,3
841526,2
814782,3
540625,2
991102,2
896948,2
887388,3
871842,2
1008960,2
609999,2
702750,2
461307,2
47630,2
120120,3
451916,2
534587,3
402868,1
679889,2
338267,2
947163,3
292193,2
96339,3
155280,2
899857,2
412933,2
509554,2
195087,1
537693,2
900026,1
761514,3
195061,2
678278,2
354172,3
344099,3
918470,2
225320,1
770130,2
181387,2
550104,2
684132,1
707865,3
1015279,2
25150,2
29890,3
913485,2
714790,2
656910,2
83637,2
29361,3
262065,2
194800,2
730891,2
376009,2
427502,2
748781,2
47598,2
297818,2
757819,1
375111,2
275126,2
411719,3
592956,2
427855,2
525713,1
193053,2
467666,3
396964,3
502348,2
83966,3
418879,2
21931,2
303481,2
98886,2
1003356,2
469667,3
252384,1
376698,3
992247,2
444542,2
186503,2
106468,3
641354,2
196214,3
910396,3
444787,2
958742,3
279182,2
814609,2
996292,2
160111,2
755631,2
926032,3
380868,1
573538,2
834745,2
301495,3
1020804,2
853998,2
709123,2
252429,3
929388,1
8354,2
453947,3
423060,3
393146,2
925589,2
287954,2
243174,2
439303,2
535915,3
568470,3
464566,2
405421,2
130973,3
544376,2
469801,3
306628,2
333598,1
930769,2
959922,3
508207,2
325535,3
764919,2
684362,2
187636,2
304070,2
400372,3
792805,2
136288,3
1001521,2
753047,3
100029,2
631471,2
3316,2
359547,2
285117,2
536413,2
653023,3
624746,2
626902,2
288700,2
218182,2
380018,2
265477,3
1052199,3
1011563,3
574530,3
884306,2
668038,1
41229,2
228277,2
1022979,2
962453,3
962152,3
880016,2
1044800,3
592964,2
950384,3
630201,3
595541,2
854318,2
824501,3
281124,2
258434,2
725181,3
581741,2
184261,2
840401,2
313343,3
59773,2
280302,2
83931,2
978038,2
302139,2
285446,2
771462,2
679498,3
952045,2
508076,3
641353,2
166739,3
401229,2
390116,3
381400,3
136520,2
633210,3
433020,3
713611,2
177341,2
830115,2
478745,2
403529,2
549149,2
209655,2
754334,2
354320,2
153489,2
978797,2
883824,2
39863,2
31372,2
679617,3
766129,2
844104,2
445593,2
149759,3
1019850,2
872451,2
860713,2
614128,2
462083,2
665042,3
644174,2
1044358,2
445577,2
150811,2
289715,2
572406,2
480956,3
939783,2
614044,3
499052,2
983575,3
449505,3
46491,3
352050,2
548996,1
173803,3
250975,2
33743,2
741301,2
2530,2
729058,2
918707,2
1037531,2
262401,2
989298,3
718917,3
76098,1
516658,2
829148,2
250701,3
739291,2
181516,2
807864,2
405244,2
269131,2
530348,2
451328,3
405274,2
901573,2
803840,1
446055,3
650145,2
96516,2
345942,2
189685,3
774709,2
822726,2
20972,2
252745,2
376744,2
525686,2
50940,1
191756,3
250857,2
857990,2
435518,2
1022206,3
713607,2
320422,2
244715,3
69942,3
576019,2
115823,3
569613,2
364192,2
602606,2
310232,2
1043752,2
847226,2
747867,3
367331,2
751899,2
296363,2
151235,3
462099,2
382716,3
411599,3
569355,2
840257,2
199547,3
19733,2
408552,2
675635,2
623575,2
619083,2
580581,2
161806,3
470368,2
92866,2
775123,3
377702,3
346212,2
259085,3
40355,3
557508,3
1034408,2
18140,3
322821,2
847189,1
601685,3
993316,3
327153,2
560525,3
1029074,2
290061,3
848940,2
877498,3
255003,2
456159,2
109771,2
857058,3
813080,2
606214,3
380857,2
854525,2
71693,3
881804,2
421932,2
503648,2
99320,2
351556,2
80769,2
320665,1
105048,3
71744,1
12499,2
56427,1
105535,3
305,3
358339,2
952126,2
462888,2
889340,2
932899,3
331984,2
676790,3
209199,3
459465,2
347097,3
985373,2
62562,3
422105,3
252721,2
331140,2
146221,2
817233,2
910797,3
556080,2
524983,2
1048500,2
680073,2
500996,3
425975,2
17070,2
173741,3
296989,2
266740,3
204145,3
737631,2
899499,3
1026408,3
914800,2
392126,2
446084,1
206427,2
761515,2
128645,2
243478,1
435307,2
694236,2
388417,2
173139,3
473005,2
541556,2
519326,2
511002,3
317,2
584664,2
878579,2
600719,2
399558,3
517905,2
979584,2
117840,3
169542,2
707112,3
360765,2
166098,3
169240,3
706524,2
522086,2
290578,2
439706,2
535058,3
221616,2
12205,2
780493,1
868489,2
193796,3
536668,2
901210,3
642003,3
154153,2
68095,2
492321,2
206420,2
815990,3
296515,2
863075,2
459914,2
616721,2
1047169,2
57946,3
660911,2
906099,3
859848,3
288044,3
523944,2
579225,2
580115,2
844939,2
9154,2
732411,3
486716,2
395500,3
267474,2
704122,2
223383,3
753017,2
213448,2
462493,3
414701,2
184870,2
844653,3
43205,3
223698,3
191649,2
77000,2
54416,2
20927,2
889253,1
238656,2
339605,2
671554,3
23091,1
903318,3
331123,2
726048,1
988612,2
798117,2
307592,3
166213,3
570350,2
783464,2
52600,3
192876,3
502591,3
444727,2
387754,1
789478,2
997367,1
40938,2
918351,2
82736,2
1021688,2
822617,3
279651,2
577645,3
38759,2
274242,3
181713,3
484368,2
8042,3
658733,2
956639,2
339109,2
922880,3
424859,3
779177,2
114202,3
507029,2
421214,2
685327,2
758697,3
188535,1
211495,2
763891,2
310247,2
1014400,2
155879,2
908601,3
297720,3
568317,3
686092,2
456221,2
591216,2
1037303,2
729043,2
563930,3
684634,2
776274,2
183180,3
1046376,2
452183,2
658279,2
536316,1
892424,3
37632,1
638401,2
506600,2
537222,2
543780,2
606388,3
403850,2
1040628,2
163462,2
360206,2
137040,2
599941,2
626514,2
824628,3
842477,2
976820,2
830089,2
415866,2
829126,2
63184,2
876195,2
377077,3
923250,2
238352,1
39060,2
993918,2
169126,2
1015524,2
907893,1
434356,3
180947,2
339111,1
824689,2
715691,2
679445,2
359390,2
464100,1
526373,3
147767,3
898925,2
847403,2
851707,2
76288,3
899069,2
163655,2
747182,3
1020902,2
457134,3
451280,2
458730,2
620732,3
50441,2
264971,3
170496,2
915604,2
308615,2
772658,2
887693,3
351073,2
97894,2
703608,2
145883,3
667260,2
961592,3
88962,2
400804,2
801887,3
962910,2
44627,2
964519,2
748280,2
702832,2
661412,2
659315,2
288484,2
673508,3
174760,2
472926,3
477781,2
320857,2
257524,2
724887,2
625807,2
65024,3
80158,2
856064,2
284141,2
1050122,3
429728,2
308232,2
244274,2
35018,2
570228,3
1021620,2
75041,2
601108,3
322016,3
799423,3
33988,2
796727,2
401017,2
741749,2
909174,2
884437,2
229320,3
964581,1
528795,2
341092,2
517643,3
271585,2
970074,3
634868,3
630327,3
1018868,2
275948,2
239870,2
855194,2
658962,2
451863,2
950159,2
1006469,2
913038,3
101055,1
108375,2
92674,2
540219,1
173365,2
545960,2
846849,1
1020960,2
619989,3
772952,3
1040140,3
137636,3
188890,2
152321,2
1003434,2
421006,3
157505,2
459393,2
559637,2
17019,3
908412,1
249103,2
61384,2
650021,2
581609,2
601425,2
753378,2
938016,2
816011,2
866212,2
999814,2
384717,2
884570,2
209705,3
453872,2
706990,2
414258,2
730989,3
708404,2
414299,2
609706,2
390812,3
312441,2
835430,2
618065,2
300809,2
495875,2
626364,3
599807,3
77501,2
307007,2
716442,2
137999,2
323446,3
534197,2
600439,1
992308,2
44192,2
828292,2
1026988,2
350275,3
918460,2
815528,2
1046439,3
809100,3
586689,3
550122,2
548842,2
771683,3
688616,3
130364,2
985947,3
178146,1
932197,2
642004,3
696403,2
336064,2
423470,2
143910,1
900220,3
1039511,2
741200,3
549179,2
277210,2
478679,2
332064,2
383827,2
296113,1
865580,3
387676,2
276573,1
415009,2
501032,2
588961,2
390311,3
710585,2
198446,2
919004,1
196752,1
126280,3
1752,3
973863,1
1012662,2
154333,2
581341,2
706210,1
514567,2
681319,1
884605,3
1041222,2
230467,2
191554,1
61629,2
421032,2
96679,2
718126,2
614463,2
440228,2
834797,2
188486,2
372010,1
837293,2
175560,3
811533,1
141699,2
372515,2
609683,2
337833,3
790412,3
440185,2
441392,2
983562,2
524232,2
825692,2
190300,2
52038,2
968054,3
575592,2
118324,2
562067,3
629662,1
719567,3
914007,2
682008,2
943698,3
982908,3
17776,3
104499,3
304269,2
219570,2
430367,2
342742,3
553207,2
46302,1
446478,3
106898,3
290318,3
299341,2
855357,2
419037,2
391099,2
645425,2
564047,2
791640,3
545062,3
678029,3
323559,2
417990,2
260400,2
154007,2
279587,2
379220,3
831864,3
99715,2
1650,2
834387,2
319281,2
498289,2
706221,2
682251,2
280954,2
720210,2
870812,2
256293,2
417967,2
161455,2
410379,2
392809,2
108389,2
207785,2
957751,2
490640,3
302446,2
905761,2
463741,2
725443,2
930790,3
14547,2
783166,3
158685,1
613091,2
197011,3
185094,2
882142,1
1002667,2
674421,2
189981,2
343455,1
303139,2
1001425,3
987604,2
551228,3
549389,3
595375,2
335515,3
845681,2
578849,2
7245,2
432602,2
1018639,3
891721,3
960157,3
873511,2
360208,2
218890,2
490033,1
865402,2
991491,2
279775,2
79373,1
621708,1
161563,2
397972,3
642693,2
612298,3
271568,2
546,2
614615,2
354543,1
381153,3
238640,2
455177,1
640003,2
88593,3
363616,2
103132,2
733754,3
653595,2
944182,2
102881,2
345006,2
291941,3
425182,3
878651,2
1046072,2
127420,1
1016127,2
849668,3
562187,2
279134,2
552747,2
754351,2
1009217,3
9074,1
201155,2
293813,3
22252,1
778919,2
141905,1
968432,2
174943,2
160780,2
521457,2
1039499,2
930053,2
8749,3
977912,2
163632,3
427109,2
171156,2
817865,2
453011,2
77680,2
534585,2
289990,3
985230,3
225322,2
147558,2
122706,2
520742,2
725847,2
705904,2
761451,3
293928,2
925311,2
561482,2
112518,3
391660,2
676311,2
837421,2
290351,3
780287,2
273286,2
152910,3
34082,2
284372,3
642988,2
492477,2
592142,3
264826,2
987487,3
562351,2
213685,1
736657,1
607314,3
168161,3
998509,2
114169,2
73652,2
114377,2
72857,1
293811,2
35052,2
436719,1
771125,3
199141,1
191085,2
960618,3
446656,2
133066,2
549772,2
636445,1
458319,2
846563,2
95594,1
713748,2
695181,3
521017,2
316308,2
926684,3
45810,2
1006113,3
311727,2
929626,2
815089,2
199166,2
261609,2
689520,1
1026871,3
931391,2
530018,2
819401,2
28694,2
619801,2
968221,3
1011774,3
803318,3
531516,1
854882,2
69582,2
660119,2
178942,2
98394,2
410251,2
940695,3
87524,3
423624,2
205783,2
546593,2
979665,2
656595,2
726512,2
882873,2
539065,2
745599,2
676825,2
651928,3
1047239,3
1020676,1
144353,2
120929,2
287971,3
329957,2
692400,2
641953,2
85638,2
669295,3
410848,2
419230,2
355092,2
4946,2
676399,3
236974,2
225405,3
306850,2
801059,2
594310,3
816427,2
36012,3
525448,1
145825,2
986516,2
220104,1
600089,1
949909,3
229616,2
627513,2
506281,2
1006989,3
588456,2
628686,2
322575,2
804319,2
155995,2
113578,1
950851,2
429418,3
851618,3
629387,2
330214,2
862549,3
896284,2
892472,2
355807,2
979828,2
406541,3
235039,2
369686,2
979595,3
105168,2
371381,2
143746,3
172796,2
111898,3
100467,2
843471,2
965794,2
614730,2
936398,2
32865,2
789912,2
30150,3
404383,2
1001273,3
500100,2
68892,2
940208,3
1034272,2
1028415,2
306725,2
542523,2
981058,3
895736,3
355982,2
914396,2
967091,2
221399,2
736901,2
243614,2
305749,2
512318,2
578736,2
311238,3
592359,2
415277,3
346788,3
526990,2
525170,3
347864,2
435007,2
4755,2
937492,2
1001191,2
309627,3
843456,3
317842,2
155845,2
768398,3
605483,2
364810,2
503985,2
334617,2
21508,3
466835,2
739985,3
899045,2
618215,3
154396,2
37804,3
441782,2
127114,2
457757,3
259658,3
420047,3
472372,2
585083,2
328694,2
108443,2
583929,2
452059,2
951304,2
619300,2
775317,3
147925,2
141393,3
487841,2
11427,3
1041106,2
187432,3
252040,2
496999,1
37085,2
763785,3
894959,2
196143,2
246021,2
297147,2
300431,2
248184,2
232679,2
717292,2
451207,2
1040256,1
379216,3
677389,2
512088,3
114845,2
625461,2
376105,2
488873,3
941031,1
256398,2
973282,2
108960,2
919668,2
87020,2
187367,3
917325,2
528013,2
170397,3
36358,2
908987,3
577929,2
73246,3
402903,3
981009,2
671287,2
394995,1
978794,3
456073,2
249434,3
941359,2
951574,2
826686,3
722672,3
919306,2
88087,2
567233,2
294719,2
984084,2
699240,2
620555,2
17407,2
585192,2
1048674,2
54529,3
698493,2
197236,2
20706,2
856552,2
128936,3
214658,3
1052346,2
176766,2
699993,3
195739,2
214031,2
375426,1
994891,3
437758,3
152745,2
832012,3
883993,2
249986,2
459072,2
877437,1
179018,2
57930,2
80298,2
936024,2
991097,2
402778,3
800381,2
794238,2
806005,2
921045,2
956451,3
351369,3
985693,1
364977,3
58132,2
335201,2
220370,2
188206,3
747726,2
967190,2
252681,2
150824,1
244249,2
334693,3
1028598,2
1045218,2
512217,3
95990,2
913109,2
946471,2
532534,2
419237,3
249233,3
738180,2
437134,2
677914,2
122565,2
130292,2
60236,2
738522,2
428019,2
952257,2
454595,2
22711,2
684069,3
717787,2
469340,2
594240,2
692065,2
799467,3
670566,2
469472,3
469196,2
418963,2
155465,2
510390,2
167420,3
793312,3
815465,2
802048,2
598636,2
533976,2
415031,2
279386,2
380625,2
356798,3
462961,1
65572,3
411835,2
398117,2
555852,1
472012,2
639631,2
17517,3
929556,3
998410,2
96652,2
281877,3
231575,2
851901,2
861322,3
168023,2
351127,2
483127,2
167114,2
446804,2
563622,3
825476,2
469154,3
873012,2
694055,2
508220,3
323248,2
3395,3
1023501,2
58686,2
635401,2
217248,2
28507,3
712474,1
283038,2
590253,3
858959,2
123587,2
73454,2
794488,2
631788,2
814669,2
781332,2
157665,2
15943,1
808273,2
394904,2
974928,1
86464,2
941195,2
1000048,2
490730,2
710903,2
350801,2
4990,3
741761,2
1021659,2
830634,3
701673,2
1030588,3
607672,3
18708,2
449008,2
181041,3
821216,3
590407,1
248935,2
354900,2
823340,1
509541,2
220580,1
896468,2
678408,1
456419,2
1011618,3
460261,3
197621,1
55497,3
250590,3
13349,2
254993,2
433155,3
121854,2
177733,2
490744,2
817125,3
198947,2
943564,2
837903,2
529034,2
483914,2
562788,2
1034462,2
879449,1
962951,2
635760,2
546504,3
485922,2
442461,2
55342,1
444658,2
960328,2
628718,2
288660,1
584502,1
626782,2
708881,3
356522,2
332802,2
381173,3
486796,2
528753,2
423168,3
888991,2
38003,2
239909,2
304618,2
11604,2
522703,2
767681,2
1038428,2
354762,3
1027520,2
545605,3
562374,2
219413,2
801094,2
473648,2
939583,2
945613,3
601251,1
517403,2
546626,3
483375,3
210544,2
631763,2
932312,3
45179,3
789260,3
298241,2
340112,2
780468,2
371038,2
241782,2
41953,2
669387,2
213395,1
336577,2
979681,2
87779,2
326291,2
218002,2
801853,2
563427,1
670450,2
184507,3
1002467,2
587247,3
125595,2
304150,3
385245,3
200100,3
67506,2
227388,3
9989,2
259279,2
175755,2
177844,1
652207,2
593065,3
615055,2
660791,2
951108,1
149923,3
765231,2
417716,2
905528,2
228447,2
461695,3
886491,2
6270,3
182236,2
626304,3
106672,3
602800,3
82811,2
459951,1
638738,1
862519,3
338868,1
919382,2
910877,2
817122,3
1005879,2
302474,2
312049,3
640611,2
338124,2
627106,1
15814,2
686873,2
788582,2
831686,3
717180,2
1000390,2
519569,2
5152,3
839919,2
502270,2
1029551,2
541572,3
968270,2
286897,2
351915,2
93981,2
897925,1
236990,2
679365,1
769126,2
258303,2
915201,2
528269,3
714785,2
37196,2
34049,2
421996,2
377023,2
460246,2
1009497,2
820639,2
696220,2
358365,3
43769,2
972571,2
363672,3
139059,3
787525,2
319260,3
632455,3
391261,2
503393,2
78546,2
637827,2
452495,3
934037,2
956620,1
40019,2
140083,2
276050,3
65180,2
523686,2
735680,2
478913,3
356110,2
1739,2
148676,2
588408,3
1051152,2
913979,2
1013752,2
972771,2
120016,2
245940,2
653803,3
200594,3
829106,2
953642,3
303444,2
805770,3
417864,2
502513,2
365962,3
275582,2
543375,1
479044,3
578017,2
381348,2
610154,3
63124,2
623919,3
370751,2
396641,2
583728,2
60479,3
620308,1
628991,2
601520,2
266260,2
481291,2
63837,2
525325,2
997036,3
321895,2
201318,2
657023,2
591894,2
481525,2
905404,2
632679,2
1015659,2
321609,3
386008,2
453571,2
183603,2
129431,1
318512,3
334048,2
514084,2
244032,2
699305,2
278765,3
862740,1
759849,2
929095,2
151117,1
967553,2
990714,3
73716,2
917926,2
511131,3
633979,2
34207,3
463423,2
284218,3
219524,2
957049,2
549500,2
599728,3
106601,2
222391,2
740402,3
584101,2
956600,3
401234,3
109316,2
547383,2
461209,2
1012125,2
131610,2
7398,2
634872,2
445769,2
1048961,2
930987,3
1021264,2
682691,2
42710,2
287580,2
811380,2
804886,2
115479,2
622599,2
776758,2
894499,3
125558,2
549687,2
607798,3
11633,2
867638,2
74527,2
242826,3
1023330,1
965633,3
668918,2
380235,2
25762,2
650207,3
922575,1
42209,1
899059,1
239773,3
344225,2
1033494,1
125456,2
243428,2
676687,2
1041935,2
296948,2
640412,2
439793,2
291407,2
295408,3
541159,3
1022609,2
1034826,2
665070,3
365287,2
937598,2
1045778,2
486800,2
606144,2
393316,2
1043085,3
307670,2
579943,2
29517,3
384814,2
780032,3
581270,2
18704,3
784060,3
264680,2
518511,3
774089,2
740891,2
1010285,2
250388,2
12860,2
1052022,2
506518,2
975292,2
120031,3
535100,3
150565,2
95758,3
249473,1
181571,2
966144,3
230277,2
779672,3
107266,2
545272,3
598006,2
1028762,2
322357,2
999269,2
124989,3
972202,2
1003221,2
1037828,3
95759,2
446164,2
468657,3
902339,3
612774,3
1049425,1
243610,2
537439,1
443557,2
243416,3
751510,2
12930,3
159395,3
558602,2
412709,2
571111,1
10385,2
692537,3
878515,3
389112,3
502727,2
438566,3
752068,1
880224,2
827942,2
869489,1
817467,3
336066,2
85444,2
928811,1
493404,2
830040,2
836963,3
929019,3
472113,2
1034581,1
151331,2
715174,3
486477,1
1008009,2
25132,2
225550,2
698584,3
241748,2
698454,2
317346,3
629603,2
24942,2
581077,2
435574,2
807540,3
534546,2
93043,3
1041870,2
314258,2
112459,2
384176,2
63541,2
212336,3
833669,2
213724,2
151400,3
1045059,2
244008,2
296914,1
516672,2
156249,3
764697,2
482039,2
319678,2
244847,2
151848,2
129445,3
894175,2
958787,3
1010688,2
198603,3
918803,2
287300,2
149488,2
669304,3
44213,2
41072,2
850433,2
1052330,3
604400,3
63063,1
490200,2
919412,2
624726,2
425791,2
912065,3
726513,2
532956,2
537258,2
533233,2
348082,2
917598,3
609899,2
663361,2
585725,2
711741,2
516359,2
717727,2
397386,3
771478,2
755675,2
508062,2
908120,3
67421,2
1048906,2
691298,2
821607,1
462671,2
464896,2
440068,2
136260,3
544613,2
808726,3
937885,3
905264,2
94968,2
100669,2
962504,2
422788,3
695570,1
868471,1
346891,1
529755,2
445601,1
1043216,2
969690,2
1020383,3
932204,2
220987,2
149471,2
338498,2
81259,2
555198,2
316124,2
362445,2
596459,2
630320,2
749483,2
538921,2
573202,2
970002,3
926270,3
212936,2
434519,2
496662,2
743430,1
984331,3
1022060,2
698573,3
22342,3
675916,2
16373,2
200248,3
679706,2
625488,2
234488,2
501219,2
854355,2
102876,3
174850,2
996799,2
994840,3
433463,3
346826,2
535835,2
317796,2
536169,1
433804,2
21301,1
652201,2
494933,3
962937,2
721295,3
27568,2
1030142,2
468763,3
386321,3
802730,2
840960,3
312403,3
221482,1
385429,2
170297,3
1050732,2
483499,2
351055,2
475057,3
930287,2
685015,2
617905,2
414031,3
667614,2
16249,1
770563,2
707024,2
491307,2
151332,3
835486,3
531816,2
691648,2
771904,2
691925,2
438270,2
936541,3
993603,3
422636,3
323603,2
775546,2
115297,2
1024829,2
599572,2
19535,2
956473,2
970592,1
569339,3
1024252,2
186854,2
195482,2
338098,2
601079,1
947486,2
852821,2
789134,2
58521,3
402635,2
2537,1
361714,2
465274,2
725865,2
223498,2
580895,2
157953,3
1050321,2
209456,2
412511,2
175177,3
203555,2
728551,2
111742,3
847586,2
266042,3
570985,3
377942,2
34332,3
1049733,3
228309,3
442024,1
439727,2
490228,2
164403,1
180245,2
21383,3
931821,2
39265,3
718505,3
264001,2
225878,3
189903,3
300379,2
79796,2
686784,2
962286,2
572832,2
849613,2
460198,3
467146,1
276714,3
559005,2
121893,3
155313,3
430521,2
844271,3
102984,1
156624,2
569282,3
367420,2
348028,2
563761,2
607568,2
458984,3
260681,2
855783,2
641370,2
556739,3
921026,2
396220,2
548912,3
924432,2
977284,2
5939,2
574537,2
1038087,3
852822,2
653784,2
330508,3
712406,2
78509,3
1022624,3
600087,3
826314,2
538331,3
277667,2
305592,2
514947,2
544935,2
1049731,2
496416,3
114052,3
281532,2
1040049,2
907557,1
814879,2
672623,2
1020426,2
1024196,2
429075,2
654425,1
505758,1
566894,2
776717,3
270223,3
947522,2
933401,2
675965,3
634698,1
120899,3
220570,2
631108,2
60059,2
453807,2
643767,1
999591,2
800523,2
332311,2
987984,3
2081,2
271668,2
217497,2
328207,3
659739,2
859997,2
376092,3
883231,1
743831,2
898792,3
278667,2
255680,2
344526,1
303505,2
679233,2
109736,2
445298,2
457194,2
707128,3
694467,3
436902,2
1021262,2
861719,2
696935,2
445025,2
93561,2
442634,2
62646,2
19227,2
249288,3
61615,1
251097,2
214786,2
589801,1
295970,3
309868,3
604603,2
888036,2
232990,3
155452,2
30025,2
861879,3
195441,2
218546,3
1018750,2
812701,2
267823,2
8968,2
621522,2
753795,2
260643,3
1043195,1
494575,3
715738,3
860021,3
442807,2
518045,2
951215,3
351273,2
436467,2
311771,2
921750,1
728081,3
259030,2
168138,1
702070,2
970939,2
786634,2
644417,2
479307,2
327541,2
344967,2
99557,2
796393,2
188099,3
795970,2
87149,2
73149,2
133043,1
899729,2
940745,2
795294,2
1032017,2
20049,2
753438,2
749934,1
914944,3
854634,2
225637,2
838527,3
621618,2
385762,2
879103,3
201516,2
26436,2
660861,2
585964,1
423982,2
276780,3
651240,3
782377,2
63495,3
1019469,2
542254,3
701246,2
898491,3
970126,2
314804,3
545120,2
177485,2
798965,2
594275,2
703045,2
136229,3
795927,2
38187,2
1043263,2
750330,2
1019488,2
478616,2
754866,3
343685,2
190133,3
197377,3
33379,3
433797,3
516947,2
350127,3
234396,2
864896,3
741696,2
503475,2
307363,2
528636,2
976076,2
91248,3
490054,3
280853,2
418009,2
655010,3
250319,2
931488,2
466954,3
493443,2
843932,2
220676,2
967317,2
581255,2
912256,3
509258,3
622177,3
297174,2
188303,2
336312,2
227193,2
699117,2
309551,2
568406,2
722449,2
775265,2
448686,2
186828,3
569154,3
177510,2
861889,3
793929,2
1010242,3
745654,2
807212,2
228877,2
921244,2
677082,2
591642,2
614368,2
802485,2
1043388,3
631589,3
77114,1
437050,3
75262,2
392547,2
979138,2
276203,2
82593,3
617185,2
628314,2
700488,3
502535,3
732187,2
437054,2
117574,3
280545,3
353475,2
652114,2
509780,3
124980,3
967752,2
54120,2
491418,1
571307,1
128984,2
1023401,3
179266,2
1026872,3
366944,1
117168,1
285782,1
189892,2
621287,3
938776,3
939796,2
719097,2
946660,3
915714,2
832705,2
572044,2
45630,2
600210,2
295944,2
624014,1
306394,2
103449,2
81412,2
858862,2
858459,3
973395,3
676427,3
631141,2
1044394,2
887729,2
988053,3
157246,2
663220,1
140267,2
458973,2
241387,2
101595,2
674841,3
683370,3
847856,2
774247,2
20261,2
119523,2
647537,2
153459,2
575128,2
319268,2
142812,2
468937,2
297520,2
699109,2
5604,3
755026,2
11933,3
719213,2
421639,3
684108,2
911879,2
1025270,3
378927,2
957502,1
381814,2
574361,3
361946,2
908013,2
315380,2
337067,2
315362,2
733679,2
615934,2
1041640,2
125243,2
177124,2
71812,3
223721,2
380671,2
941745,2
1024719,2
980251,2
246361,3
642406,2
364713,2
680488,2
420672,3
49738,3
823604,2
429377,3
728541,2
536811,2
896507,2
995262,3
580344,2
960030,3
823859,2
174782,3
699114,2
90527,2
287352,2
239403,1
491352,1
488185,2
559552,2
409917,2
912918,3
103167,2
553090,2
152546,2
99226,3
466858,2
648126,2
134021,2
403882,2
784903,1
1034961,2
171634,3
391709,2
818508,3
296323,3
919753,3
759749,2
127234,3
517145,3
194393,2
413381,2
236737,1
626797,2
342364,2
552628,3
257265,3
248499,1
659689,2
552819,2
279179,1
1046092,2
973247,1
993680,3
43141,2
1021822,2
1027470,3
69272,2
6509,2
362020,3
312790,1
269992,2
207217,3
828672,3
643804,2
685564,2
824325,2
89992,3
170756,2
754979,2
91938,2
225242,3
289147,2
296143,2
777609,2
362822,3
524578,2
125830,2
25868,2
367471,2
755228,2
187791,3
46396,3
1030616,1
11544,1
892120,2
1034099,2
698509,2
768453,2
335499,3
279269,3
721126,1
847748,3
595014,2
463204,2
404422,2
680278,2
298250,2
583891,2
540435,2
420107,2
812007,1
738320,2
779653,2
442514,2
919540,2
844034,2
412419,2
89794,2
899461,2
185841,3
747302,2
456857,1
447005,2
289848,1
128103,2
889209,3
818932,3
450803,2
632273,1
369643,1
941237,3
209351,2
605608,2
315724,2
949226,3
96717,3
886452,3
6529,2
747795,2
738481,2
650254,2
659646,3
969407,2
600994,2
821715,2
406103,2
273702,3
732919,2
13003,2
1023773,2
163037,2
420830,2
905390,2
919968,2
16387,1
361769,3
470377,2
285323,3
905667,3
207296,2
530503,3
1026082,2
960517,2
838573,2
123965,2
378849,2
552433,2
873933,2
524316,2
675257,2
496622,3
666987,3
338785,3
414853,2
332574,3
723097,2
158499,2
337620,3
843696,2
910816,2
277893,2
284022,2
428455,3
531354,3
198956,3
119315,3
512763,2
421638,2
110740,2
982403,3
777911,1
507555,2
662951,2
137886,1
993300,2
830583,1
934574,3
381513,2
639705,2
516352,2
1004106,2
505484,2
229096,2
186913,2
226607,3
575724,2
546338,2
629162,3
935377,3
936296,3
659481,2
463040,3
955896,3
697788,2
570150,2
1048866,3
426310,2
1021452,2
763426,2
844471,2
84090,1
859918,2
220300,2
81512,3
806948,2
85348,1
954780,2
137284,2
272638,3
42523,3
857000,2
931769,2
554144,2
511712,3
386624,2
539177,2
236236,2
649238,3
588023,3
430267,2
678182,2
648600,2
207893,2
189116,2
998596,2
532418,2
279563,1
651771,2
1029728,2
1040860,2
229060,3
739235,2
56153,2
212181,2
104968,3
991258,3
549675,2
462409,2
487231,3
952144,2
676776,2
8490,2
113474,2
578657,2
590482,2
1014546,3
33323,2
207193,3
407770,2
2257,3
941856,2
617839,2
498418,2
499312,2
738314,2
862388,3
62136,2
695673,2
449899,2
871826,2
788533,2
404528,2
1030990,2
19629,2
718517,3
208246,2
986863,3
496844,2
301306,2
250152,3
916824,3
98047,3
260297,2
522024,3
916090,2
712894,2
1013888,2
239872,3
279288,3
422982,2
461999,1
845,2
129718,3
35392,2
503139,2
814328,1
28066,2
330856,2
596778,3
120566,2
700483,2
528604,2
495259,2
668036,2
266547,2
1022021,3
767008,2
454937,2
143406,2
212756,2
815664,2
395270,2
600553,2
544927,2
983945,3
329139,2
923312,2
1025166,2
738189,3
785806,2
891353,2
474966,2
606383,2
543784,2
81016,2
348572,1
411230,2
322842,3
335260,3
587968,3
724319,3
676212,2
752406,3
569607,2
420516,2
840592,2
809051,2
41137,2
201969,2
524564,2
951835,2
234482,2
565439,1
869224,2
368892,3
615923,3
458060,3
539413,3
901330,2
556419,3
697016,2
435995,2
760254,3
681549,2
278361,2
329447,2
38347,3
599127,2
336,2
1044701,1
626517,2
186970,2
584925,2
903803,3
135492,3
513332,3
9575,2
150698,2
554952,3
742910,2
742040,3
473398,1
64552,2
765881,2
358945,2
79348,2
57111,2
45041,1
858756,3
560456,2
954361,3
212618,2
1013961,2
728683,2
329615,2
299815,2
376356,2
690976,1
761934,2
25606,3
958993,2
386295,2
805219,2
136261,3
534819,2
694610,2
119493,3
374240,2
723281,2
422450,2
419853,2
742211,2
824989,3
189687,2
836747,2
844883,2
109476,2
76020,2
383233,1
30053,2
691005,2
236159,3
675021,1
72689,1
121268,2
121771,3
44329,3
314418,2
456263,2
88637,1
304404,3
251872,3
433436,2
217758,2
964821,3
716347,3
272990,2
498891,2
717145,2
804444,2
288897,3
209009,2
703647,2
993321,3
649190,2
916989,2
463249,2
346989,3
221899,3
701854,3
571517,2
972757,2
146503,2
919717,2
985551,2
995317,2
698678,1
561380,2
801495,2
248575,2
893297,3
428652,3
601373,2
230333,2
93996,2
163900,3
718109,2
436658,2
997204,2
587703,2
232434,2
664581,2
360675,2
694068,2
460126,2
216682,2
959719,2
213750,2
707075,2
311794,1
353696,2
291486,2
63615,2
871015,1
414014,2
145465,2
223444,3
221643,2
864407,2
459822,2
930483,2
122938,2
50400,3
978468,1
150973,2
823983,3
316305,2
47192,2
742092,2
84840,1
609541,2
1019119,3
83939,2
961507,1
184069,2
298944,2
596333,2
341890,2
310363,2
780400,3
251563,2
81559,2
470636,2
29772,2
975178,3
235982,3
993734,2
1004611,3
710012,2
983667,2
128824,2
547994,2
24487,2
294757,2
105350,3
878373,1
412826,2
1050210,2
1030885,2
627432,2
147520,2
664394,2
763929,2
720678,3
461682,2
716456,2
400123,2
553794,3
941660,1
774704,3
857671,2
646883,3
646341,1
857202,2
950969,2
631662,2
160379,2
750489,2
652208,1
829084,2
865701,2
929121,2
113835,2
716621,3
526729,3
1023795,3
697614,2
447760,2
76982,1
60221,2
836771,2
565593,3
407212,2
513148,2
634643,2
540389,2
803991,1
434120,3
911769,3
382939,2
925698,1
911006,3
230785,3
385178,2
34532,3
1099,2
558548,1
915257,2
501044,2
167728,2
1036490,2
848535,2
713287,2
833078,3
222775,2
728617,2
1013614,2
539431,1
592680,2
935136,2
124808,2
291205,2
960872,2
559423,2
432297,2
35379,1
1047383,3
283346,1
460264,3
585931,2
871073,1
847495,2
234382,2
611668,2
877635,2
15040,3
987543,2
897367,2
435319,2
11239,1
745090,2
848869,3
686781,2
757925,2
1025267,2
90907,2
250722,1
928885,2
482047,2
501428,2
655400,2
300427,3
852228,1
938953,2
18508,2
369071,3
994103,2
432271,2
603588,2
883279,2
612309,2
86280,2
894173,2
673986,3
481128,2
18737,2
268557,3
330391,2
970561,2
280496,2
133298,2
701747,2
170126,2
807675,2
391276,2
336373,2
1047582,2
384869,2
380879,2
229810,2
641226,2
429857,2
851487,1
256358,2
652796,2
386236,2
90683,2
242270,2
1046795,3
1010965,2
747510,3
81303,2
817645,3
1037295,2
633674,2
727496,1
1035800,3
635366,2
580206,3
559315,2
986699,2
271141,2
272089,2
993084,2
814809,2
18853,3
205604,2
451079,3
286466,3
622704,2
842791,3
733421,2
262818,2
994051,2
354098,2
22649,3
363877,1
985829,2
203689,2
125070,3
791080,3
733419,3
141690,3
882916,2
745653,3
598220,3
199558,2
644350,2
1021350,2
687239,2
568040,3
337008,2
931527,2
18097,2
613464,2
53890,3
590318,3
126553,2
666978,3
965521,2
351090,3
490459,2
588668,2
331045,2
970701,1
859115,3
17666,2
119844,2
296373,2
772177,2
652615,2
396152,2
312950,2
2030,3
552853,2
139440,2
568690,3
693434,3
183901,2
719188,2
935592,2
480650,3
339489,2
831767,3
3263,3
82746,3
815682,2
292190,2
226130,3
335233,3
297977,2
264945,3
695678,2
484087,1
283246,2
1016630,1
335550,2
845466,2
729325,3
206896,2
1047871,2
978657,2
336199,2
983987,3
134922,3
1049189,2
25640,2
885543,2
239510,2
352758,2
865612,2
188076,3
758505,2
591258,2
156915,2
95726,2
815808,2
325389,3
1044554,2
555393,2
1041352,1
987583,1
641666,2
52736,2
642457,2
335957,3
516329,2
971194,2
852846,2
815271,1
237098,2
813829,3
112796,3
260651,3
402809,2
821457,3
913549,2
483873,2
1024761,2
380845,2
963843,3
491715,2
39259,3
771760,1
174220,2
178674,2
267995,2
560253,2
374132,2
825464,2
555039,3
1045222,2
602288,2
39812,2
737799,2
989163,3
998607,3
626294,3
528850,2
482449,2
511251,2
878696,2
605118,2
404664,2
831502,3
126008,2
972467,2
638058,2
205227,3
111816,2
792625,2
881556,1
294147,2
1037455,1
226088,2
776349,1
764322,3
190132,1
259271,3
292662,3
974812,2
712852,2
219788,1
829203,2
328408,2
413203,3
64684,2
767105,2
331757,2
964210,2
678955,2
453893,2
649244,3
256110,3
389321,3
795736,2
363184,3
509682,2
410060,3
10762,2
522113,1
11100,3
865164,2
6852,2
867765,2
830281,2
155652,2
376611,3
712277,3
293210,2
694692,3
512183,2
779211,3
413277,3
469606,2
1025706,2
845919,2
352552,2
951526,2
930438,2
597420,2
490701,3
580579,3
451685,2
272470,3
461344,3
550730,2
873370,2
9427,2
744243,3
526686,2
494684,3
60461,2
628183,2
151771,2
599253,1
83360,2
846008,2
982023,3
937441,2
326331,3
834796,1
1044680,1
729615,1
708176,3
278878,3
421293,2
1004738,2
511032,2
601858,2
466805,2
756565,2
869258,2
1001466,2
249713,3
347182,2
652889,3
657375,2
608714,2
942687,1
231674,2
473390,2
166179,2
304790,2
258897,1
361413,2
663019,2
896881,3
1051831,2
820328,2
854645,2
190035,2
1029788,2
37418,2
735610,2
390091,3
842020,2
120370,3
878296,1
40073,2
72869,2
350402,3
733174,2
220603,2
108818,2
316557,2
103892,2
977446,2
955413,3
505199,3
135703,2
982091,2
735430,2
991427,3
480359,2
594,2
107089,2
643755,3
245422,3
939832,2
646426,2
146359,2
997801,2
912375,2
26597,2
34078,2
157478,3
1022114,2
171879,3
526581,2
192833,2
561981,2
992449,2
1024218,2
954385,2
277240,3
201296,2
505131,2
843685,2
129908,3
286656,3
948210,2
42841,2
988635,2
609900,2
361958,2
77515,2
785926,3
921107,2
68217,3
852961,2
189409,3
14543,2
218319,2
730312,2
792484,2
55713,2
796116,2
99943,2
62563,3
353662,3
648078,2
671090,2
740175,2
388912,2
752056,2
247407,2
961347,2
159077,1
362134,3
667328,2
407830,2
5277,2
438768,2
242083,2
948749,3
541423,2
68317,2
453685,3
409896,2
44113,2
497016,1
17571,2
932940,2
926925,2
626410,2
858492,3
694338,2
47160,2
874138,3
685415,3
744102,3
185739,2
109360,3
572938,2
502396,3
506677,3
317454,2
494170,2
1001459,2
609607,3
743503,2
278432,2
357646,2
1050773,2
692296,2
619013,2
964753,2
265502,2
788432,2
1015505,3
590236,2
1016567,2
813057,2
137816,2
835504,2
698357,3
635609,2
615889,2
884539,3
465717,2
308607,2
776601,3
888225,3
390053,2
937139,2
388136,2
519976,3
1016148,2
55467,3
880940,2
170383,2
792566,3
267136,3
44187,2
895091,2
271193,2
182796,2
1005378,2
201018,2
104929,2
547366,2
37499,3
1017729,2
927261,3
1041612,2
932331,2
798867,2
64931,2
271804,2
447066,2
231791,2
787490,2
383511,2
789594,2
812989,2
82066,2
1033243,3
930105,2
44878,3
516318,2
759346,3
601344,2
29906,2
886939,3
857165,3
1025824,2
394690,2
1002178,3
544117,3
1027921,1
1017875,3
911971,2
1040970,2
997704,1
707411,2
802128,2
267351,1
286417,2
275300,2
1035696,2
602228,3
5087,3
766805,1
381430,2
201769,2
352016,2
1023084,3
664776,2
607315,2
638762,2
557325,3
598428,2
385924,2
462145,3
785526,3
928476,2
1014444,2
112048,2
540777,3
444693,2
141163,2
237965,3
321493,2
266443,3
103919,2
651361,2
60650,3
170264,2
22187,2
447612,2
292677,2
96541,2
535219,2
75335,3
191162,3
353157,2
335146,3
861848,2
951261,1
750929,2
967807,3
974616,3
344880,2
130900,2
527458,3
585957,2
851710,2
173563,2
299695,2
518114,3
300015,2
46878,3
838739,2
522367,2
1030967,2
607967,2
153686,3
468336,2
675963,2
639719,2
952310,2
474520,2
709720,2
695598,3
377346,2
1036391,2
83147,2
275391,3
635239,2
401100,2
714675,3
881109,3
988753,3
361615,3
168488,3
21234,2
294116,2
724687,3
993521,2
176631,2
758629,2
557618,3
427116,3
973029,2
839603,2
524414,2
356033,2
747410,2
505569,2
202677,2
113336,2
213524,1
997304,2
679313,2
635620,2
485684,2
915354,3
800497,2
696850,3
451275,2
577374,3
439045,3
713832,3
675864,2
159220,2
641142,3
998540,2
837572,2
998723,2
504590,3
356780,2
1032769,2
829453,3
561952,2
929918,3
994688,3
530743,2
369802,2
955179,2
204624,2
635210,2
921248,2
148429,2
169830,3
259910,3
501681,2
44688,3
648586,2
738991,2
249715,3
380820,2
257876,2
731324,3
870781,2
859491,2
770063,2
101471,3
161243,1
983582,1
361968,3
23003,2
892245,2
601634,2
1025782,2
403420,1
430258,3
364968,2
472032,2
1042330,3
870240,2
808533,3
697298,3
1006116,2
995624,2
216652,2
410774,1
139915,2
1010769,2
63035,2
843363,2
210279,2
664590,2
714262,2
485952,2
945125,3
877479,3
308204,3
247000,2
1017821,2
228864,2
298997,2
255853,2
243889,2
329094,2
646839,2
998575,3
712647,2
1002300,3
964627,3
943051,2
356800,3
397417,3
515895,2
713116,2
534307,2
464732,2
709491,1
79256,3
928107,2
435741,2
675244,3
983217,3
640457,2
856748,2
1003861,3
373022,2
598481,2
548592,2
635915,2
306327,2
391546,2
291485,2
469438,2
335,2
316756,2
821539,2
216661,2
100363,2
584674,2
144622,1
193377,2
1031758,3
175519,2
739779,2
670269,2
460859,3
75437,3
22520,2
178391,2
444503,2
101460,1
666508,1
652179,2
1023902,2
10421,2
395924,2
491379,2
29569,2
595424,2
386890,2
668584,2
980258,2
1025140,2
1034074,2
799159,3
745312,2
164112,3
249639,2
1037562,3
266787,2
448923,2
52518,1
151835,2
598438,2
786697,2
61673,2
844423,3
470913,1
548481,2
335841,3
337448,2
432750,3
935267,1
319526,2
842063,3
298525,2
778905,3
254034,2
457096,2
987679,2
692718,3
98848,3
818408,2
660983,3
155616,2
916827,2
516916,3
740067,2
424401,2
208569,2
800064,2
949459,1
512830,2
757440,2
187170,2
168098,2
282807,2
587595,2
362421,3
79755,2
890998,2
1031657,3
83321,3
802798,2
484957,3
273295,3
511378,2
195481,2
974231,2
367019,3
947846,3
920903,3
8793,2
426015,2
857910,2
690839,2
247911,3
830090,2
575973,2
846842,2
577457,2
613535,3
1038379,3
316031,2
171458,3
912317,2
853099,2
281874,2
505414,2
488752,2
856619,2
264417,2
758634,1
864483,2
709945,3
459757,2
25950,3
337940,2
270601,2
730427,3
112389,2
653243,3
814243,2
996100,2
158747,1
851056,2
272262,2
190267,2
442324,2
486417,2
318847,2
635211,2
311510,2
527662,3
954879,2
348665,2
141454,2
176306,2
948978,2
328678,2
867382,2
959332,2
693145,2
915665,2
176767,2
292222,2
453547,2
916593,3
456725,2
763296,1
233701,1
97990,2
272448,2
745501,3
989374,2
398165,3
777409,2
860189,2
112830,2
16503,2
17773,2
394976,1
130192,3
499448,2
1046148,3
20774,1
610188,3
186031,2
116295,1
18021,3
1031100,2
626477,2
124538,2
989961,2
967922,2
1040935,2
304758,2
191789,2
918145,2
599638,3
686203,3
483872,3
789548,2
649526,3
1015303,3
338224,2
612677,2
590860,3
628085,2
21455,2
599318,2
420068,2
633603,3
419681,2
577033,2
844934,2
109883,3
756132,2
630391,1
445335,2
846722,2
71760,2
802606,3
16909,2
180160,2
135097,3
827610,2
237391,2
704074,2
557793,2
751976,2
125557,2
195620,1
962482,3
946302,2
196141,2
495929,2
451859,2
1043750,3
103342,2
304768,2
892354,2
980958,2
1033615,2
334466,2
690851,3
467024,3
403869,2
459913,1
795780,3
18619,3
150886,2
67551,3
855233,2
716029,3
331656,2
659588,3
842388,3
252638,1
398208,2
404255,2
312718,2
880291,2
584870,3
938941,2
592116,3
739101,2
443705,2
922741,2
908442,2
742227,2
417572,2
602062,2
652396,2
1046546,3
580081,2
249539,2
601992,1
958693,3
513555,2
340609,2
42918,2
525888,1
32934,1
659574,3
583191,2
939225,2
440772,3
16350,1
702988,2
957073,2
23351,1
891946,3
84442,2
885879,1
824456,2
540362,2
480824,3
708973,2
711076,3
45891,1
983718,2
961103,3
603239,2
40766,2
922597,3
71721,3
596654,3
795598,3
493084,2
343832,2
486897,3
104771,2
1044159,2
845041,2
950412,2
762816,2
957749,2
51123,1
61670,1
1030672,2
44405,1
92275,3
416891,1
74706,3
498021,3
781357,2
897412,2
997417,3
997958,2
542003,3
442616,2
29720,3
417327,2
214449,2
108691,3
521965,1
529781,1
669751,3
136282,3
192019,2
615915,2
522789,2
466687,2
518921,3
798453,2
533298,3
230031,2
87355,2
166354,2
634774,1
63383,3
219555,3
213341,2
79864,2
59522,2
636357,2
536841,2
814030,3
153916,1
493575,2
893672,3
724845,2
255799,2
1016934,2
428696,2
795378,2
534550,2
919588,2
826431,2
415496,2
572953,2
24313,2
330337,2
649960,2
680710,2
297196,2
820174,2
50672,2
681275,2
156324,2
1039538,2
625846,3
970741,3
895315,3
629041,3
845114,3
100604,2
5963,2
72846,2
322231,2
560400,2
749614,3
942841,3
614061,2
969452,3
439676,1
844682,3
97478,3
971015,3
695934,2
364090,2
844246,2
705361,2
568557,2
938337,2
571150,3
173324,2
15651,3
113198,2
53039,2
436113,2
440326,1
311867,2
61932,2
741725,3
368045,2
650646,2
278211,2
721982,2
379044,2
863742,3
251588,2
390494,2
457671,1
103643,3
1000383,2
264063,2
232590,1
231293,3
619556,2
1004002,2
881983,3
121903,2
244379,3
288223,3
672603,3
763513,3
308612,2
287442,2
435986,2
684585,2
746961,1
970428,2
391039,3
81938,2
825973,2
80179,2
817961,3
816582,2
862454,2
387611,2
269219,2
155109,2
270592,2
69317,3
150492,3
100798,2
176630,2
139849,2
210043,2
393690,2
385323,3
980181,2
295632,1
972854,3
665140,2
1038362,2
4454,3
686951,2
584275,2
929384,3
595835,3
848898,3
882786,1
735841,3
528546,1
183548,2
38088,2
678111,2
928624,3
177212,2
285907,1
426298,2
538131,2
276767,3
186263,2
114127,2
852593,1
68753,2
164637,2
649230,2
406830,2
787637,2
564553,2
551764,2
385788,2
358533,3
1005677,3
1015354,2
899331,3
109049,2
490367,2
567659,1
50255,2
155440,2
149730,2
350595,3
539927,2
388253,3
428321,2
74019,2
77006,3
242679,3
525569,3
56514,2
380512,2
969738,3
88180,3
686130,1
820194,3
123489,1
639980,2
869221,3
962021,2
72614,2
905084,3
248000,3
75410,3
623311,2
24689,2
389597,2
353596,2
635167,3
782560,2
510453,2
825191,2
675049,2
472763,3
791261,2
66725,2
1037374,1
1047508,2
588727,3
218299,2
769090,2
271308,2
452615,3
589570,2
576197,2
238703,1
512381,2
742953,2
889764,2
3588,2
711115,2
73120,3
46682,2
578822,2
798870,2
562533,2
383641,3
1044222,3
459057,2
706755,3
658977,2
341587,2
475498,3
142318,3
340708,2
544256,3
927725,3
275242,3
447345,3
719668,2
367647,2
511486,3
635715,2
69507,2
94534,2
720973,3
1022461,2
1052848,2
101646,2
241666,2
239544,2
663843,2
497634,2
773145,3
205205,2
245493,2
282475,2
379121,2
1048524,2
581134,3
550879,3
256689,2
971895,1
159827,3
758866,2
422347,3
829322,2
11231,2
416850,2
16000,2
790160,3
702855,2
960222,3
984632,2
9879,2
1003672,2
281704,3
579967,2
768708,2
324645,3
228510,2
240941,2
19721,2
643514,2
796685,1
210813,2
372357,2
936708,2
98224,2
797640,2
893554,2
995034,2
320799,2
112834,2
732003,2
819785,2
944734,1
572462,3
353062,2
144053,2
285944,3
158750,2
614947,2
408351,2
21142,2
600741,2
66409,3
506880,2
801382,2
914217,2
164704,2
1039467,2
667357,3
1023763,2
876365,2
848838,2
713325,2
280507,2
214651,3
568754,2
903462,2
265808,2
1005031,2
868482,2
442308,2
907465,1
964739,2
814688,1
449241,2
858058,2
181694,2
448219,3
514982,3
30920,2
286866,3
869406,2
56134,2
979215,3
909242,2
259139,2
418454,3
426400,2
405336,1
203276,2
780474,2
802616,2
852640,2
824419,1
745138,2
331490,2
596088,3
289094,2
346750,3
349832,2
621176,3
536377,2
1048310,2
299243,2
141682,2
111025,2
878669,2
932112,2
175580,3
470991,2
165089,3
709080,2
879326,2
350699,2
697144,2
885542,2
709600,3
300043,2
616379,2
979119,2
1001576,3
338314,2
260287,3
185260,2
575609,2
158350,1
429298,2
384476,3
47738,3
248864,2
10436,2
1044098,2
143018,1
614955,2
788813,2
994651,2
318903,2
635379,2
748303,2
95805,3
816284,2
180432,1
1039515,2
986002,2
57296,2
223185,2
1020583,2
602473,1
97279,2
1021966,2
998414,2
408585,2
456959,2
85541,3
689583,3
969660,2
731165,3
31701,3
991223,3
214850,2
725127,2
853478,2
973283,2
835790,3
255043,2
447061,3
861286,3
434117,2
371834,2
560197,3
532593,2
220705,3
150433,3
343104,2
619012,2
1043051,3
9783,2
478614,2
684963,2
589351,2
675540,3
273942,3
41434,3
111261,3
543255,2
104368,2
537748,3
681074,2
225864,2
874498,3
907547,3
212307,3
616920,2
8781,2
705755,3
515564,2
240626,3
503101,2
916185,1
662068,2
454909,3
894030,2
446375,3
829492,2
433966,3
126873,1
851973,2
662472,2
483488,3
865965,2
471934,2
33082,2
431624,2
376931,3
658654,2
824706,2
472478,2
719604,3
822291,2
614666,2
757760,1
940380,3
99642,2
127326,2
292628,1
483184,2
153286,2
839375,2
705402,2
543006,2
86087,2
47725,2
920644,2
647179,1
777260,3
366596,2
388185,2
9177,2
276492,2
888232,2
548571,2
745028,2
604607,2
590453,3
455749,2
944169,2
88290,2
138257,2
905085,2
590674,2
750144,3
448904,3
331683,3
157650,3
335564,2
938597,2
593151,2
61742,2
944851,2
995196,2
240969,3
389844,3
370327,3
533692,2
187754,2
737512,2
310274,2
1050257,2
758771,1
61383,3
877682,3
487494,3
930581,2
648779,3
614023,2
599225,3
916194,3
130070,1
64820,2
675220,2
76535,2
3474,2
1018241,2
494951,2
846773,2
502752,3
1007073,2
155922,2
814015,2
7222,2
882841,2
889653,1
341609,2
816630,3
220028,3
97997,3
747010,3
996144,2
180878,1
899783,3
244082,2
36462,2
1033322,2
965561,3
739586,3
985152,2
141092,2
1037300,2
856088,2
1045707,3
201793,3
337544,3
191837,1
726989,2
764606,2
142970,3
636542,3
608759,2
1007071,3
745897,2
400363,3
53855,3
732727,2
735743,1
377634,1
647472,2
984608,2
88768,2
830920,3
41429,2
696463,2
413759,3
680535,3
633750,3
492725,3
328966,3
105269,2
166381,2
738334,2
660626,2
613608,2
969863,3
19039,2
684130,2
421114,2
821883,3
334424,2
627252,3
619098,2
261447,3
355396,2
460239,3
521972,2
248629,2
70776,1
614305,3
704728,3
55187,2
348485,2
463756,2
197968,2
621479,2
872045,2
476671,3
671519,2
250788,2
899240,2
616932,2
523782,2
838985,2
509890,2
610621,3
1019336,2
763385,2
104060,1
1014984,2
404480,3
53756,2
1007898,2
43653,2
102077,3
114386,2
933015,2
974855,1
544687,2
263462,2
327186,2
789910,2
346538,2
993855,2
7884,2
741110,2
1038349,2
581857,2
552862,2
789342,2
990090,2
17164,2
997,1
412579,2
611173,2
1022272,3
300054,1
695900,3
602234,3
516491,2
334960,2
214426,3
560221,2
305568,2
694220,2
919261,3
144229,3
684674,2
851048,2
681175,3
378569,3
670379,2
96725,2
166925,2
188704,3
412092,3
163915,2
566813,2
1004751,1
759344,2
369898,2
945144,2
681158,3
688902,2
658692,3
1052612,2
974792,2
1007407,2
528026,2
755602,2
102555,2
662664,2
902259,2
667358,3
582115,3
904336,3
8470,2
868730,2
651775,2
345985,2
571904,2
473592,2
319843,2
799372,2
58000,2
295287,3
96618,2
859930,3
611957,2
3318,3
706014,3
825067,2
724431,2
802780,2
117041,2
65531,2
1019688,3
334437,3
198741,2
664450,2
744824,3
13067,2
606701,2
627000,1
852856,3
970860,2
846032,2
542729,2
857362,3
44348,2
39604,2
419133,3
771582,1
179900,1
615152,3
738919,2
958263,2
643886,3
413145,3
440020,2
777548,3
905760,2
90502,2
899290,2
1001778,2
788428,2
268505,1
616626,2
284087,2
715462,3
338861,2
244568,2
43742,2
836631,2
329876,3
821051,2
385358,3
292528,2
94432,3
118646,3
682671,2
265198,2
41176,2
704203,2
101969,3
777389,3
629109,3
979552,2
457561,2
525407,3
842223,3
983843,2
687361,3
518925,2
95028,3
123645,2
101701,2
107237,2
320612,2
491614,2
1030947,2
743728,2
404868,2
1045105,3
47325,2
203356,3
785605,2
754783,2
830086,2
156871,2
829905,3
252651,2
871362,2
622920,3
175827,3
187812,2
213353,2
363979,2
438886,3
109475,3
280486,2
808627,2
583181,3
725058,2
333228,2
1035019,2
181631,2
891562,3
851376,3
768936,2
614270,3
746861,2
256149,2
636200,2
757295,2
565804,2
1050556,2
139958,2
502522,3
323385,1
185172,2
620180,2
901432,2
144464,3
93051,2
771846,3
478015,3
270848,2
833434,2
231258,3
191927,2
550395,2
397195,2
195840,2
926923,2
456270,2
1047123,1
329044,3
33889,2
712541,2
873255,3
914116,2
724230,2
167193,2
74070,2
774210,2
958149,1
957891,2
126967,3
645010,2
19930,2
701780,2
793960,2
638528,2
726594,3
1014225,3
257461,2
1015791,2
285391,1
44456,2
875884,2
451790,2
973930,2
737843,2
632420,2
934002,3
699073,1
560548,3
263075,2
890494,2
1020439,3
240315,2
1050006,2
328227,2
839020,2
729765,2
324498,2
318429,2
714103,3
1021837,2
815699,3
160217,3
436026,1
422986,3
624919,2
901729,2
806725,2
767903,1
768025,2
668702,2
818069,3
798047,3
331687,2
527757,3
560847,2
867624,2
1037045,3
440300,2
1052631,2
249493,2
364944,2
28089,1
464259,3
510198,2
278863,3
108725,2
478175,2
656809,2
866478,2
503150,3
3309,3
335600,2
754663,2
995067,3
429708,2
846151,2
136541,3
570372,3
747126,2
562625,3
314474,2
295403,1
79656,3
246545,2
941072,2
143446,2
247639,2
690470,2
653659,2
697346,3
192918,2
71793,2
62133,2
1010173,2
995256,2
466675,2
629055,1
440447,2
909985,3
418892,3
946945,3
17198,2
910513,2
326195,2
24287,2
574369,2
682451,2
883937,3
461355,2
697823,3
87359,2
497972,2
436268,2
367160,2
597455,3
875726,2
703229,2
274684,2
602431,2
928176,2
717579,2
954812,2
853890,2
605036,3
727640,2
947535,2
622687,2
893810,2
322383,2
21268,3
279684,3
960617,2
904373,2
532074,1
832204,2
173733,3
34034,2
40152,3
725436,2
482034,2
461331,3
1049058,2
380349,2
969257,1
422202,2
540866,3
20030,2
1002431,3
622486,2
535391,2
687879,3
48854,2
354954,1
750086,3
810890,2
163864,3
727163,3
444687,3
137397,2
799210,3
918932,2
345369,2
808284,2
550001,3
143396,3
723313,3
1002859,2
729426,2
1016442,2
122327,2
277539,2
971363,2
434532,2
523436,2
489291,3
228474,2
22781,3
23530,3
479099,2
455956,3
533806,3
891916,2
369375,2
539049,3
898343,3
1291,2
192064,3
255345,2
583550,2
77192,3
363428,2
597822,3
502036,3
24585,2
14949,2
179113,1
665088,2
1017716,2
433686,2
691282,2
83894,2
1021562,3
796882,1
104617,2
305936,2
364951,2
855369,3
290433,2
537527,2
286012,2
736817,2
140384,2
636431,3
485575,2
709582,3
417806,2
940671,3
422633,2
261259,2
100232,3
658790,2
79464,2
579009,2
537027,2
204192,2
938218,2
581802,3
122969,3
195663,3
717168,2
494126,1
222736,1
820388,3
945017,3
558576,2
527430,2
344118,2
396402,2
58275,3
352860,2
158089,3
865781,3
336306,2
247173,3
641331,2
964524,2
440457,2
705889,3
577246,2
58798,3
245695,2
944076,2
859388,3
321523,2
753113,2
1034583,2
878528,2
359671,2
988713,2
547464,2
528861,2
83620,2
978944,2
390633,2
455382,3
160512,2
121636,2
73559,2
37111,3
557215,3
609437,3
379413,1
185819,2
405750,3
469545,2
759110,2
502078,2
357788,2
324056,2
484664,2
417512,2
406630,2
949714,1
796713,2
261545,2
1042873,3
871681,2
851192,3
203072,2
544675,2
533010,3
762241,3
643691,3
552609,2
693959,2
186867,3
383158,2
836206,1
420807,2
585963,3
68890,2
976916,2
154447,2
899531,3
853638,2
887425,2
585461,3
855292,3
569153,2
813098,2
174397,1
60326,2
905658,2
180014,2
478498,2
30617,2
760445,3
258355,3
750315,2
29263,2
417052,3
152854,1
75735,2
66807,2
71372,3
557883,2
246546,2
1039309,2
661502,2
428438,2
726222,2
346693,3
419910,2
736919,3
153468,1
81760,3
356112,2
552519,2
120395,2
764409,2
93544,2
524169,1
15904,2
542863,2
523853,3
387104,2
625697,2
142648,3
1008734,2
195516,3
363524,2
918882,2
904007,2
368207,3
558262,1
236023,3
467062,2
4396,2
141100,2
958450,2
1000410,2
309486,3
1045528,2
919191,2
389376,2
52075,2
809274,3
367826,3
631455,3
790875,2
262169,2
563557,2
398417,3
261780,2
193436,3
486223,2
510114,2
437518,2
1025402,2
471510,1
370895,3
228595,2
530561,2
93429,2
498862,2
694446,3
847639,3
788787,2
544889,2
804127,2
175555,2
576782,3
242285,2
747758,3
724691,2
1001653,2
334924,2
80928,2
993889,2
834753,2
714013,2
99163,3
79462,3
813296,2
949842,2
568756,2
940468,2
499705,2
741060,2
323271,2
762162,3
966361,2
415295,2
508854,3
682680,2
150440,2
567971,2
547779,2
366136,3
617411,2
505660,2
694427,1
554220,2
718887,2
1697,2
203326,2
207150,2
534607,2
466441,2
729346,3
284821,3
909265,3
15248,1
610361,1
645738,2
222054,2
50138,1
44600,2
917538,2
584629,2
341321,2
554310,2
280058,2
958297,2
10709,2
245036,2
248591,3
591529,3
547294,1
76442,3
69606,3
984552,2
106075,2
82114,2
1018832,3
372184,2
996070,3
19391,2
186946,3
165092,2
777526,3
916020,3
904380,2
679709,2
702305,3
751408,1
952588,2
569870,2
308111,2
189288,3
165809,2
618624,2
898848,2
682324,2
229174,2
30836,3
519722,2
332537,3
273977,2
462301,3
657863,3
662539,2
85421,2
350041,1
550191,2
793812,3
46166,3
787693,2
886484,3
29619,2
950727,2
814162,2
888580,2
734046,3
247658,2
388161,2
781053,2
78206,2
843949,2
217856,3
422561,3
461325,2
677468,2
246004,2
553040,1
820046,2
655055,2
879277,2
292343,2
741190,2
317415,2
954326,3
287858,2
934760,2
985854,2
907376,3
405121,3
326696,1
64672,3
619810,2
779388,3
909613,2
558351,3
927588,3
994511,2
329081,3
435579,3
511916,2
765896,2
120279,2
478714,2
961240,2
406086,2
521206,3
147992,2
858548,2
129902,2
591059,2
408473,1
898119,3
680859,2
318695,1
47275,2
799364,3
104842,3
246961,2
63631,2
579565,2
652954,1
501867,2
646348,2
131835,2
403725,2
537436,3
697872,2
560368,2
1030796,2
131113,2
304528,3
483815,2
369357,2
606752,2
65494,2
140628,2
62578,2
869599,2
263768,3
131638,3
519881,2
621458,2
44537,2
291760,3
1017522,2
886245,1
554486,2
972298,2
529139,1
602210,3
224699,2
66245,2
64510,2
863568,3
497810,2
10732,2
769059,2
482484,2
860764,2
499888,2
785037,2
788601,2
504081,3
1043288,2
707294,2
1004998,2
810753,2
838374,2
186336,2
876495,2
422021,2
609559,3
811509,3
75189,2
650988,2
307497,3
71366,2
574755,2
12819,3
546921,2
755607,2
164933,2
682442,3
329834,3
750412,2
955112,2
764399,2
662707,1
250321,2
1028201,2
590870,3
870938,2
498554,2
211276,2
235436,1
507183,2
486018,3
334442,3
991586,2
523977,2
699233,2
392257,2
160539,3
319440,2
702957,2
686006,3
183160,2
808587,2
957487,2
730042,1
701884,3
69025,3
799662,2
463871,2
639486,2
339367,2
576329,2
239001,2
506027,2
598214,3
265622,2
167622,2
935601,2
724263,2
701676,2
678482,2
959057,2
293516,3
713463,3
337545,2
870044,3
440563,2
195707,2
738879,2
61399,1
88687,2
326153,2
452690,2
895384,2
375866,3
909258,3
428245,2
528840,3
761461,2
802714,2
696564,3
81219,2
1004490,2
113308,2
691525,2
342396,2
240894,2
649139,2
497696,2
70898,2
693650,3
189021,2
735233,3
525700,1
469586,2
381719,2
910566,1
395605,2
596513,2
832938,1
405443,3
283369,3
992320,2
619446,2
1010772,2
72763,2
774566,2
561170,2
703223,2
251004,3
584392,2
38983,1
4149,3
313726,2
1045072,2
863038,2
177501,3
359161,2
167210,2
377260,2
15344,3
679912,2
1048959,2
700419,2
339529,3
469130,3
803344,3
788795,3
218204,2
620314,3
1002815,1
893563,2
192517,3
900097,2
667930,3
252202,3
841756,3
753166,2
274629,2
526077,3
525187,2
711334,3
208506,2
262460,2
1024735,2
791609,2
879930,2
530394,2
493202,3
188399,2
120801,2
450740,3
771250,2
411490,2
347403,2
410417,3
809423,2
944124,1
817436,2
705492,2
742136,3
457266,3
256546,2
650405,2
905501,2
407583,2
261352,2
365119,1
145455,2
1024211,2
747525,3
982993,1
832588,2
965181,2
978239,3
184389,2
284391,2
1036332,3
579081,2
403511,3
942654,2
491908,3
569648,2
64563,3
136151,3
368621,2
734444,3
541593,2
488815,2
1016925,2
754626,2
364570,3
201765,2
149660,2
80598,2
894576,3
217305,2
692366,3
686666,2
771308,2
832196,2
510395,2
53888,1
163260,3
492540,2
961983,3
23664,2
888400,3
348105,2
492595,2
452113,2
60199,2
955383,2
467196,2
140625,1
77075,2
136370,2
289398,2
840556,2
378953,2
549808,2
902884,3
1020493,2
242509,2
272080,2
599454,2
230462,3
684434,1
511935,3
649718,3
701195,2
1033203,2
605487,2
33745,2
520274,2
605149,2
743086,2
269329,3
766434,1
246167,3
880457,2
339731,2
322026,2
27998,2
947790,3
673655,2
695760,3
374934,1
1026640,2
543839,2
458419,2
990064,2
302943,3
350094,2
934692,2
777665,2
24302,2
10256,2
261892,2
583045,3
828117,2
963752,3
715256,2
664836,2
1029344,2
466148,3
350523,2
583458,2
78939,2
700332,2
986840,1
914369,2
572726,2
263725,2
444729,3
679143,2
977457,3
211380,2
778157,3
645129,1
1001137,2
848291,2
55262,2
648401,2
474944,2
440191,2
903522,3
1043776,2
836520,2
366428,2
632236,2
303772,2
739093,1
216167,2
774820,2
255523,2
308874,2
809458,3
657185,3
725076,2
515784,3
469182,2
736246,2
514703,2
329693,2
545471,1
30757,2
132749,3
311793,2
567462,3
367648,3
407171,2
1026782,2
973561,2
701472,2
1031395,2
8568,3
837235,2
1031323,2
261453,2
668238,3
1050849,2
964670,2
953679,2
740324,2
1040980,2
513123,3
122786,2
328217,3
96927,2
905479,3
372658,3
819610,3
6732,2
765380,2
179105,2
476464,2
178655,2
102027,2
159399,2
518973,2
332878,2
410325,1
340439,3
332766,2
451290,2
985758,2
151401,2
278148,2
1027888,2
797383,2
217126,3
194129,2
286936,3
447147,1
34326,2
484094,3
575043,2
1007679,2
528304,2
963483,2
823250,2
497990,3
762304,2
820578,2
780008,2
298232,3
274279,2
208203,3
512834,2
703071,3
931973,2
399889,2
626066,2
201572,2
286658,2
487801,3
728915,2
230130,2
471594,2
927992,2
131188,2
709096,2
788658,2
282508,2
956749,2
346410,2
320714,3
779173,2
961852,3
202182,2
271214,3
787000,3
969037,2
989768,3
661567,2
495520,3
295298,2
236227,2
21048,2
1008132,3
60706,3
596090,2
98354,2
52212,2
701942,2
31018,2
526722,3
632970,2
149743,2
565078,2
1039023,2
551798,3
926457,2
1010866,2
436066,2
703156,3
891243,3
518397,2
810233,3
335752,2
497072,3
521839,3
492563,2
758653,2
649043,2
270177,2
1035166,2
570851,3
828834,2
426709,2
74415,3
874898,2
1028272,3
342484,3
552080,2
614085,1
396270,3
320620,3
718274,2
845904,3
817736,2
374536,2
994198,1
217558,1
460702,3
408276,2
610911,2
422840,2
919969,2
822395,2
867193,1
351712,2
870626,2
707635,1
264771,2
746348,2
1014183,3
349806,2
59109,2
939967,2
31402,2
360680,2
177451,2
746505,1
59338,3
245739,3
686526,2
145576,2
74906,1
214197,2
672316,2
17910,2
756306,3
528350,2
949660,2
201792,3
331068,2
264957,2
343498,3
968568,3
403968,2
194497,2
641435,2
195992,2
64742,2
584827,3
708205,2
737777,3
234726,2
920713,3
6016,3
136044,3
881831,3
102750,2
834967,2
127392,2
800200,2
756979,2
627076,2
567087,3
956765,2
1008391,1
211540,2
427124,1
367285,2
334030,2
875474,2
1000910,2
102571,2
875177,2
1017899,2
1040727,2
686157,2
370154,2
249060,2
859,2
902650,2
356264,2
797211,3
31210,3
935434,3
973180,2
31923,2
522164,1
766459,2
711517,2
212984,2
834081,2
602625,3
562630,2
286546,3
899264,3
1041111,3
195413,2
822505,2
116193,2
246888,3
531104,2
568840,3
947482,2
267085,1
820779,2
861854,2
317211,3
313493,3
185320,2
702936,2
407325,3
280408,3
870081,1
456251,2
214676,2
938965,2
866364,2
318032,2
203995,3
786078,2
269993,2
91206,2
398171,2
332254,2
301535,1
595178,2
7392,2
609350,3
1042889,2
481398,3
781653,2
51230,2
493348,2
949380,3
730024,2
121578,2
1051810,2
485687,2
588379,2
674273,3
462623,2
985816,1
565316,2
820169,1
289406,2
221928,2
554694,3
651456,2
214523,2
75274,3
802307,2
200511,2
498828,2
19153,2
128380,1
415072,2
922010,2
264951,3
9357,2
295987,2
873155,3
607822,2
553095,2
673708,2
486497,2
948720,3
681389,3
272018,2
590538,2
179492,3
44262,3
454827,2
586333,2
377357,2
593449,1
590074,2
549117,2
295166,2
375405,3
207182,2
998725,2
875934,2
1018177,2
723010,2
984942,2
334417,2
932764,2
149090,3
819025,2
28866,2
67784,2
358928,3
610641,2
435218,3
277301,2
940900,1
295175,2
629690,2
124069,3
971558,3
440929,2
858425,3
487061,2
820845,2
621357,2
449043,2
642098,2
1026010,3
86385,2
341205,2
669286,2
627416,3
1020271,3
567086,3
930635,2
758104,2
570177,2
223967,2
509105,2
2461,2
1028105,2
812516,2
610105,3
1026057,2
632292,2
909847,2
689652,3
925941,2
230602,3
359830,2
555861,2
219699,3
714685,2
577762,3
835641,3
687862,2
260580,2
782705,3
411323,1
184828,1
333450,2
461955,3
515009,1
207965,2
349224,2
719189,1
463603,3
891060,2
230848,2
353022,3
517763,1
356795,3
1044996,3
847494,2
893303,3
396653,3
262812,3
575191,3
872705,2
130819,2
79358,2
944148,1
406542,3
853327,3
198227,3
537769,2
438770,2
719568,3
1041439,2
428237,3
265591,2
920586,2
1044964,3
942759,2
248396,2
124210,3
798347,3
139008,2
86663,3
388092,2
439813,2
49944,2
791089,1
11931,2
1006430,2
392582,3
382385,2
60173,2
796218,2
985429,2
495236,1
790713,2
503245,3
348147,2
292042,2
217325,2
626079,1
920790,2
133088,2
969307,2
66092,2
730734,2
1052266,2
731203,3
529555,1
715590,1
760475,2
362756,3
707469,2
196783,2
491291,3
419094,2
259063,1
608034,1
40886,2
83126,3
360246,3
483894,2
504398,1
583734,3
853007,2
540574,2
675790,1
584133,2
826016,2
102434,2
125300,3
634212,2
1021051,2
672723,2
246018,2
178326,3
921529,2
205403,2
12968,1
744180,1
1004439,1
468138,3
640433,3
727088,3
1036689,3
422595,2
256885,2
855288,2
284807,2
731013,1
654447,2
691329,2
382318,3
977905,2
1039662,2
688174,3
807205,1
528352,2
53819,3
233289,2
450608,2
1037139,2
332666,3
232925,2
824934,3
393610,2
144792,3
41740,2
843037,2
888433,2
18677,2
619780,3
484277,2
246119,2
791376,2
912733,2
1039129,3
69072,1
420901,2
124125,2
523048,3
486661,2
605658,1
984904,3
570791,2
527672,2
6591,3
387306,2
794745,2
714942,3
829585,2
599731,2
138410,3
170627,1
659426,2
509521,2
819444,2
670062,2
143692,2
537605,2
106476,2
262813,2
565624,3
671112,2
551673,2
578418,2
574234,3
133234,2
764423,3
911067,2
555988,1
989148,2
926442,3
680816,3
716728,2
334022,3
144762,2
355883,2
1043594,2
897869,1
721001,1
635126,3
44910,2
42246,3
1041395,2
943864,3
653492,2
874665,2
534319,2
627382,3
906061,3
787032,3
519309,3
74208,3
582232,3
667647,3
597856,2
22526,2
193283,2
92122,2
303692,2
423970,3
922450,2
155636,2
466506,2
980728,2
392570,2
201069,2
978165,2
164225,2
335763,3
670329,2
512463,1
148920,2
1025840,2
562218,2
828557,2
358657,3
250949,3
585360,2
233922,2
644689,2
153775,3
844188,2
87431,3
854617,2
40543,3
642286,2
952675,3
33478,3
136940,3
625468,1
264732,2
896991,2
805453,3
459143,1
390315,2
782314,2
1009327,2
720241,1
744301,2
447220,2
360952,2
411129,2
12664,3
145533,2
49081,2
602582,2
462879,2
571125,2
478086,2
463481,2
658912,2
562885,2
923934,2
991833,2
185898,2
582182,3
293295,3
15436,2
964719,3
29367,2
853759,2
796569,2
301742,3
659900,3
52352,3
584449,3
910164,2
250510,2
833154,3
568849,2
16652,2
218390,2
966914,2
458119,2
772944,2
475188,2
20143,3
463885,1
1016499,3
888038,2
863505,2
762115,3
258572,2
529226,1
944578,2
882127,2
47796,2
901027,3
503435,2
761763,2
547361,2
708928,2
97746,3
906154,3
261939,1
894761,1
616496,2
951318,2
851297,2
1052754,2
641471,2
13424,2
234859,2
572002,2
384864,2
479943,2
39111,2
401737,2
699133,2
601593,3
257654,2
783576,1
825678,2
821309,2
335208,3
638580,2
334686,2
210420,2
482360,2
37961,2
295559,2
922012,3
186671,1
205094,3
243719,3
433978,1
999200,2
794717,2
697355,2
423749,2
604772,2
714859,2
530466,2
304589,3
914860,2
370432,2
553726,2
1046450,2
496389,1
918506,2
563593,2
1049175,2
152551,2
51930,2
443630,1
985008,2
282146,3
225873,2
816040,2
701392,2
445940,2
662370,1
311192,2
584956,2
1000236,3
307843,3
930959,2
74139,2
1025961,2
624910,1
598449,2
926272,2
465902,2
681055,2
983523,3
636244,2
49469,2
183610,2
212974,3
60286,3
786872,2
489178,2
622087,2
828462,3
372228,3
1027434,2
796230,2
728783,3
1025632,2
46186,1
600887,2
310507,2
961223,3
857921,3
162636,2
520673,2
845091,2
591873,2
249961,2
518405,3
950769,2
542278,2
611146,3
438618,2
698002,3
606095,2
68974,2
418006,2
573275,2
818984,2
865009,3
346285,3
396496,3
988782,1
809699,2
850354,2
154336,2
381976,3
204853,1
60313,2
796395,3
92069,3
630649,2
29117,2
405250,3
1051093,3
766443,2
939458,3
527503,3
485471,1
291979,3
791862,2
569569,2
828017,2
295012,2
16659,2
240837,2
677450,2
650540,1
626248,2
223404,1
160223,2
71596,3
94075,3
515038,2
173833,2
961846,3
18495,2
826478,2
236028,2
176855,2
883617,3
301611,2
861087,3
492877,1
422328,2
723252,3
424776,2
1048630,2
949173,2
472987,2
644877,2
615201,2
715152,2
701159,2
590979,2
439608,3
709616,2
43026,2
349599,2
554070,2
627097,2
76543,2
358501,2
763964,2
881372,3
657965,2
674397,2
825176,2
910230,2
127112,2
203907,1
794685,1
619319,2
911464,2
718006,2
896498,1
175546,2
1015763,3
602599,3
143522,3
180633,2
57494,3
232323,3
155230,1
441103,2
199003,3
59674,2
408449,2
508876,3
223320,3
356955,2
897801,2
625928,2
846945,3
1016121,2
450957,2
853635,3
820033,2
997678,3
51926,2
547193,1
762247,3
962154,1
804976,3
834902,3
48201,3
426935,2
637805,2
959415,2
998964,3
924785,2
916696,2
406544,2
370427,2
482990,2
64271,3
676945,3
839460,2
394209,2
67406,2
104584,3
226251,3
1016796,2
406047,2
262719,2
579665,2
904415,2
334297,2
159633,3
736120,2
802025,2
592253,3
158393,2
1515,2
761114,2
608665,2
96669,2
216767,2
829154,2
1038157,2
178439,3
940101,3
746260,3
576086,2
881407,2
176461,3
795327,2
499667,2
228231,2
456493,2
751493,3
630650,2
726014,2
69553,2
72262,3
276439,2
755236,2
816276,2
643855,3
987852,2
194110,2
470836,2
548576,2
820857,2
205700,1
450680,2
424129,3
412436,2
357089,2
133610,2
957540,2
111667,2
352597,2
510487,1
881655,3
711617,2
69156,2
976592,1
811479,2
313418,2
650162,2
995363,3
946494,3
878125,2
976391,2
796037,3
1037390,2
859303,2
529494,2
619912,2
516992,2
244879,2
134733,2
779023,2
353951,3
133598,2
51154,2
926461,2
904468,2
602246,2
300208,3
696612,2
338388,3
924244,2
370561,3
1005791,2
944552,2
550608,2
536618,3
574236,2
782319,1
274565,2
712167,2
4398,3
42322,2
942861,3
54972,1
16695,2
159492,2
120277,2
962121,2
545423,2
519898,3
908823,3
410844,3
219804,2
949690,2
805518,3
356801,3
785210,2
315726,2
564195,2
550920,2
895668,2
939784,2
286864,2
989018,2
489199,2
525128,2
600490,2
650730,2
579750,2
250953,2
187453,2
652896,2
34393,3
241810,2
781373,3
719518,2
396101,2
597291,3
767301,2
832955,3
42042,2
787598,2
831850,2
147132,2
582207,3
364940,3
685589,2
262503,1
539030,2
842054,2
936953,3
360359,2
377434,2
687331,2
30790,2
684781,2
201153,3
486763,2
682003,3
772809,3
107379,2
771606,2
817879,2
532333,3
735547,2
552176,2
628062,2
39777,2
299654,2
450520,2
771541,3
191381,2
578773,2
1009392,3
964268,2
546312,2
361789,2
533016,2
103954,3
400438,2
68618,2
236328,2
238404,2
620436,2
862436,3
725031,2
298034,2
107355,3
80641,2
234809,1
1016016,2
635805,2
333448,2
161052,2
495791,2
393635,3
120455,2
564836,2
538231,1
278978,2
534299,1
579978,3
808367,2
596502,2
99429,1
134253,3
217352,2
357357,2
578419,2
149555,3
577965,3
794947,1
609515,2
37751,1
736923,3
775553,2
977083,2
638312,2
251627,3
764924,1
655213,3
393933,1
180123,2
108939,2
477704,3
684594,2
165815,3
552611,2
313346,2
952416,1
436077,3
442596,2
852451,2
754708,2
443806,2
967339,2
635478,3
57077,2
284348,3
67192,1
792253,2
354706,1
288328,3
202987,2
767398,2
690951,2
374520,2
586659,2
926496,2
272504,2
1016324,2
296142,3
150759,2
840874,2
273912,2
979774,2
718687,3
271715,2
456882,2
132294,2
110128,2
851790,3
393042,3
773271,2
828545,2
549326,2
720878,1
245919,2
150207,2
911670,2
40433,2
462946,3
677380,2
553879,2
916096,2
241275,2
184864,2
45092,2
119830,2
711201,3
151563,3
794764,2
370508,2
219545,2
42505,1
3196,1
14712,3
61453,3
499707,2
170324,3
936278,1
783426,2
557102,2
163558,2
852091,2
36663,2
265352,3
1026059,2
221543,2
25433,2
923669,2
215406,1
600610,2
50489,2
580690,2
266645,1
224086,1
996316,2
725722,3
884901,3
990984,2
674324,2
169818,2
190790,1
225062,2
495019,3
62934,2
545243,2
482230,2
963094,2
208604,2
1051318,2
15114,3
830280,3
447716,3
522241,2
359634,2
958940,2
792670,2
705000,3
333804,2
806493,2
634853,2
916607,2
433949,2
696628,2
338173,2
281897,3
458309,2
667364,1
272261,2
960166,2
380056,2
387377,1
235634,2
816544,2
1046193,3
979354,2
861405,2
978398,2
78144,2
964108,3
88207,2
468876,3
1005512,2
1045144,2
989359,3
711454,3
786535,2
42338,2
172347,2
973478,2
538966,2
183335,3
1035645,1
871913,1
841269,2
798369,2
400817,2
163928,2
196701,2
409907,3
318408,3
405672,2
174673,3
193486,3
926825,3
781541,3
765046,3
345652,2
666967,3
146766,2
134679,3
60973,2
559270,2
788207,2
477186,2
993019,2
852782,2
599938,3
998939,3
505238,2
367150,2
1035501,2
447398,2
284422,3
963352,2
718790,2
475490,2
1596,2
156304,2
829945,2
324015,2
114871,2
112180,2
584939,2
760219,2
761127,2
104716,2
1046620,2
948864,2
728495,2
130331,2
945445,2
566275,3
809155,2
224164,2
515715,2
393084,2
66476,1
29657,3
153113,2
10889,2
952848,3
209689,2
481763,2
223208,2
982227,3
975202,3
211781,2
10299,3
891586,2
527939,2
683557,2
99744,2
652860,3
194736,2
103928,1
234729,2
68895,3
391627,2
1002577,2
62423,2
946551,2
14111,2
541931,2
140409,2
327519,2
318367,2
536707,2
555890,2
721899,2
922002,2
303417,3
121830,3
548795,1
80701,2
214360,3
549554,3
897057,2
252238,2
560578,1
731369,3
379461,2
990127,2
766413,2
502707,2
345004,3
922903,2
955820,2
1027385,1
928056,2
164884,3
416705,2
446647,1
407145,2
591741,3
166469,2
868429,1
977138,2
564377,2
596252,3
906370,2
701546,3
588236,1
123021,3
481797,2
835756,2
193107,2
90774,3
730757,3
776738,2
315925,2
218955,2
412357,2
9969,2
666084,2
630353,3
621092,2
857439,3
706398,2
419823,2
55670,2
973402,3
110459,1
245460,2
448731,2
418304,3
522766,3
942360,1
895049,3
214964,2
1005340,2
928197,3
155150,2
341599,2
828497,2
207866,1
658505,2
892021,1
324906,2
951691,2
225248,2
21097,3
935085,2
898164,2
503403,2
407962,3
346166,2
297317,1
794817,2
436511,2
562153,2
610758,3
714198,3
986188,2
443170,3
204152,1
862884,2
8574,3
904320,2
36506,2
409797,2
466908,2
745513,2
219947,2
114296,2
752563,2
50737,2
708134,2
349753,2
81226,2
393427,2
244377,2
323204,2
458463,3
752072,3
543677,2
453390,2
994895,3
524914,2
736860,1
875799,1
230347,3
684256,2
103102,3
19162,2
497481,2
499307,2
890436,2
631841,2
368920,3
1005842,3
98683,2
978434,3
510104,2
390586,1
1039177,3
534263,2
995456,3
953141,3
973140,3
817777,1
962898,1
282032,2
37305,2
51042,2
929245,2
443593,2
17623,2
373625,3
913770,1
375280,2
890375,2
126530,2
370655,3
380957,2
14062,3
293273,2
955644,2
532002,3
468762,2
912532,3
333337,2
587775,3
654119,3
1017279,2
686235,3
224438,3
386552,2
656822,2
651637,2
365722,3
499661,3
195962,2
60347,2
348360,2
322795,2
1041805,2
456574,2
148886,2
876094,1
1036774,2
215123,1
497185,3
465482,2
717622,2
173546,3
240249,2
916065,2
26734,2
414033,2
104146,3
507079,2
627921,2
314947,3
87744,3
438224,2
329857,2
1037681,3
672476,2
836821,2
499153,2
882235,2
967145,3
999662,2
515827,1
688988,2
809640,2
1011980,2
1036242,1
524831,2
536027,1
509882,2
827427,3
207070,2
858281,3
670137,2
780557,2
681679,2
646362,2
217115,2
693312,2
600559,2
987908,3
827537,2
940866,2
894475,2
765886,3
423784,2
820897,2
626828,2
797032,2
352898,2
410481,3
609304,2
465694,2
870013,2
902989,2
748777,2
918510,2
435898,3
261091,2
144079,2
738433,2
628318,2
407419,2
385581,2
647352,1
376784,3
847488,3
398319,3
123212,2
17368,3
1014493,2
9756,2
557454,2
133809,2
412221,3
402821,2
360697,3
34252,2
742357,2
575595,2
118416,2
226942,2
316400,2
385389,1
855260,2
613459,2
496874,2
157484,3
1020117,2
1036652,2
843446,3
684291,2
257525,2
778428,2
783725,2
593751,3
223343,2
900858,2
435231,2
444423,2
462463,2
220255,2
310214,3
812288,2
958815,3
410030,2
926377,2
253213,2
885222,3
173725,3
381115,2
162437,2
1018316,3
918189,2
184028,2
118374,3
576774,3
335338,2
829321,2
644495,2
529016,3
170538,3
426710,1
857849,3
854015,2
903984,2
10667,2
391704,1
527208,2
141964,2
36582,3
862287,3
65938,3
372792,2
923881,2
1021828,3
252766,2
703196,2
694530,3
98779,1
229793,2
337451,3
511358,2
703255,3
145407,2
746920,2
511152,3
658968,2
1011742,3
95750,2
588972,1
107276,3
325754,2
739271,2
1044183,2
357058,2
475496,1
455617,2
140842,3
404472,2
357076,2
234773,3
918554,1
169200,3
394750,2
209263,2
884208,2
992534,2
384768,2
25441,2
1039923,2
265162,2
637419,2
715777,1
918525,1
683331,2
54433,3
548224,1
238790,2
1000125,2
438003,2
978621,3
1007647,3
710697,3
26668,2
640980,2
950482,3
651570,2
305551,3
113596,2
867132,1
346994,3
412931,2
350612,2
1050009,3
175722,3
974377,3
372056,3
379546,2
549850,2
169446,2
433879,2
216763,2
343956,3
719862,3
956717,2
538916,2
819308,2
446720,2
110861,2
994580,2
317949,2
439142,1
971891,2
772038,2
532178,3
36684,2
922656,2
548313,2
873388,2
363923,2
82416,1
467702,3
35352,2
29664,2
321303,1
1023235,2
793864,3
475539,2
487484,2
766654,3
900833,2
656879,2
214110,2
734534,2
359611,2
23666,3
811804,2
41235,2
497507,3
940530,2
980645,2
493692,2
345101,2
625623,2
578700,2
3319,2
529210,3
533144,2
794125,3
53317,1
391088,2
734828,3
913214,2
396212,2
232631,2
456985,2
751363,2
1038438,2
41948,3
702344,3
820213,3
489948,2
750260,2
507401,2
7311,2
302347,2
15088,2
956266,2
18825,2
367133,2
929931,3
595664,1
33203,3
748325,2
945329,2
3931,3
353545,2
524794,2
319412,2
484454,3
536280,2
836202,3
643004,2
630897,2
67865,2
791048,3
147595,2
946697,2
768606,2
870717,3
731498,2
534746,3
99393,3
113278,3
42088,1
64150,2
1045308,2
508050,3
457510,2
287076,3
933980,2
831549,1
709303,2
184422,3
782770,1
553539,2
313123,3
925599,2
82836,3
750802,3
797021,2
408562,2
728699,3
658284,2
899714,2
671762,3
428079,3
500006,2
287448,2
254205,3
637013,2
384098,2
894079,2
1009467,2
368681,2
1010303,2
849858,2
374495,3
691253,2
1040254,3
919539,2
405552,2
590054,2
433064,2
387362,2
399928,2
439979,2
66451,2
427145,2
476988,1
36667,3
891840,2
888144,2
463062,2
463763,2
231324,2
427565,3
313109,2
510051,3
846106,1
631996,2
459259,1
551719,2
1008215,2
66530,2
951248,2
422379,2
385860,2
174626,1
220927,2
965167,2
825264,3
814285,2
274058,2
1033893,2
966005,2
370358,2
579523,1
188596,2
586846,2
43030,2
158704,3
651474,2
587943,2
609730,2
543403,3
916075,2
131181,2
726448,2
494161,2
64667,2
338842,1
82432,2
5482,2
730350,3
786901,3
814233,2
689291,2
42349,3
586735,2
183062,2
380720,3
725114,2
217096,3
881749,1
456247,2
977640,3
37721,2
637343,2
236055,3
1046226,2
438408,3
34047,2
676363,1
582089,3
504763,2
1022346,2
667821,2
12453,2
162274,2
282123,2
969139,2
821472,1
561687,2
71127,2
108270,2
884460,2
128480,2
303552,2
1001318,3
333518,2
750061,2
927730,3
599149,2
547622,1
839378,3
370900,2
872471,3
1051694,2
394066,1
828054,3
172615,2
395324,3
326587,2
780347,2
974114,2
150882,2
220212,2
904781,2
559524,2
281016,2
343748,2
412676,3
291077,2
1014118,2
911265,2
611786,2
1023538,2
832088,3
60208,3
176658,2
793419,3
353186,2
604998,2
986733,3
839450,3
401506,2
963551,3
683030,2
528876,1
256806,3
810163,2
604387,3
672483,2
565638,2
509401,3
926526,2
365093,2
244994,3
806565,2
261933,2
361039,2
709366,3
827904,3
435311,3
737010,2
204974,2
346874,2
20691,2
135754,2
488950,1
80688,2
468004,2
317781,2
539026,2
766632,2
876316,3
211519,2
672035,2
253011,1
92829,2
309882,3
234821,2
780385,2
541200,2
364574,2
674333,1
130176,3
918671,2
640028,2
180841,3
275807,1
812185,2
101380,2
902581,3
359180,2
763069,3
396863,1
158445,2
314984,2
948849,2
1030713,2
163932,2
504285,2
892958,2
1051024,2
187802,2
934456,2
910384,3
65134,2
618075,2
965489,3
709713,3
979506,2
923447,3
1041893,1
1037788,2
189584,2
437532,2
1040468,2
806776,2
125871,2
409054,3
224394,3
51826,2
1038937,2
276691,2
1050098,1
107837,2
678081,2
902421,2
363471,3
666475,2
864970,1
213422,3
510866,2
963817,2
316214,2
272660,3
45760,3
468251,2
90622,1
1005082,2
240522,2
608364,2
482848,2
15438,3
798755,2
1035899,2
971618,3
514116,1
582705,2
190457,2
13681,2
880424,2
272954,2
1014079,3
713537,3
67217,3
712328,2
208341,2
9777,3
995904,2
446605,3
202360,3
1039392,2
684400,2
133140,2
124654,2
204930,3
602756,2
886249,2
231828,2
383632,3
302352,3
165508,2
409730,2
884521,3
380003,1
258969,2
515466,3
526789,2
476244,3
516154,2
873055,2
767853,3
949297,2
69312,2
677037,3
653416,2
610674,1
821638,2
338316,3
316520,3
117838,2
988132,3
508483,3
788846,2
908003,2
895087,1
580664,2
283962,3
864081,2
695231,3
956123,2
299219,2
938774,2
476931,3
183681,2
657973,2
692973,2
792808,2
580891,3
521474,2
1032102,1
93797,2
785305,3
937773,2
651477,1
962406,2
302437,2
695959,2
185024,2
677792,2
995263,1
652506,3
89408,3
217784,2
849095,2
657756,2
383329,2
889126,2
105394,3
1017108,3
199110,2
953299,3
806140,2
155471,3
442776,2
9162,2
929358,3
897919,2
217673,1
773864,3
962883,2
377192,3
909227,3
241205,3
991318,3
519010,3
880871,2
735228,2
218031,2
1025200,3
465464,3
542141,3
56364,3
800481,3
572121,2
750058,2
110568,2
328876,2
372136,2
1005003,2
432507,3
672778,3
236107,1
42751,2
173729,3
715618,3
391639,2
845837,3
568672,3
311337,3
30817,2
483901,2
537837,2
818422,2
977849,2
850555,3
808251,3
2438,2
844079,2
151751,2
995084,3
173584,1
214557,1
639212,2
268367,3
1012941,2
462109,2
643295,3
248625,2
149239,1
801100,3
442298,3
197460,2
690042,2
301112,1
945127,3
288673,2
37062,3
907690,2
451485,2
949093,2
1041165,1
76475,3
808150,3
599527,2
882670,2
467812,3
680095,2
11975,2
51797,2
613342,3
937444,2
887738,2
591540,2
1040949,2
241439,2
965058,3
240366,1
444039,3
773940,3
665672,2
1014,2
55225,2
599908,2
469648,3
96020,2
478136,2
975464,3
915245,2
164950,2
422909,2
955622,3
962974,3
393960,2
889794,2
1029386,2
477748,2
803330,2
53287,2
341294,1
662392,2
787091,3
806138,3
575158,2
381280,1
459404,2
328479,2
954464,2
354272,2
1004502,3
577091,2
180664,1
746157,3
812881,2
27677,2
79885,1
667503,1
576749,2
324432,2
385538,2
756799,2
122662,2
515245,3
1006385,2
814483,2
467195,2
157255,1
954259,3
317073,3
1048000,2
1045128,2
468527,2
997190,2
890685,2
596895,2
12165,2
204350,2
468929,2
319950,3
627430,2
706071,1
249903,2
61139,3
927268,3
663248,2
689795,2
851955,2
100630,2
969627,3
870986,2
338584,2
569901,3
725452,2
1041763,2
967108,2
352343,1
529428,3
532989,2
137100,2
379356,3
55126,2
892268,2
777724,2
437471,2
56229,3
629435,3
84365,1
473837,2
409957,2
307106,2
739521,2
833406,2
393612,3
910922,3
515299,2
122200,2
547872,2
477483,2
242046,3
1019283,1
212677,3
343402,2
1043469,2
460350,1
759792,2
583702,2
715031,2
380206,1
109817,3
67223,2
815157,3
170599,2
194538,2
542238,2
488993,3
399286,2
819274,3
975130,2
473561,3
518088,3
809116,3
844170,3
1051463,1
834940,3
868810,2
684543,2
734452,2
72818,2
544177,3
628395,2
890086,2
406378,2
544821,2
27455,2
134478,2
407835,2
804607,3
961128,2
996760,1
1049057,3
551928,2
517351,3
111797,2
294645,2
891843,3
160900,2
1047498,3
234176,2
715602,3
474597,2
663172,2
879104,2
378551,2
866800,2
19926,3
900660,2
183714,3
979161,3
65367,2
511648,3
195683,2
230915,2
244188,3
720616,3
202403,2
370870,2
630031,2
897426,2
710296,2
839477,3
737937,3
979447,2
634381,1
197630,3
37490,2
911985,3
16644,2
792741,1
361187,2
560857,1
20565,2
697949,3
524964,2
730096,2
944323,2
362490,2
548304,2
231194,3
946220,2
797779,2
551077,2
689349,3
840456,2
460644,3
351595,2
506249,2
299724,2
697149,2
856708,2
362144,2
53603,3
308172,2
664856,2
516075,2
761249,2
261626,2
282056,3
100717,2
210699,2
851088,2
891030,1
920607,2
766121,2
517553,2
514874,2
428757,3
830228,2
401448,3
840734,3
729468,2
959612,2
767137,2
766794,3
1044311,3
631373,3
681080,2
510969,1
1007620,2
496199,2
786407,2
920916,2
173860,3
319077,2
221857,2
262913,2
311398,2
935931,2
532192,2
940968,2
297410,2
979914,2
370972,2
792412,2
491884,2
432745,2
790500,2
475960,2
669632,2
872666,1
598239,2
79194,2
372270,2
354581,2
250224,2
657091,2
873510,2
436642,2
906368,3
380910,2
600143,2
407785,2
770407,1
627742,2
137957,2
678618,3
623978,3
14160,2
219401,2
17804,3
787840,2
943893,2
345618,3
286925,1
743426,2
454631,3
465118,3
601297,2
613012,2
209245,2
129946,3
61994,2
612195,3
184835,3
101955,3
511042,3
626630,2
929108,3
22519,2
836956,2
550635,2
575668,3
73098,2
938404,2
512022,3
383422,2
801978,2
35396,3
308373,1
564132,3
856909,2
109669,2
254965,2
721592,3
107825,2
114653,3
343975,3
47348,2
145366,2
742491,2
134831,3
1002845,2
408270,2
323263,2
833089,2
1036190,2
44658,2
758521,2
647965,3
890871,2
723193,3
129943,2
815213,2
798049,2
352423,3
554889,3
891870,2
937943,3
813127,2
981332,3
897860,3
850284,2
543680,2
47810,2
437935,3
827592,1
446266,2
499034,2
72380,2
749156,3
323498,2
833006,3
631772,2
810069,3
263438,2
608626,2
555885,3
257718,2
237182,2
295004,2
836080,3
1035296,3
972049,2
406908,2
853223,2
994981,2
793372,2
538791,2
938059,2
856000,2
851254,3
54519,2
484391,3
883062,2
258842,2
883313,2
362833,2
491485,2
601695,2
789480,1
380717,2
19951,2
800915,2
406240,2
574558,2
192430,3
241633,3
359013,2
973607,3
696895,2
173611,3
664216,3
521333,3
781882,2
1047194,2
353012,3
153672,2
1020933,2
91005,2
566974,1
338796,2
166224,2
411724,2
270949,2
85870,3
70421,2
618619,3
978243,2
570697,2
94792,2
640899,2
773990,2
367515,2
427542,1
932177,1
662743,2
1043749,1
305730,2
680947,2
45414,2
569399,3
203324,2
261151,2
796596,2
273363,2
255018,3
455527,3
333065,2
535804,2
251992,3
667400,2
875202,2
969947,2
473810,1
804271,2
813100,2
40286,3
94070,2
241374,3
698404,2
655020,2
597531,2
274259,3
724050,2
151176,2
550649,2
574668,2
680889,2
194631,2
955133,3
498731,3
115313,2
283340,2
621759,3
843316,2
294509,2
958226,2
176542,2
957398,2
571876,2
455768,2
961611,3
560328,2
1020730,2
664419,2
440647,2
257225,3
261765,3
225057,3
591848,2
464581,3
495278,3
443328,2
409870,2
596785,2
1042555,3
997257,2
620993,2
850942,3
844709,2
175671,3
256335,3
81781,2
412917,2
203023,2
738115,3
478416,3
751282,2
76121,2
246265,2
884254,2
387042,2
782850,2
731865,2
697856,3
928720,2
1026321,2
898887,2
297129,2
733776,2
991063,2
1036903,3
730128,3
16628,2
168701,3
443788,2
79512,2
127344,2
892479,2
623628,3
408679,2
693645,2
856411,2
945656,3
1043834,3
1028926,2
747944,2
434417,2
747690,3
523314,2
711913,2
881717,3
391746,2
781247,2
330892,3
1051846,2
720768,3
604159,2
681639,2
463101,2
362142,2
27958,2
328092,3
254571,3
240320,3
613716,2
720828,2
902661,2
527406,2
871829,3
50531,2
976361,2
1050909,2
277455,2
686845,3
921458,2
164970,2
843826,2
391781,3
989991,2
646729,3
913815,3
389938,1
409013,2
510814,2
791458,2
508430,2
494053,2
666701,1
62027,1
465594,2
786701,2
286173,3
992347,2
466567,2
211572,2
280999,2
505724,2
590179,2
795521,3
911023,2
567656,2
845624,2
563088,2
293542,3
1009125,2
9323,2
930044,2
548095,2
421391,3
557803,3
33736,3
91148,2
24473,2
433105,2
293589,3
166072,1
819981,2
595770,3
382916,1
857563,3
592940,2
764975,2
1046315,1
963996,2
710636,2
315799,1
264582,3
599587,2
12666,3
22575,3
1021304,1
1008040,2
1032041,2
611967,3
968397,2
804035,2
522539,2
380441,1
704273,2
189772,3
1031412,3
778359,3
320899,3
177084,2
265899,3
388021,3
269388,2
857394,2
173196,3
936478,2
782035,2
60845,3
668926,2
1040210,3
411035,2
131897,2
179355,3
876137,2
680542,3
889421,2
787456,3
893067,2
260547,3
132524,2
605269,3
865345,2
826593,2
968744,2
106738,3
291429,1
612243,2
173788,2
969082,2
475363,2
521906,2
1036277,3
1024479,2
711538,2
853806,2
124832,2
769692,3
922958,3
492099,2
265517,2
86216,2
413049,3
631444,3
287234,2
270017,2
678256,1
614790,2
271303,3
836120,1
679268,3
952764,2
701721,2
372253,2
527047,2
580457,3
691738,2
919031,2
828158,2
473719,3
102809,2
985820,2
586212,1
167332,2
827651,2
357822,3
593415,2
265125,2
260193,2
623331,2
944950,2
304701,2
694481,2
469535,2
310505,2
303649,3
682658,3
902497,3
669584,3
837283,2
97197,2
627472,2
383348,3
609492,3
625907,2
882165,2
617005,2
341471,2
572206,2
622332,2
543231,2
813822,2
91387,2
509023,3
866229,3
226475,2
806799,3
1022619,2
903779,2
565131,2
149835,2
353281,2
111133,2
53511,2
175759,2
199643,3
567320,3
654301,2
397851,2
372851,2
116986,2
700060,2
129478,2
636617,3
791471,2
628912,2
769044,2
699224,2
361462,2
947691,2
527057,2
1036129,2
477080,2
233077,2
326036,3
1030374,2
307023,2
135652,2
268846,2
844772,2
636193,2
718316,1
131406,2
534809,2
346621,2
811280,2
517555,2
320595,2
375484,2
659864,2
63232,3
802112,3
644032,2
481193,3
288289,2
672900,2
232300,2
718580,3
612289,2
421834,3
959586,3
732839,2
600878,2
277993,2
166012,2
143898,3
755998,3
275662,3
156280,3
602532,2
254755,3
304454,2
856559,2
518862,3
932126,2
662833,2
352424,2
1037342,3
939477,2
425804,2
492511,2
996782,3
296910,2
85123,3
626966,2
780266,3
406387,2
570969,2
54629,2
404809,3
352148,3
934957,2
297161,1
877429,2
973725,2
361142,3
384326,1
252942,1
775630,2
978822,2
681563,2
409136,2
516765,2
325143,2
971009,2
23883,3
894527,2
442952,3
314318,2
380529,2
746515,2
379300,2
812103,2
53577,2
609126,2
843119,2
23657,3
593562,2
915970,3
906416,2
309982,3
588911,3
184721,2
541325,2
542416,2
560641,2
560138,3
593126,1
1004761,2
774932,2
516945,2
1037787,2
785416,2
434423,2
857663,2
276385,2
20474,2
184893,3
79988,2
260943,2
787298,3
362563,3
41726,2
596763,2
527559,3
679231,2
66649,2
710439,2
737329,2
957617,2
542557,2
812095,3
248870,2
414054,3
350638,2
360840,2
862367,1
493960,3
637842,2
951682,3
65082,2
420314,2
940428,2
940658,3
451282,3
876662,1
457380,2
588041,3
826736,2
568215,1
321023,2
74463,2
630827,1
852589,2
21548,3
900168,2
580458,2
262206,3
530543,2
982906,3
836275,2
288578,3
841014,2
512626,2
370350,1
257564,2
421295,2
148305,3
355337,2
1022031,2
351569,3
68232,3
308896,2
284542,3
825206,2
602943,2
268662,2
821269,2
32153,2
762666,3
722827,2
772998,2
804379,2
818851,2
380094,2
191615,2
682998,2
337302,2
78891,3
405840,3
859777,3
653489,1
9404,2
401996,3
991733,2
1032039,2
265504,2
803125,2
413668,3
450859,1
618011,2
961886,3
543471,2
20339,2
706577,2
232207,2
243812,2
465546,2
339872,2
431356,3
466587,2
666013,1
323671,2
708755,3
13135,2
1031278,2
418772,2
457264,3
621847,2
978580,2
411413,2
36652,2
996396,3
708237,3
196151,2
439670,2
69154,3
784656,2
473383,2
684662,3
347247,2
187002,2
355225,2
561030,2
504896,2
803482,3
680703,2
785,2
526023,2
579837,2
326369,1
802120,2
761738,2
667799,2
262722,3
66907,2
813128,3
912079,3
483677,1
286592,2
24892,2
179503,2
143640,2
1039994,2
420606,1
280431,2
107442,2
755038,2
47257,2
172254,2
54211,3
62946,2
305853,3
995656,2
13136,3
163979,2
75411,2
104153,2
812606,2
258804,3
549229,2
712324,1
707117,1
374288,2
614341,2
167775,2
103051,3
521655,3
135271,3
269344,2
1022937,2
385817,2
47891,2
517441,2
915494,3
451714,3
455290,2
770746,3
841435,2
282370,2
883328,3
801548,2
957773,3
763534,3
464984,3
21925,2
444196,3
868491,3
627703,3
278338,2
863543,1
653098,2
867355,2
939393,2
602585,3
2137,3
306282,3
946370,1
94880,2
186018,1
474308,3
969750,2
704137,2
235775,3
876499,2
278013,2
802642,2
480114,3
967868,2
878060,3
455901,3
932259,2
1004798,2
884827,1
620388,2
447440,2
522866,2
421425,2
466701,2
609525,1
737222,2
1017639,2
378039,2
44749,2
520840,2
282699,2
255995,3
1045442,3
630428,2
877889,2
390805,2
178235,2
264757,3
324359,3
78249,3
72652,1
988350,2
482807,2
988732,1
820364,3
948994,3
533396,1
130517,2
261598,2
1001598,3
261769,2
215616,2
584890,1
318335,2
83277,2
815821,3
270052,2
633944,2
670463,3
263097,2
154682,2
46055,2
291027,2
276885,2
66013,3
564471,1
9613,2
615130,2
182462,2
189740,3
98966,2
806755,2
707970,2
273545,2
1045636,2
827349,3
147821,2
669643,3
279105,1
362635,1
704427,2
785218,2
165078,2
596041,2
587216,2
650495,3
691054,2
524031,2
300393,3
534658,2
994106,2
312239,1
836967,3
12798,2
300037,2
837073,2
741428,2
542586,2
863178,2
578242,2
39071,3
813753,2
528054,2
853449,2
707940,3
1002805,2
698604,2
331914,1
160562,3
286762,1
488786,2
203275,2
494546,3
394340,2
520688,3
746671,3
475239,2
99403,1
976242,3
103668,3
53321,1
120654,2
1042183,3
94604,2
932361,2
975101,3
772937,2
261522,2
570712,3
693871,3
250960,2
630421,2
986458,2
56644,2
59574,2
547953,2
724509,2
653743,3
720076,2
156095,2
312031,2
628860,2
167626,2
390463,2
134976,2
661587,2
516605,3
1536,2
179161,3
955530,3
785840,1
245703,2
863885,2
160507,2
261847,2
144231,2
779885,2
102508,1
376844,3
320782,2
853094,2
870104,3
4569,2
948763,3
393846,2
188956,2
339572,3
525953,2
413383,2
210171,2
957673,2
761671,2
506523,2
533791,2
507250,2
453906,3
932753,2
756737,3
855900,2
836389,2
194776,2
362462,2
974771,2
1041430,2
443399,2
63452,2
540160,2
719883,1
463810,3
484031,2
506451,2
499693,2
1024776,2
682639,2
483121,2
545391,2
124790,3
1015868,2
220308,2
1051016,2
850923,2
165442,3
455158,2
246198,2
88141,2
586017,3
635816,2
978851,2
793699,3
727331,2
922056,2
260508,3
984926,2
462557,3
955693,2
464096,2
143240,2
389405,3
192563,3
717581,3
37100,3
387112,2
53951,2
394307,2
804312,2
750080,3
622772,1
451233,3
350018,3
688697,3
265412,2
678661,1
555901,2
258891,2
1012611,3
39315,3
676426,2
659503,1
391743,2
965795,2
749235,2
600117,2
492372,3
620541,3
879977,3
461037,2
561680,1
668578,3
484556,2
37673,1
189090,2
273278,3
373371,2
669950,2
263982,2
418868,1
515296,2
917015,2
147624,2
525171,2
799395,2
545264,2
572061,2
676110,1
880867,3
283051,2
457626,2
231647,2
528225,2
412133,3
81723,3
109149,2
733869,3
725095,2
681631,3
631506,1
814673,2
614038,2
191962,1
91024,3
733771,2
12404,2
945961,3
713259,2
436477,2
882214,2
747290,2
494352,2
858359,3
47495,1
953526,2
185047,2
981647,3
954863,2
142433,2
948965,2
492589,3
7139,2
691170,2
352713,2
1009157,2
929767,3
461348,2
560261,3
988449,1
859524,2
441248,2
556557,2
637647,2
125571,3
416204,2
630941,2
145711,3
22704,2
871817,2
760176,2
463098,2
896629,2
545954,2
620747,2
692915,2
296426,1
721201,2
140818,2
472472,3
811688,3
31849,2
950975,2
916738,2
597629,2
641737,3
629709,2
294850,1
442350,2
640306,2
402009,2
968760,2
803634,2
424158,2
319768,1
207547,3
345059,2
405564,2
204916,3
429392,3
126379,2
56824,3
481334,2
381326,3
1044055,2
602299,3
763815,2
133715,2
508561,3
838062,2
71426,2
294910,2
301927,3
712623,3
558642,2
127246,3
300475,2
590189,2
109645,3
382857,3
172878,2
450861,3
627667,3
661362,2
132717,3
12764,2
852009,1
692233,2
197465,2
27317,1
212802,2
474200,2
297502,3
683216,2
168162,2
226734,3
56283,2
849849,2
560645,2
638671,2
979912,2
508471,2
464454,2
680446,3
949482,3
159934,2
40904,2
439840,2
1017085,1
341347,3
1016312,2
961303,2
196816,2
552367,2
364029,3
902438,1
64423,3
970494,3
275355,2
607733,1
451066,3
1025065,3
600430,3
136906,2
896186,3
359404,2
529223,2
165148,2
368710,3
540264,3
463802,2
11856,2
1041725,2
784132,3
421454,2
913303,3
512603,2
243403,2
472094,3
596787,3
839595,2
220609,2
308705,2
554230,3
797331,2
783959,2
670367,2
442227,1
385381,1
289293,2
390142,3
926562,3
758341,2
335364,2
336877,3
593226,3
961857,2
991691,3
997773,2
766457,2
674943,2
190618,1
822384,2
806660,2
30390,2
127274,3
211889,2
331024,2
439080,3
791069,2
840860,2
86673,2
887279,2
294613,2
609563,2
173355,3
616431,2
395250,2
301048,3
843493,2
321242,2
802980,2
583379,2
1026858,2
432793,2
507544,2
146117,2
386509,3
896197,1
256421,3
238107,1
641363,1
354688,3
655681,2
149699,2
846969,2
965025,2
80061,2
619191,2
320154,2
932718,3
61567,1
451508,3
316273,2
89223,2
230763,2
144885,2
510998,3
465535,2
120378,3
306162,3
853807,2
637283,2
103506,2
676843,3
425011,2
483378,2
1027708,2
508043,1
171860,2
7607,3
124848,3
709387,2
659720,2
439294,3
120915,1
279392,2
98650,2
996299,2
600881,3
275493,2
962396,2
488551,1
758739,2
117757,3
745853,1
4383,3
728431,2
79094,2
662831,2
511767,2
809200,3
893460,2
339219,2
216664,2
96364,3
606869,2
949895,3
397253,2
314460,2
514183,3
936247,2
1008542,1
1039407,2
773877,3
228324,2
588054,2
484296,1
550794,2
704703,2
613142,2
1021767,2
134614,2
978132,2
994493,3
162627,2
1022976,1
537903,3
627950,2
891396,2
760973,2
428011,1
823761,3
270722,3
945221,3
809503,2
894019,1
418625,3
897713,3
30835,1
333293,2
526883,2
572543,2
109878,2
101825,3
928212,3
766281,2
100244,2
850950,3
851248,2
219945,1
990664,2
924118,2
784106,2
5895,2
721794,2
558119,3
63735,3
1000635,2
223778,1
258405,3
572184,2
564187,3
814028,2
679893,2
725499,2
466951,3
260235,1
1008695,3
328939,3
288123,2
82231,2
944574,2
105117,2
758991,2
782258,3
975162,3
77536,2
25259,3
944156,2
808155,2
95698,3
523370,2
512280,3
665362,3
288964,3
594867,2
338904,1
812810,3
296659,3
926799,3
794537,2
242879,3
424996,2
252041,3
626369,2
1042359,2
970616,2
733849,2
274299,2
504006,3
437234,1
4831,2
83247,2
162391,2
945746,1
310160,3
984259,3
530568,2
492701,2
1017837,2
834365,3
299012,2
956216,3
361390,2
951425,2
325507,3
463959,2
848120,2
186730,2
109395,2
1032343,2
201806,2
76208,3
170214,2
430046,2
437303,1
585990,2
340537,3
436886,2
289731,1
348478,2
517142,2
682610,2
232408,2
896444,3
176040,2
768306,3
184447,3
744722,2
218330,1
904522,3
436023,2
562385,2
535340,3
487030,3
807894,3
1051751,2
874852,2
424046,3
224373,2
574545,1
136669,3
606961,2
974762,1
950299,2
1011955,2
805677,3
162309,2
72331,3
67462,2
594698,3
196649,2
836054,2
936787,2
162606,2
418738,3
540646,2
48278,3
28410,1
1003716,2
267564,2
932998,1
762876,2
996325,2
711533,3
793347,2
617727,2
447725,2
574346,3
645419,2
674053,2
863610,2
824587,2
630627,1
413591,2
548022,3
876093,2
97428,2
74724,2
998813,2
594593,3
730756,3
103578,2
767365,2
835856,3
741867,1
568634,2
351161,2
747289,3
650686,3
412405,3
848721,3
83469,2
1001964,2
602552,1
871403,2
1033259,3
195118,3
217718,3
977402,2
629130,3
938432,2
709295,2
977203,3
93192,2
576322,3
220653,3
102289,2
1047954,2
630849,2
597441,2
1021275,2
651576,2
442382,2
386897,2
992053,2
633447,2
675727,3
1041642,3
1036680,2
584986,2
82436,2
230439,2
602037,2
830288,2
612037,2
257521,2
388284,1
252069,3
580420,2
312232,2
922794,3
539798,2
534374,2
769129,2
39030,3
37622,1
612964,3
606321,3
117265,3
642579,3
392395,2
300332,2
424150,2
547246,2
964502,2
463310,2
593657,3
679078,2
831841,2
1010740,2
317172,3
603189,2
909305,2
64904,2
189601,3
926204,3
607531,1
294599,2
775296,2
525893,2
46505,2
620254,2
156174,3
728499,2
246750,2
475930,3
393116,3
135414,2
191860,2
310207,2
471396,2
389252,3
664769,2
299217,1
557832,3
127711,2
316721,2
866827,1
914303,2
231795,2
361340,2
173415,3
737609,3
364355,2
260179,2
1024885,3
702455,2
245699,2
563994,3
892391,2
689608,2
910220,2
808132,1
136497,2
695287,3
384785,2
888558,2
521792,2
973089,2
875416,2
263697,2
402144,3
387452,2
86703,3
831457,1
810926,2
407385,2
934310,2
204415,3
889957,2
449067,2
447825,2
360464,2
594020,3
957261,2
982327,3
669272,2
441549,2
478869,1
116935,2
888896,2
238909,3
643254,1
182026,2
848414,2
175638,2
42672,2
792385,1
817117,3
850307,2
342148,3
459036,2
212666,2
465497,2
284937,2
550441,2
568233,2
329674,3
500675,2
593136,1
700831,2
904311,2
333705,2
141522,2
550308,2
135054,2
147642,3
10747,2
755753,1
751109,3
553868,2
684610,2
355471,3
916718,2
580051,2
283345,2
538259,2
106928,2
911029,2
237180,2
606844,2
1042965,3
1008471,3
940415,1
296662,2
508060,2
215282,3
871912,3
800325,2
13789,1
1048396,3
213993,3
804098,1
503877,2
149292,2
461846,3
786836,2
852795,2
18355,2
345113,2
189912,2
17423,2
741,2
991186,3
492395,3
378200,3
77465,3
185593,3
323868,1
630165,2
861172,3
995922,2
578213,2
910228,2
994505,2
157203,2
153283,2
702401,2
493233,3
90985,3
660390,2
803325,2
158027,1
176526,3
679560,1
1039880,3
178548,2
1018596,3
529429,2
639729,2
309563,3
531322,3
747752,2
1011006,1
982432,2
1015565,3
113387,2
740651,3
887332,1
83239,3
434785,3
429619,3
87636,1
924623,3
897420,3
342030,2
165884,1
161177,3
615688,3
305269,1
509899,3
600674,2
488229,1
13630,3
26888,3
674724,2
289001,2
418509,2
231650,2
325491,1
471222,2
501539,2
432780,1
139072,2
931540,2
733063,2
304596,2
157869,2
41820,1
729049,2
759425,2
285546,3
599567,2
525230,2
96888,3
774258,2
212364,2
283081,2
996320,2
975108,2
456199,2
827174,2
398987,2
154235,3
377462,2
828198,2
343389,3
211343,3
817746,3
2720,2
16590,2
154684,1
17717,2
163054,2
254522,2
781282,3
190617,2
284591,2
866261,2
738859,2
885070,1
1000036,2
802698,2
81613,1
16502,2
674782,2
432762,2
457455,3
352251,2
603918,3
313534,2
354091,2
916816,3
615562,2
361549,2
58509,3
830826,2
915279,2
385170,2
541518,3
898759,2
608123,3
650929,2
836844,3
1027866,2
265143,2
855673,2
396455,2
536568,1
51912,2
167433,2
973743,2
732940,1
967234,1
881957,2
756010,2
656431,2
351648,2
511055,2
682690,2
728681,2
405349,2
402949,3
716391,2
1000580,3
155805,3
894405,2
122386,3
455834,2
156255,2
529492,2
808153,2
104897,3
553358,2
725204,3
253130,2
711747,2
877583,2
1043475,2
741491,2
628327,3
48289,2
1038537,2
175374,1
284606,2
215715,1
888752,2
406247,2
604195,3
44839,2
688498,2
282469,2
268583,2
605053,1
266750,2
993933,3
985043,3
415369,2
277115,2
311109,3
443676,3
617120,3
1000530,2
326565,2
755145,1
44737,2
126292,2
763582,2
248365,3
814628,2
613648,3
524138,2
684303,1
396706,2
767231,2
646625,2
976576,3
983752,3
477387,2
949304,2
326304,3
100579,3
635050,1
479993,1
877319,2
27311,2
112643,2
497462,2
419334,3
72610,2
498373,3
97255,3
859982,3
350495,2
80525,2
734745,2
1018775,3
1024711,2
318936,2
939122,3
894116,3
385411,2
958275,2
655508,3
415022,1
472553,2
822969,3
190425,2
216960,2
13753,3
680473,2
220069,2
147768,2
190737,1
814979,2
651466,3
540197,2
280817,3
145353,3
611559,2
554509,2
845846,3
929312,2
910783,2
893131,2
261427,2
992904,2
463383,2
92945,3
276614,3
167445,2
191277,2
113053,2
641186,2
149825,1
667907,2
100972,2
442619,2
704364,2
708683,2
497624,2
279059,2
576994,2
813791,2
114231,2
580701,2
444132,2
54577,3
521040,2
13746,2
866198,2
300657,3
866529,2
590033,3
405516,2
726875,3
52490,2
319171,2
44307,2
111097,2
1052470,2
934396,2
628144,3
891495,3
336620,3
919920,2
792301,3
763521,3
824387,3
66066,2
87819,2
408960,2
789793,3
926903,3
339899,2
495316,3
721874,3
496947,2
641949,2
286557,3
466688,3
702010,2
291274,2
466659,2
492096,3
749354,2
873660,2
581060,2
966812,3
972086,2
762629,2
434782,3
166292,3
947762,3
178743,2
945542,2
398988,2
819455,2
29103,3
735529,2
533150,3
225342,3
1038078,2
127574,3
625126,3
495680,2
92489,2
975789,2
843396,2
223130,3
24927,3
443408,2
769749,3
716448,2
126793,2
338072,1
991511,3
17085,2
673064,3
159937,2
769288,2
329692,2
508253,3
656098,2
608775,2
1030892,2
662564,3
535079,2
169739,2
52662,3
692489,2
507131,2
675280,3
527747,2
260030,3
458362,2
480557,1
445687,3
237080,2
262186,2
801816,3
673611,1
86286,3
256812,2
270568,2
199450,2
842261,3
1019726,2
317773,2
886003,2
20375,3
523641,3
277234,2
311811,2
809357,2
499384,3
343567,2
740309,3
824371,2
832739,3
438888,3
273070,3
769568,2
417079,3
756531,2
512567,2
797813,2
905906,3
908552,1
533957,3
1021590,2
488675,2
297976,3
39274,3
441132,2
255209,2
29833,2
337596,2
768355,2
99761,3
43081,2
303494,3
108842,3
33288,2
356318,2
664544,2
801681,2
1034979,2
649486,2
786664,2
1006634,2
703373,2
1051717,2
1029132,2
664704,2
409456,3
699939,3
425061,2
329979,3
151879,3
322896,1
698650,2
762385,2
1024131,3
25117,2
195851,2
764827,3
765162,2
392542,2
36567,2
445104,1
442944,3
664,3
802524,2
882772,2
358663,2
412039,2
478856,2
1046198,3
865682,2
475013,2
787925,2
251821,3
814651,3
210685,2
1044948,2
836116,3
909361,2
705098,2
31628,3
174410,2
73105,2
45227,2
384280,2
381664,3
389161,2
923839,2
227401,2
304750,2
685751,2
297662,2
557095,2
111844,2
875568,3
422724,2
449575,2
1000061,3
385488,1
386761,2
900014,3
455662,2
859671,3
960603,3
1005187,2
326344,2
35454,2
267175,1
219334,2
137039,2
93866,3
454398,3
468785,2
889684,2
686193,2
569536,2
129134,2
999207,2
974752,2
766735,2
52770,2
511037,2
429193,3
416081,2
224159,2
987221,2
978568,3
178386,3
237553,2
938205,2
844784,3
106825,3
25494,2
53815,2
832777,2
928218,2
936636,2
1001471,2
729128,2
945145,2
739388,2
43104,3
845735,2
875273,1
433617,2
955899,2
787053,3
539366,3
1024611,2
436758,1
884371,1
375745,2
449587,3
983807,3
956739,2
93443,2
88537,3
128753,2
994564,3
580390,2
892533,1
623853,3
704988,2
169196,2
190782,2
267677,3
492789,2
76342,2
908354,2
294193,2
791172,2
105589,2
72176,2
745295,2
452391,3
43099,2
242502,3
116229,3
935917,3
932179,3
64581,2
544090,2
718122,2
894537,2
49867,3
198527,2
342657,2
505057,2
792157,2
84191,3
247571,3
973202,2
635606,2
172964,2
971760,3
635611,2
103369,2
501716,2
243307,2
700042,3
585640,2
1027431,3
879235,1
306495,3
643089,2
752811,2
132609,2
907532,2
120916,3
549306,2
943833,2
603098,2
170740,3
693287,3
605229,2
136463,3
642307,2
634409,2
246731,3
778300,2
324332,2
743696,2
907796,2
1036734,2
190802,2
976170,2
677623,3
554881,3
213314,2
442081,3
283899,2
54593,2
432419,2
409702,2
959484,2
108215,3
630103,2
888623,3
465320,2
552399,2
329342,2
218810,2
556494,2
744803,3
443495,2
47346,2
886690,2
836762,2
32194,2
361827,3
1006999,2
914708,3
562335,2
619396,2
493287,1
223637,2
32157,2
384496,3
636556,3
651452,3
124128,2
64485,1
1021230,1
529357,2
117579,2
428425,2
71842,2
894471,2
715422,2
186105,2
1007960,3
38809,2
553966,1
985611,2
260684,3
13498,2
828479,3
353670,1
299782,2
109623,2
421752,3
211084,1
167269,2
690929,3
1019614,2
672087,2
243296,3
521735,2
431559,3
953151,1
246782,3
454033,2
128905,2
1042166,3
584522,2
450577,2
615221,2
428170,2
645120,3
577984,2
146917,2
553201,2
522001,2
789520,2
412935,3
399025,2
829146,2
707410,2
749640,1
191238,3
322019,2
969469,3
477762,2
27681,2
479903,2
329999,2
877158,2
698707,3
446070,2
471486,3
462404,2
382515,3
126867,3
386534,2
541403,2
777385,2
276031,2
678668,2
382187,1
889120,2
209477,2
500966,2
764254,2
447456,2
277044,1
318123,3
736958,2
665816,2
820931,2
38453,2
497623,2
1014581,2
744174,3
813378,2
708942,2
599915,2
29089,2
220301,1
441631,2
936148,3
989252,2
948489,3
671850,2
128725,2
1033438,2
817667,2
617700,2
769385,2
34104,3
436444,3
362518,2
188408,3
932777,3
176070,3
184582,1
370440,2
432110,2
700240,2
427252,1
454411,3
835515,2
777706,2
342114,2
42754,3
151010,2
874953,2
818397,1
304188,2
744701,2
391775,2
905009,3
306434,3
956708,3
770708,2
188113,2
275692,2
320048,3
29450,2
878439,3
189672,2
211751,2
488152,3
510591,3
170581,3
1011269,2
583279,2
555587,2
964080,2
1043389,3
837451,1
59151,1
208498,3
496912,2
915050,2
1016736,2
908466,2
6934,2
862859,2
393275,2
363973,2
825892,2
870916,2
962795,2
172955,2
118599,2
982092,2
715553,2
399707,2
701405,2
381189,3
341408,2
1031335,2
577938,2
169276,2
900376,1
504524,2
406026,2
146880,2
146134,2
204446,1
191868,3
595561,2
249118,2
480479,2
620785,2
706382,2
253629,2
216719,2
668016,3
17992,2
34995,3
508968,2
497625,2
80762,3
281216,2
908774,3
472735,3
778587,2
706894,2
1007476,1
698625,1
259482,3
487331,2
574126,2
510657,2
490504,2
71660,3
437130,3
452968,2
12118,1
507694,1
1044802,2
155393,2
1013995,2
993752,2
224145,2
472177,3
260719,2
610006,3
396005,3
518536,3
329148,2
499772,2
341665,2
853472,1
192213,2
363691,2
1040797,2
564339,2
389837,3
576011,2
960190,2
1048942,3
489657,3
919247,2
394571,3
406577,2
898211,3
663622,3
163317,2
315763,2
44207,3
931842,2
691363,2
176569,2
89222,2
677149,2
304602,2
314029,1
896515,1
1028037,3
206283,2
463133,2
37416,3
546092,3
996173,2
719796,2
613426,3
639775,3
493907,2
186017,2
362249,2
245677,2
697024,3
423029,2
749431,2
89040,2
425777,2
535434,1
35187,2
676143,2
608236,3
787929,2
498127,1
946222,2
300018,2
110987,2
1050011,2
335472,2
1014804,2
71925,2
541337,2
366221,2
32476,2
152087,3
414,2
959521,2
1009906,2
956436,3
257126,3
363467,1
78052,3
596601,3
837877,3
955439,3
488063,3
596497,2
630722,2
400593,2
991929,2
344894,1
307889,2
1044514,2
860830,3
740800,1
57461,2
736912,2
154837,2
88436,3
759430,3
724969,2
315324,2
60198,2
382936,3
648232,3
910179,3
1000896,1
691561,2
4603,2
252463,2
450950,1
925219,2
135760,2
632099,2
23904,2
859056,2
1035277,2
657098,2
555263,1
586087,2
711827,2
477928,2
391258,2
125462,1
600974,3
901153,2
836814,2
966667,3
601232,2
408754,2
534987,2
768767,2
199083,2
314762,3
632340,2
58538,2
485310,3
348596,3
191517,2
1041871,1
854866,1
969145,2
283176,2
996189,2
1047961,2
359318,2
834370,3
145137,1
235552,2
243658,3
580120,3
374599,3
199911,1
754684,2
138943,2
925707,2
885803,3
598512,3
984924,2
311170,2
649105,3
915238,2
925928,2
439723,3
674195,2
74212,2
601909,2
743298,2
210148,2
85396,2
282378,3
446828,2
955281,2
575472,2
957838,2
182032,2
272791,3
26072,1
538621,2
650136,3
382483,2
631583,2
1021810,3
194439,2
937119,3
263522,2
459588,2
713600,3
904244,3
695096,3
1041537,2
64949,2
912964,2
457485,3
391056,3
453627,2
367832,2
197419,2
97309,2
851969,2
589225,2
401389,2
1042222,2
348999,2
159873,2
371951,2
726592,3
528176,2
552782,3
977952,1
621366,3
558870,3
361631,2
1007537,2
559989,2
177818,3
483856,3
1042252,2
309770,3
231020,2
68081,2
208039,1
123549,2
1006103,2
518963,2
193814,2
256343,2
279519,2
1020888,2
152587,2
114391,3
949902,2
903161,2
297391,3
40386,2
660425,3
367362,2
421084,3
948741,2
753606,2
95146,2
414302,1
54400,2
391711,1
792701,2
539329,2
791701,2
451386,1
94029,1
325440,3
664570,2
957834,3
550780,2
569932,3
611581,3
104889,2
417609,2
449234,2
30658,3
713720,2
315294,2
1003020,2
354477,3
679625,2
70712,1
477511,2
622679,3
850922,3
494451,3
298604,2
633616,2
777584,2
995103,3
233269,2
1042783,3
447667,2
327071,2
932351,3
530785,2
159754,3
246970,2
1001765,3
491929,2
286429,3
36243,2
110567,2
342831,3
2579,2
695805,3
113848,2
18752,2
458173,2
954609,2
754993,2
721172,2
994227,2
39644,2
187602,1
292982,2
716784,2
476031,1
177419,2
127502,2
837262,2
207719,2
601961,2
696730,1
815704,2
1025342,2
45393,2
896658,2
669546,3
60972,3
613810,1
1005878,2
394653,3
115577,3
347319,3
558891,3
724369,2
539114,2
58075,2
75019,2
896681,3
1029307,3
149050,3
564899,2
708098,2
779782,2
961756,2
281167,3
641839,2
976800,3
758821,2
558993,3
659140,2
53550,2
774573,2
705634,2
806395,3
204846,3
295107,3
360899,3
813767,2
244448,2
490209,2
404140,2
326060,2
845682,1
1014617,2
1031425,1
282639,3
737714,3
88328,2
147988,2
486705,2
517722,2
876000,2
1029871,2
571744,1
355788,2
15897,1
959784,2
512061,3
551117,2
271808,1
946899,2
274456,3
497046,2
321257,2
999174,2
614390,2
61757,1
734348,1
379031,2
771643,3
848283,2
44533,2
513510,3
904988,2
601758,2
984872,3
659722,2
926996,3
807282,2
304664,3
527258,1
942594,2
393649,2
1035178,3
373308,2
429089,3
524496,2
567776,2
282202,2
612224,2
429789,2
533975,1
574367,3
511915,3
344261,2
567327,1
651409,2
50783,2
547484,2
4440,2
278014,2
819137,3
855401,2
800122,3
156890,2
120869,3
437975,2
383100,2
1028094,1
76033,2
48456,3
537374,3
927159,2
567569,2
563235,2
799643,1
795622,2
640960,2
22569,2
696942,2
731344,2
602578,2
320138,2
58723,3
597720,2
1024936,2
50840,2
749388,2
432181,2
561697,3
824900,2
198748,2
947031,2
903179,2
664403,3
934493,2
177557,3
888990,2
1027215,1
178253,2
355429,2
656282,3
808766,2
512928,2
218122,3
711314,2
811030,2
1001260,2
525668,2
261317,3
253227,3
180527,3
603429,1
943793,2
340928,3
677768,2
146350,3
521705,2
377880,3
489440,2
371273,3
819363,2
50491,1
166325,3
928292,3
1007362,3
434835,2
444329,2
767464,3
656142,3
20361,2
776414,2
953781,2
843120,2
721709,1
630710,3
600554,2
1015041,3
373986,2
684295,2
948443,2
390705,2
508947,2
381848,1
567386,2
871953,2
398927,2
327026,2
239387,2
566379,2
380020,1
829240,3
82496,3
913013,2
291517,2
18341,2
536211,1
308781,2
637457,2
189829,3
296547,2
873707,1
774061,2
554079,2
184300,2
480881,2
148264,2
572859,1
285602,2
54763,3
775591,2
98358,2
162952,3
988856,2
521087,2
808567,3
115792,2
159254,3
163099,2
607369,1
657317,2
722881,3
532807,2
216226,2
622982,3
405848,2
401637,2
905314,1
369638,2
737189,2
144912,2
497707,2
782015,2
997820,2
179572,3
39194,2
251684,3
272351,3
915653,3
756932,3
462263,3
390035,2
251008,2
457577,3
504575,2
402951,2
55320,2
86633,2
63866,3
431554,2
607771,2
704999,3
258702,1
286297,3
948811,2
814812,3
341391,2
544637,2
137834,3
874817,3
153646,3
594651,3
881376,2
114061,2
961334,2
788259,2
136505,2
646144,3
194429,2
432965,2
387623,3
93662,2
1025136,3
941387,1
635943,1
255358,2
268167,3
326853,3
160023,2
852240,2
315626,2
1009371,2
112097,2
537567,2
89578,2
913730,3
2433,3
740930,2
199386,2
968800,2
336442,2
78555,3
309621,2
215430,2
41689,3
285772,2
436463,3
322963,2
826609,2
912673,2
600628,1
771339,3
320486,2
1045717,2
826048,3
978988,2
668962,3
449872,1
504415,1
337879,3
618211,2
771229,3
195804,2
59750,3
349021,2
926698,2
919847,3
31025,2
496486,1
244316,2
152407,2
883226,2
186526,2
575,3
706621,2
317706,1
181541,3
3941,2
455189,2
636273,3
736848,3
361758,3
114280,2
558593,1
970105,2
152932,3
812024,2
952806,2
123410,2
343128,2
671708,3
792316,2
78460,2
671357,3
271814,1
785873,2
353063,2
563540,2
173968,2
426607,2
562760,2
133603,2
83010,2
254342,2
302071,2
195129,2
182164,3
936527,3
176030,3
769544,2
1226,3
284203,2
289311,2
33564,2
76847,2
497279,2
171968,2
147359,1
275942,2
855542,3
1039586,2
91713,2
377876,3
817322,2
85695,2
681361,2
582367,2
153708,2
56268,2
999915,2
456495,2
494215,2
625597,3
922768,2
862834,2
588823,2
290909,1
1043893,3
800089,2
1031168,3
1017794,2
545091,2
251524,2
936883,3
901395,2
239000,3
1037043,3
261230,2
674668,3
756382,2
558970,2
496471,2
603115,2
83580,2
224921,2
536663,2
896372,3
426680,2
25016,3
758942,1
972406,3
156698,3
1021389,3
262636,3
622780,3
722555,2
497498,2
55031,2
65037,2
548430,3
239603,2
138303,1
1005278,3
126901,3
481716,3
798846,2
149033,2
200615,2
566222,2
254185,2
1010805,2
257331,2
828293,2
952496,2
476489,3
60982,2
414502,2
321532,3
207949,3
963792,3
715999,2
997891,3
914379,2
507016,2
354793,1
422625,2
237174,2
894232,2
535395,2
193972,2
278682,2
1032027,3
724344,3
82267,2
718859,2
771912,3
681686,3
423644,2
680381,2
499580,3
546574,2
224280,2
65517,2
467770,2
230309,3
947520,2
175227,2
739107,3
209334,2
46589,2
54648,3
359241,2
763454,2
404146,2
528676,2
46216,3
617847,2
299416,2
338684,3
933790,3
103754,2
994934,2
398494,3
670857,3
812337,2
562190,2
961452,3
213415,3
666949,3
30948,2
521623,3
710808,2
330516,2
6522,3
616946,2
402115,2
981066,2
1027717,3
417277,2
259921,1
7613,3
489726,3
877544,2
840507,1
823021,2
48698,3
45983,2
469152,1
472946,2
1016322,2
932023,3
941188,2
126086,1
616535,3
861623,2
689804,2
195037,3
708201,2
609672,2
247184,3
689755,2
890130,2
285897,2
709232,2
647848,3
11365,2
338198,2
137764,2
849164,1
515133,3
133902,1
975497,2
348920,2
571452,2
1015378,2
696065,2
211229,2
46058,2
310490,3
64613,2
941872,3
270179,2
517550,1
861263,2
451818,2
477291,2
744427,3
15906,2
810632,2
278650,3
450386,3
468671,1
671436,1
1022980,2
560403,3
893299,3
568505,3
300860,2
465577,2
227124,2
141502,3
1026548,2
88905,3
630567,3
413024,2
584415,2
215727,2
1022009,2
84959,2
66158,2
760727,2
953735,2
190949,2
365867,2
721855,2
78199,2
690946,3
563595,3
1045855,2
364688,2
268249,2
529590,3
644640,3
785905,2
860069,3
610291,2
919567,2
362295,3
598960,3
1026066,3
974394,2
667472,3
507075,2
486750,2
695747,2
661051,2
387702,3
358784,2
809745,1
1041696,2
561458,3
1007232,2
589584,2
689493,3
467443,3
237317,1
283903,2
124252,2
813022,2
864001,2
729190,1
911884,2
91961,2
92842,2
752779,2
710027,2
418513,1
808123,2
381099,2
243945,2
861968,2
723220,2
23330,2
727857,2
515601,2
490601,2
730789,2
757105,2
335999,2
1024581,3
1022092,2
142151,3
627347,3
748736,2
511976,2
573932,2
729117,3
544272,2
438882,1
878210,2
313902,2
963322,2
494528,2
15131,2
802030,3
45429,2
605844,2
1003332,2
337888,2
793691,2
112538,2
534029,2
508642,3
825033,2
958788,2
594814,3
867822,2
362039,2
727794,2
255521,3
345664,2
412300,3
511256,2
63586,3
864293,3
152125,3
434269,2
64301,2
22046,2
495166,3
1003543,2
894975,3
776849,3
613321,2
403118,2
302662,3
183213,2
577024,1
63101,2
214408,3
928625,2
108875,2
407414,2
842394,3
628385,3
362281,2
42883,3
515420,2
349686,2
687597,2
540322,2
792500,2
1041713,2
574549,3
13899,2
460746,2
579193,3
250187,1
76692,2
914442,3
216764,2
432964,3
216268,1
500402,3
591960,3
176769,3
54583,2
629145,3
1000796,2
703100,2
601931,2
874926,3
927302,2
856477,2
484598,2
17660,2
330468,3
953253,2
345617,2
639126,2
27308,2
276506,3
1040632,2
880090,2
82784,3
516295,1
1043082,2
612729,2
681550,2
568405,1
85211,2
397783,2
280940,2
1023782,2
876987,3
491986,2
153831,2
251494,1
673153,2
647114,2
678161,2
342683,2
396917,2
151628,3
809472,3
322671,2
343203,3
482310,2
3426,3
568526,2
1036722,2
815165,3
80427,3
771974,2
1034716,1
799579,2
482951,2
946031,2
171229,3
423759,2
233574,2
936236,3
448469,2
1012135,3
512223,2
64254,2
366199,3
831661,3
18716,3
254182,1
156309,2
563294,3
49866,2
964567,2
893590,2
622429,2
775659,2
315877,3
694402,2
880670,2
992421,2
702477,2
997953,2
699015,2
636545,3
81068,3
765773,3
335808,2
671069,2
271081,1
488794,2
340233,2
917694,3
845243,3
722182,2
1038543,3
55727,2
567832,3
656672,2
514928,2
664001,2
409048,2
4147,3
171519,3
75683,2
141728,3
958276,2
200763,2
578265,2
872295,2
955816,2
985390,3
938845,2
920106,2
10276,2
741302,2
809856,2
812890,3
197498,2
769556,2
584067,3
535726,2
556148,3
767723,2
479491,3
623212,2
802585,2
653157,2
63294,3
267702,3
187587,2
881327,2
383232,2
670224,2
875698,3
140827,3
763758,2
619381,2
639280,2
1019232,1
961530,2
584244,2
302428,3
172985,3
638370,3
976220,2
967203,3
76502,2
593078,3
362509,3
381608,2
769218,3
143830,2
586935,2
27920,2
573693,2
543402,2
686604,3
124008,3
436166,3
562078,2
713797,2
389455,1
1021737,3
412898,2
307814,2
713521,1
261488,2
760155,2
133356,2
113418,2
591226,2
888649,3
252287,2
516828,2
279604,2
733183,3
889219,2
895653,2
52313,2
625046,3
314298,2
501587,2
316463,2
961405,2
483535,2
723681,3
613574,3
818797,2
907045,2
304174,3
1015581,2
980486,2
930442,2
17134,2
743200,2
655223,2
210460,2
64370,2
135009,2
201099,2
326589,2
99382,2
207707,1
268611,2
251196,2
863310,3
187422,2
989178,2
908963,2
973389,2
60563,2
769649,2
534517,1
632463,3
513764,2
544498,2
90518,2
618632,2
706367,3
180188,2
531223,2
593810,2
725492,3
793225,2
914449,1
377551,2
436522,3
923682,2
825832,2
242549,2
370185,2
433853,2
34225,2
987964,3
867320,2
892959,2
278661,1
60310,2
13316,2
80066,3
635699,2
274752,3
233071,2
613003,2
687872,2
909648,2
811219,2
662041,3
785014,2
646873,2
797119,2
649749,1
1042686,2
555268,2
629550,2
497628,2
258153,3
260560,2
943582,3
46016,2
656821,2
445209,2
195543,3
190345,2
584408,2
398811,3
970463,2
236481,2
930895,2
812372,3
931453,2
147578,2
954112,2
651507,2
890612,2
494131,3
910567,2
342378,3
766408,2
313632,2
876731,2
693064,3
946468,2
72088,3
625910,2
1034017,2
865618,2
116031,3
627617,2
698769,2
404554,2
42865,1
573579,2
531443,2
347345,2
743073,2
764467,2
265438,2
727488,2
782500,3
471516,2
478167,2
867471,2
61353,2
424789,2
406107,1
392506,3
39074,2
82427,2
762612,2
692916,2
484413,2
835056,2
441467,3
538025,1
679913,3
94830,3
377476,3
102600,2
963711,1
415301,2
210958,2
1045769,2
791971,2
356260,3
212005,2
245576,2
119231,2
722759,2
1013028,2
647220,2
665839,2
34216,3
859044,3
272557,2
463305,3
365423,1
921189,3
658982,2
159461,1
354983,2
1032640,3
366024,3
133963,2
693907,2
647382,1
570031,2
379669,2
73585,2
21261,3
839121,2
38050,3
227291,2
321143,2
978653,2
2898,2
814501,2
660369,2
608238,2
4161,2
915894,2
175917,1
1036521,2
636863,2
624611,3
681526,3
637803,2
382641,3
479573,1
948182,1
249998,2
175618,3
940226,2
664969,2
544442,2
181627,2
195410,3
688838,2
945178,2
875834,3
354911,2
777183,2
84071,2
993423,2
1048988,3
422961,2
714956,3
798860,2
755830,2
998692,2
519520,2
205200,3
1041503,3
142058,2
866770,2
730400,3
203765,2
734571,2
12245,2
1036094,2
14894,2
719249,3
742900,3
650139,2
755256,2
29030,2
895276,2
156282,3
294626,2
270821,2
145117,1
27612,2
286927,3
809917,2
403309,2
379149,3
641108,2
253091,2
192003,3
576485,3
211505,2
295590,2
428090,3
507155,3
951211,2
492401,2
32320,3
865144,2
948671,2
569598,2
729789,3
984192,3
576395,2
279087,3
102071,1
61234,3
220518,2
291213,2
299352,3
849075,2
1036555,2
370278,2
635267,1
725721,2
582583,1
728278,3
434205,2
285516,3
493256,3
721556,2
42811,2
24673,1
926524,3
392955,1
124345,2
1023818,3
953837,2
540982,3
1029064,2
221655,2
1009843,2
982054,3
501522,3
746089,3
858845,2
64426,2
188937,3
620431,2
82638,3
881515,3
105612,3
54095,2
469058,2
996698,2
102072,3
945304,2
599841,2
980358,3
879337,3
256808,3
396012,3
654966,3
303140,3
478743,2
540653,2
1018532,2
218284,2
764134,2
385560,2
409911,2
538755,2
175476,2
79195,3
142571,2
393750,2
605668,2
258700,2
487463,2
623190,3
744282,2
569826,3
685893,3
977043,1
32521,3
1017830,2
285816,2
537509,2
784730,3
691555,3
440632,3
588717,3
868710,2
791728,2
891734,3
549428,3
794486,2
450255,3
806495,2
425702,2
519988,3
887414,2
133794,2
861678,3
511292,2
300024,3
577828,2
518170,1
200319,2
511918,3
652556,2
331507,2
474681,2
595446,2
38032,2
863454,2
600022,2
153765,2
106829,2
437937,1
572277,2
316034,3
420121,2
646047,3
718679,1
933359,2
20644,2
662641,2
582352,2
547652,2
973298,2
978327,2
635579,3
185185,2
369554,2
466269,2
82905,2
446444,1
861510,3
221703,2
344653,2
711432,2
512135,2
241902,2
812645,3
1045983,1
193907,2
54507,3
33927,3
300901,2
990051,2
42504,2
666918,2
293854,3
1015613,2
160747,3
262293,2
514972,2
807254,2
875247,2
789833,2
661522,1
89421,2
306554,2
48576,2
763339,3
125652,2
901162,3
494311,2
939857,3
855805,2
449785,2
921416,2
815578,3
762445,2
141674,3
39832,3
218475,3
120392,2
398152,2
242714,3
25005,2
276927,2
940834,3
828267,3
506209,2
173664,2
791608,3
67987,2
737134,3
340017,3
232154,2
476340,2
1002482,2
738769,2
630591,2
637685,2
913043,2
105132,2
1004805,1
727637,2
427392,2
264949,3
739993,3
431933,2
202472,3
380856,2
156528,2
953352,2
915492,2
942039,2
358489,2
539334,2
986780,3
990692,1
675009,3
998975,3
655900,2
999690,2
345846,2
911491,2
927773,2
700317,2
952038,2
123250,2
697120,2
1049038,2
913092,3
1022804,2
1029754,2
536465,2
723859,2
832405,2
766804,3
858352,2
879599,3
1033972,2
562245,2
304491,3
532018,2
941653,3
810992,2
207914,2
479915,2
917112,2
656376,2
831459,2
495069,2
535813,2
318604,3
130043,2
486017,3
245338,3
167337,2
50748,2
369236,2
275757,3
498539,2
391538,3
371603,3
820691,2
974627,2
678343,1
202594,2
311433,3
19129,3
128682,2
808907,2
351548,1
714236,3
396563,2
377933,2
777878,3
783817,2
228973,2
273881,2
685132,2
376858,3
328830,2
735840,2
643696,2
1010235,2
760329,1
813355,1
478144,2
544242,2
327333,2
386850,2
396156,3
851991,3
52570,2
211422,1
1047003,3
65897,3
627241,3
668905,2
707472,2
135472,2
869517,2
397877,2
428480,2
773517,2
823789,3
948863,2
968645,2
586125,2
578826,2
237581,2
740750,3
20566,2
669461,3
633461,3
1004229,2
87584,2
321717,2
990565,3
636768,2
256997,3
321705,2
902033,2
604834,3
789880,2
810823,3
593000,3
552859,3
427369,3
55414,2
229362,2
763390,2
321340,2
397506,2
387041,3
149244,2
462314,3
137983,2
50571,2
429086,3
172292,2
530349,2
116146,2
623251,3
573982,2
575980,3
99934,2
191161,2
17634,3
3156,2
24615,2
562974,2
174511,1
726963,2
549008,2
96390,2
1007756,2
492197,3
482582,2
5718,2
353844,2
155535,3
149366,3
122228,2
834765,2
271633,3
1027291,3
314784,2
899532,2
1042611,2
587081,2
270357,2
696397,2
130060,3
143013,2
641274,2
735309,2
708780,3
863518,3
274576,2
222306,2
149458,2
209205,3
708584,3
914929,3
320531,2
239597,3
272075,3
523620,2
726065,1
616576,2
490266,2
637902,3
676928,2
370641,2
620090,2
1048450,2
959267,3
470385,3
504130,3
1017219,1
1037285,3
682428,2
743178,2
784901,2
967610,2
131108,2
740788,2
1000400,2
456500,3
312948,2
19824,1
258892,2
766216,3
15370,2
591364,2
72865,3
909643,3
966319,3
661765,2
694803,2
224469,2
286502,1
240035,2
280746,1
761039,2
703201,2
51394,3
344003,2
610002,3
808008,3
1003240,2
384656,2
534853,2
449471,2
327928,2
895746,2
678807,2
118520,3
689976,3
517400,3
989327,2
92009,2
19316,2
196137,2
823919,2
39501,2
394839,2
8841,1
809646,2
853627,3
167272,3
25689,3
759880,3
508663,2
823730,2
829742,2
919531,2
73512,3
1016527,3
263039,2
89377,2
417459,3
783720,2
592993,2
366883,2
214988,2
252388,2
145035,3
880161,1
717107,2
554285,2
851847,2
685908,3
298657,2
868433,3
41857,2
648495,3
110644,3
40837,3
93921,2
574732,3
1027746,2
57019,2
34916,2
171372,2
937643,2
697290,2
391122,2
1001531,2
162270,3
581674,3
851319,1
341557,2
746291,3
217840,2
687729,2
704032,2
473827,3
382572,2
936219,3
339084,2
140653,2
42095,3
838517,2
152333,2
694210,2
1006233,2
615713,2
760976,2
696783,2
343216,2
300139,2
73215,3
372159,2
47084,2
938196,1
296019,3
209192,2
419598,2
899940,2
83222,3
1022269,2
701631,2
208006,2
683841,3
408956,2
537641,2
544333,2
789180,2
202136,2
290001,3
350813,3
888599,2
93010,3
721316,3
55600,2
1038928,2
209304,2
846559,3
944528,2
332464,2
436822,3
533866,2
676429,2
484256,2
914976,3
998404,2
325709,1
870175,3
170003,3
725801,3
688890,3
449133,2
344679,3
1001395,3
984520,1
676534,3
274557,2
73748,2
900973,3
247799,3
104021,2
545567,2
151020,2
344212,3
1028685,2
19323,3
476332,3
897627,3
630891,3
995776,2
677621,2
192219,2
379930,3
746565,2
964489,3
811264,3
1000185,3
382093,2
431536,3
710832,2
715153,2
560790,3
310963,3
487996,2
30776,3
474842,2
227704,2
1048902,3
780318,2
990780,2
1010604,1
286336,2
54515,2
1024324,2
382128,2
576306,3
460618,2
255428,3
720516,2
914854,2
67568,3
493025,2
15422,2
827928,3
671159,3
158738,2
137594,2
418528,2
595809,2
495919,2
2753,3
832190,2
789048,2
628090,3
171564,2
599288,2
70732,3
58206,2
1052185,2
673546,3
394021,2
1039691,2
27119,3
389354,2
899748,3
700930,3
414207,2
1007439,2
782690,2
780734,2
49638,2
996274,3
11179,3
343433,2
857511,2
312597,3
720668,3
933558,3
1027024,2
937909,3
69871,3
598969,2
511555,2
338320,2
590004,2
288878,2
397127,2
882216,2
368931,1
278289,2
907593,1
296303,2
486496,2
133548,2
696460,2
911408,2
823444,3
208503,2
450125,2
1042035,2
838237,2
636695,3
207082,2
963977,3
1050714,1
302610,1
507080,3
828940,2
24886,3
104278,3
1012344,2
534127,3
929850,3
240792,2
346601,3
1000584,3
922992,2
243364,3
98861,3
927363,2
153295,2
534615,2
168625,3
333051,3
676463,2
760152,3
254783,2
444598,2
601217,2
543911,2
184535,3
594159,2
218845,3
7622,2
972709,2
472907,3
301046,2
826311,2
183117,2
141601,3
722323,2
1044453,2
1265,2
45233,2
424485,2
522668,2
140982,2
520141,2
547753,2
392512,3
808512,3
883946,3
675037,1
262771,2
1043008,3
102891,2
594092,1
123154,3
531347,2
1044708,2
658141,2
778161,3
1028828,2
183967,2
456425,2
432998,3
166180,2
895733,3
848318,2
273161,2
332408,3
452577,2
36007,2
263272,2
201873,2
714868,2
806715,1
259661,2
517883,2
24453,2
444927,1
894153,3
223798,2
700265,2
330032,2
53899,2
1005029,2
718016,2
923781,2
955744,2
928435,3
104340,2
300063,3
890454,2
89531,2
1031834,3
512017,2
660885,1
744356,2
390588,2
454519,3
1051332,2
590265,2
235129,3
290842,3
330371,3
698612,1
445192,2
640115,2
310028,2
663567,2
1049160,2
442785,2
501372,2
